0.0 0.694300 0.446956 0.019076 0.033834
0.0 0.708677 0.629081 0.016125 0.044731
0.0 0.697406 0.601985 0.018399 0.031126
0.0 0.633241 0.619568 0.017018 0.037826
0.0 0.533517 0.193407 0.026466 0.044194
0.0 0.588209 0.407426 0.015999 0.043061
0.0 0.566209 0.272933 0.023949 0.035867
0.0 0.476145 0.237507 0.021575 0.035685
0.0 0.425676 0.688848 0.017253 0.034690
0.0 0.682199 0.693393 0.018481 0.038436
0.0 0.672745 0.788492 0.017993 0.038233
0.0 0.661287 0.833665 0.021512 0.034850
0.0 0.477388 0.806024 0.021512 0.034850
0.0 0.606443 0.937386 0.024328 0.040876
0.0 0.531533 0.984074 0.018760 0.029659
0.0 0.530883 0.976051 0.018399 0.031126
0.0 0.479100 0.863151 0.020944 0.027336
0.0 0.410860 0.818314 0.018886 0.031329
0.0 0.490063 0.974091 0.023101 0.037130
0.0 0.465234 0.986017 0.018291 0.027967
0.0 0.451110 0.934153 0.023399 0.034829
0.0 0.450060 0.974624 0.025537 0.038146
0.0 0.419839 0.965459 0.022631 0.043403
0.0 0.298170 0.713160 0.016657 0.039293
0.0 0.279405 0.329822 0.027251 0.042096
0.0 0.289398 0.556626 0.020493 0.040085
0.0 0.269965 0.561006 0.020556 0.040920
0.0 0.261701 0.514064 0.015385 0.041188
0.0 0.245530 0.495259 0.019030 0.039474
