0.0 0.291800 0.504462 0.018513 0.038995
0.0 0.322692 0.491669 0.015089 0.034358
0.0 0.366753 0.380916 0.017344 0.031049
0.0 0.406580 0.319113 0.020667 0.032188
0.0 0.452101 0.373791 0.020121 0.029528
0.0 0.539465 0.215907 0.019599 0.027741
0.0 0.316956 0.643876 0.022948 0.029754
0.0 0.327050 0.717092 0.022157 0.034924
0.0 0.406230 0.830735 0.014888 0.027364
0.0 0.459610 0.913524 0.021956 0.027930
0.0 0.532136 0.934597 0.018061 0.023256
0.0 0.479555 0.969644 0.022081 0.032301
0.0 0.561822 0.945262 0.020492 0.026068
0.0 0.537041 0.987773 0.022031 0.024455
0.0 0.711668 0.425982 0.016704 0.041467
0.0 0.593544 0.691322 0.025605 0.040435
0.0 0.728899 0.453096 0.016678 0.040593
0.0 0.753313 0.493000 0.016082 0.036183
0.0 0.659736 0.647333 0.022031 0.030553
0.0 0.716293 0.668873 0.016653 0.039718
0.0 0.569020 0.966776 0.019499 0.024243
0.0 0.581795 0.977831 0.023073 0.034125
0.0 0.582611 0.801676 0.020667 0.032188
0.0 0.622047 0.930892 0.022037 0.047128
0.0 0.661166 0.795316 0.018086 0.024130
0.0 0.693157 0.804420 0.018883 0.035535
0.0 0.701190 0.871365 0.015214 0.038731
0.0 0.662109 0.869108 0.015956 0.031811
