0.0 0.215365 0.473611 0.019271 0.039815
0.0 0.250000 0.457407 0.015625 0.035185
0.0 0.302344 0.336111 0.018229 0.031481
0.0 0.348438 0.267130 0.021875 0.032407
0.0 0.397135 0.321296 0.021354 0.029630
0.0 0.498958 0.146296 0.020833 0.027778
0.0 0.238802 0.619444 0.024479 0.029630
0.0 0.247656 0.696296 0.023438 0.035185
0.0 0.331771 0.810185 0.015625 0.027778
0.0 0.388281 0.893519 0.023438 0.027778
0.0 0.467969 0.909722 0.019271 0.023148
0.0 0.408594 0.951389 0.023438 0.032407
0.0 0.500521 0.918519 0.021875 0.025926
0.0 0.471615 0.968981 0.023438 0.030556
0.0 0.683073 0.354630 0.017188 0.042593
0.0 0.543750 0.646296 0.027083 0.040741
0.0 0.701302 0.381944 0.017188 0.041667
0.0 0.727083 0.422222 0.016667 0.037037
0.0 0.618490 0.593981 0.023438 0.030556
0.0 0.680469 0.612037 0.017188 0.040741
0.0 0.507812 0.940741 0.020833 0.024074
0.0 0.521615 0.951389 0.024479 0.034259
0.0 0.528125 0.764352 0.021875 0.032407
0.0 0.567708 0.898148 0.022917 0.048148
0.0 0.615365 0.750926 0.019271 0.024074
0.0 0.650521 0.757870 0.019792 0.036111
0.0 0.657292 0.828241 0.015625 0.039815
0.0 0.614062 0.829167 0.016667 0.032407
