0.0 0.731771 0.706481 0.020833 0.027778
0.0 0.779167 0.483796 0.014583 0.036111
0.0 0.728125 0.665741 0.016667 0.031481
0.0 0.732812 0.533796 0.015625 0.034259
0.0 0.742448 0.312963 0.022396 0.031481
0.0 0.685937 0.225000 0.017708 0.033333
0.0 0.690625 0.193519 0.021875 0.025926
0.0 0.697396 0.336574 0.018750 0.032407
0.0 0.612240 0.347685 0.015104 0.036111
0.0 0.611719 0.087037 0.023438 0.031481
0.0 0.468229 0.133333 0.023958 0.031481
0.0 0.315365 0.349537 0.006771 0.032407
0.0 0.279687 0.397222 0.018750 0.044444
0.0 0.661719 0.788889 0.019271 0.029630
0.0 0.634375 0.793981 0.017708 0.017593
0.0 0.551563 0.809722 0.017708 0.025000
0.0 0.545312 0.830556 0.020833 0.025926
0.0 0.627604 0.930556 0.020833 0.027778
0.0 0.610677 0.915278 0.023438 0.032407
0.0 0.575781 0.965278 0.021354 0.028704
0.0 0.542708 0.971759 0.023958 0.030556
0.0 0.502344 0.954167 0.021354 0.028704
0.0 0.497135 0.939352 0.023438 0.025000
0.0 0.477083 0.838889 0.020833 0.025926
0.0 0.381250 0.857870 0.022917 0.026852
0.0 0.378385 0.881019 0.021354 0.030556
0.0 0.326042 0.591667 0.014583 0.038889
0.0 0.352604 0.691204 0.012500 0.036111
0.0 0.332031 0.775463 0.022396 0.056481
0.0 0.308854 0.761111 0.017708 0.044444
