0.0 0.235417 0.391667 0.021875 0.037037
0.0 0.243490 0.712500 0.019271 0.043519
0.0 0.396094 0.343056 0.015104 0.041667
0.0 0.569531 0.193981 0.021354 0.030556
0.0 0.679948 0.268981 0.018229 0.026852
0.0 0.563542 0.126389 0.017708 0.028704
0.0 0.676042 0.355093 0.018750 0.039815
0.0 0.723698 0.619444 0.016146 0.033333
0.0 0.653125 0.451389 0.016667 0.045370
0.0 0.635417 0.575926 0.014583 0.037037
0.0 0.333073 0.758796 0.014063 0.034259
0.0 0.317188 0.858333 0.016667 0.035185
0.0 0.340104 0.820833 0.017708 0.028704
0.0 0.366927 0.867130 0.019271 0.025000
0.0 0.404948 0.950926 0.022396 0.029630
0.0 0.422656 0.956019 0.022396 0.026852
0.0 0.421354 0.811574 0.019792 0.028704
0.0 0.406771 0.846296 0.013542 0.016667
0.0 0.524219 0.761574 0.024479 0.026852
0.0 0.544531 0.907407 0.021354 0.024074
0.0 0.530469 0.929630 0.023438 0.044444
0.0 0.702083 0.665741 0.022917 0.042593
0.0 0.674479 0.718056 0.020833 0.028704
0.0 0.628646 0.752315 0.014583 0.037963
0.0 0.560677 0.942130 0.017188 0.036111
0.0 0.581771 0.927778 0.017708 0.038889
0.0 0.667708 0.815278 0.016667 0.037963
0.0 0.613021 0.836574 0.019792 0.041667
