0.0 0.276141 0.479817 0.023974 0.039431
0.0 0.299556 0.794237 0.021636 0.045448
0.0 0.437026 0.409929 0.017316 0.043054
0.0 0.606106 0.239485 0.023137 0.032985
0.0 0.721806 0.298071 0.019788 0.028913
0.0 0.596817 0.173833 0.019346 0.030663
0.0 0.721923 0.383296 0.020931 0.041733
0.0 0.782861 0.636728 0.017979 0.035001
0.0 0.703214 0.481150 0.019079 0.046910
0.0 0.691136 0.606062 0.016568 0.038429
0.0 0.392736 0.827457 0.015908 0.035625
0.0 0.381323 0.927532 0.018596 0.036894
0.0 0.402819 0.887503 0.019346 0.030663
0.0 0.432257 0.929348 0.020758 0.027235
0.0 0.474846 0.995213 0.024151 0.009575
0.0 0.493073 0.997183 0.024020 0.005633
0.0 0.484900 0.867231 0.021463 0.030949
0.0 0.471736 0.903383 0.014544 0.018252
0.0 0.587003 0.803922 0.026135 0.029772
0.0 0.614549 0.944553 0.022830 0.026611
0.0 0.601321 0.968341 0.025912 0.046930
0.0 0.763104 0.685231 0.025295 0.045038
0.0 0.737549 0.740474 0.022520 0.031092
0.0 0.692624 0.780465 0.016611 0.039340
0.0 0.632594 0.976483 0.019169 0.037876
0.0 0.653337 0.959469 0.019829 0.040680
0.0 0.735283 0.837019 0.018728 0.039626
0.0 0.680750 0.865479 0.022078 0.043698
