0.0 0.710888 0.545164 0.014415 0.026144
0.0 0.714606 0.575445 0.025255 0.036285
0.0 0.690865 0.495174 0.015467 0.033721
0.0 0.707851 0.485008 0.019323 0.028687
0.0 0.671951 0.335359 0.013010 0.032028
0.0 0.645310 0.307274 0.018843 0.029527
0.0 0.549574 0.400648 0.016848 0.025312
0.0 0.451125 0.441859 0.017311 0.022789
0.0 0.665457 0.763725 0.016964 0.037093
0.0 0.679789 0.781340 0.020770 0.027011
0.0 0.654895 0.855494 0.016344 0.023627
0.0 0.608577 0.763112 0.018279 0.021951
0.0 0.485312 0.788012 0.017336 0.025314
0.0 0.506420 0.848938 0.019281 0.024480
0.0 0.471462 0.892838 0.017816 0.024474
0.0 0.399735 0.699574 0.014970 0.032877
0.0 0.334896 0.757901 0.018876 0.032893
0.0 0.381272 0.191363 0.017528 0.044668
0.0 0.280948 0.339034 0.013894 0.022775
0.0 0.245852 0.467508 0.011545 0.032022
0.0 0.245334 0.612255 0.020465 0.045521
0.0 0.289139 0.795953 0.020290 0.027850
0.0 0.464421 0.945883 0.019331 0.029529
0.0 0.473980 0.974457 0.024212 0.029548
0.0 0.420392 0.961208 0.018909 0.036259
0.0 0.338784 0.903891 0.023649 0.021973
0.0 0.378148 0.910464 0.015517 0.038770
