0.0 0.283974 0.624283 0.016142 0.031153
0.0 0.282493 0.656558 0.027748 0.044787
0.0 0.300558 0.566783 0.017637 0.039258
0.0 0.282488 0.561486 0.021282 0.035219
0.0 0.307654 0.396657 0.015040 0.036790
0.0 0.332644 0.359677 0.020840 0.035941
0.0 0.437238 0.426634 0.018573 0.031016
0.0 0.540624 0.439112 0.018903 0.028558
0.0 0.346871 0.835284 0.019350 0.043169
0.0 0.333618 0.857756 0.022662 0.033922
0.0 0.364611 0.926465 0.017965 0.029133
0.0 0.404744 0.817373 0.019843 0.027982
0.0 0.532158 0.805537 0.019070 0.031162
0.0 0.515302 0.874616 0.021004 0.030879
0.0 0.554240 0.909149 0.019512 0.030440
0.0 0.612568 0.688575 0.017084 0.038243
0.0 0.683032 0.728870 0.021062 0.039413
0.0 0.592688 0.160241 0.020348 0.051127
0.0 0.706085 0.281652 0.015422 0.027534
0.0 0.751602 0.403133 0.013547 0.036351
0.0 0.763146 0.551856 0.023387 0.052873
0.0 0.732522 0.754108 0.022220 0.034644
0.0 0.565447 0.961570 0.021337 0.036087
0.0 0.557888 0.987544 0.026309 0.024911
0.0 0.611447 0.963956 0.021284 0.042886
0.0 0.690185 0.880210 0.025312 0.029591
0.0 0.650601 0.898930 0.017970 0.044466
