0 0.240885 0.340278 0.014063 0.028704
0 0.226562 0.408796 0.011458 0.026852
0 0.255208 0.587037 0.014583 0.031481
0 0.355208 0.372222 0.016667 0.027778
0 0.457813 0.111111 0.021875 0.031481
0 0.568229 0.106019 0.018750 0.041667
0 0.585677 0.212500 0.017188 0.032407
0 0.710677 0.348611 0.021354 0.034259
0 0.726562 0.391667 0.015625 0.031481
0 0.272917 0.803704 0.014583 0.033333
0 0.341406 0.807870 0.013021 0.023148
0 0.438281 0.704167 0.017188 0.028704
0 0.518490 0.708333 0.021354 0.022222
0 0.719531 0.500926 0.014063 0.035185
0 0.601823 0.778704 0.015104 0.029630
0 0.639844 0.825000 0.016146 0.046296
0 0.587500 0.896296 0.017708 0.031481
0 0.407031 0.824537 0.013021 0.019444
0 0.320833 0.874074 0.017708 0.024074
0 0.380990 0.891667 0.018229 0.022222
0 0.369792 0.936574 0.021875 0.030556
0 0.443750 0.935185 0.018750 0.022222
0 0.460156 0.889352 0.020313 0.019444
0 0.459115 0.906944 0.019271 0.025000
0 0.485156 0.925463 0.019271 0.021296
0 0.523438 0.924537 0.020833 0.041667
0 0.517708 0.957407 0.020833 0.033333
