0.0 0.308319 0.445227 0.013498 0.029548
0.0 0.296432 0.512357 0.011064 0.027341
0.0 0.326206 0.675335 0.014030 0.032258
0.0 0.414217 0.455132 0.015879 0.029135
0.0 0.503746 0.190821 0.020746 0.033547
0.0 0.605340 0.166500 0.018061 0.042598
0.0 0.623436 0.263803 0.016447 0.033591
0.0 0.741150 0.370027 0.020319 0.036074
0.0 0.756599 0.407811 0.014989 0.032442
0.0 0.346639 0.876473 0.014065 0.034004
0.0 0.409796 0.868292 0.012433 0.024125
0.0 0.497043 0.753396 0.016376 0.030100
0.0 0.570994 0.743143 0.020090 0.024726
0.0 0.752203 0.512061 0.013621 0.035658
0.0 0.649081 0.794755 0.014474 0.030605
0.0 0.684979 0.831680 0.015751 0.046502
0.0 0.638128 0.908151 0.016908 0.032810
0.0 0.470553 0.872404 0.012362 0.020633
0.0 0.392109 0.934346 0.016767 0.025827
0.0 0.447847 0.940297 0.017212 0.024173
0.0 0.438388 0.984138 0.020728 0.031724
0.0 0.506476 0.970229 0.017691 0.024265
0.0 0.520714 0.924118 0.019078 0.021923
0.0 0.520090 0.940887 0.018224 0.026977
0.0 0.544426 0.953743 0.018154 0.023484
0.0 0.579665 0.946102 0.019980 0.042966
0.0 0.575013 0.978104 0.019821 0.035109
