0.0 0.759115 0.340278 0.014063 0.028704
0.0 0.773438 0.408796 0.011458 0.026852
0.0 0.744792 0.587037 0.014583 0.031481
0.0 0.644792 0.372222 0.016667 0.027778
0.0 0.542187 0.111111 0.021875 0.031481
0.0 0.431771 0.106019 0.018750 0.041667
0.0 0.414323 0.212500 0.017188 0.032407
0.0 0.289323 0.348611 0.021354 0.034259
0.0 0.273438 0.391667 0.015625 0.031481
0.0 0.727083 0.803704 0.014583 0.033333
0.0 0.658594 0.807870 0.013021 0.023148
0.0 0.561719 0.704167 0.017188 0.028704
0.0 0.481510 0.708333 0.021354 0.022222
0.0 0.280469 0.500926 0.014063 0.035185
0.0 0.398177 0.778704 0.015104 0.029630
0.0 0.360156 0.825000 0.016146 0.046296
0.0 0.412500 0.896296 0.017708 0.031481
0.0 0.592969 0.824537 0.013021 0.019444
0.0 0.679167 0.874074 0.017708 0.024074
0.0 0.619010 0.891667 0.018229 0.022222
0.0 0.630208 0.936574 0.021875 0.030556
0.0 0.556250 0.935185 0.018750 0.022222
0.0 0.539844 0.889352 0.020313 0.019444
0.0 0.540885 0.906944 0.019271 0.025000
0.0 0.514844 0.925463 0.019271 0.021296
0.0 0.476562 0.924537 0.020833 0.041667
0.0 0.482292 0.957407 0.020833 0.033333
