0 0.278646 0.209259 0.014583 0.035185
0 0.322656 0.211574 0.017188 0.025000
0 0.353385 0.354630 0.015104 0.027778
0 0.418490 0.603241 0.016146 0.030556
0 0.267708 0.749074 0.015625 0.031481
0 0.301302 0.820370 0.016146 0.025926
0 0.381510 0.949074 0.017188 0.037037
0 0.570573 0.099074 0.018229 0.038889
0 0.673438 0.269907 0.015625 0.030556
0 0.727344 0.439815 0.018229 0.027778
0 0.723177 0.624537 0.013021 0.030556
0 0.527083 0.725000 0.019792 0.024074
0 0.540625 0.749074 0.022917 0.024074
0 0.474740 0.807407 0.022396 0.029630
0 0.626302 0.703241 0.017188 0.023148
0 0.648177 0.712963 0.015104 0.031481
0 0.644531 0.771759 0.017188 0.025000
0 0.569531 0.831019 0.018229 0.026852
0 0.554167 0.841204 0.015625 0.021296
0 0.518490 0.876389 0.020313 0.026852
0 0.657031 0.819444 0.018229 0.024074
0 0.617188 0.783796 0.015625 0.028704
0 0.454427 0.964352 0.014063 0.019444
0 0.464323 0.954630 0.018229 0.025926
0 0.465885 0.974537 0.017188 0.026852
0 0.437500 0.943981 0.020833 0.023148
0 0.425521 0.888889 0.016667 0.033333
0 0.442969 0.914352 0.010937 0.032407
