0.0 0.721354 0.209259 0.014583 0.035185
0.0 0.677344 0.211574 0.017188 0.025000
0.0 0.646615 0.354630 0.015104 0.027778
0.0 0.581510 0.603241 0.016146 0.030556
0.0 0.732292 0.749074 0.015625 0.031481
0.0 0.698698 0.820370 0.016146 0.025926
0.0 0.618490 0.949074 0.017188 0.037037
0.0 0.429427 0.099074 0.018229 0.038889
0.0 0.326562 0.269907 0.015625 0.030556
0.0 0.272656 0.439815 0.018229 0.027778
0.0 0.276823 0.624537 0.013021 0.030556
0.0 0.472917 0.725000 0.019792 0.024074
0.0 0.459375 0.749074 0.022917 0.024074
0.0 0.525260 0.807407 0.022396 0.029630
0.0 0.373698 0.703241 0.017188 0.023148
0.0 0.351823 0.712963 0.015104 0.031481
0.0 0.355469 0.771759 0.017188 0.025000
0.0 0.430469 0.831019 0.018229 0.026852
0.0 0.445833 0.841204 0.015625 0.021296
0.0 0.481510 0.876389 0.020313 0.026852
0.0 0.342969 0.819444 0.018229 0.024074
0.0 0.382812 0.783796 0.015625 0.028704
0.0 0.545573 0.964352 0.014063 0.019444
0.0 0.535677 0.954630 0.018229 0.025926
0.0 0.534115 0.974537 0.017188 0.026852
0.0 0.562500 0.943981 0.020833 0.023148
0.0 0.574479 0.888889 0.016667 0.033333
0.0 0.557031 0.914352 0.010937 0.032407
