0.0 0.265225 0.441083 0.018428 0.039632
0.0 0.313013 0.407469 0.017506 0.035465
0.0 0.262210 0.596602 0.018022 0.035670
0.0 0.298557 0.656396 0.019684 0.032527
0.0 0.358546 0.716295 0.017414 0.029725
0.0 0.421506 0.736647 0.016077 0.026342
0.0 0.457968 0.301591 0.017294 0.038233
0.0 0.544958 0.058259 0.025346 0.044280
0.0 0.571864 0.454545 0.029146 0.057194
0.0 0.379806 0.823712 0.018042 0.026173
0.0 0.369866 0.947098 0.020817 0.033928
0.0 0.572825 0.833830 0.014619 0.031467
0.0 0.711286 0.232026 0.016483 0.030306
0.0 0.722937 0.585654 0.018447 0.030135
0.0 0.732961 0.619017 0.015855 0.033859
0.0 0.708463 0.908292 0.015744 0.037617
0.0 0.631401 0.983617 0.023362 0.032767
0.0 0.452756 0.992985 0.017940 0.014030
0.0 0.570817 0.992360 0.018640 0.015281
0.0 0.587747 0.991285 0.017598 0.017430
0.0 0.601845 0.978352 0.014527 0.025727
0.0 0.617987 0.970325 0.016686 0.032288
0.0 0.652735 0.835650 0.015855 0.033859
