0 0.328385 0.129630 0.009896 0.024074
0 0.341406 0.110185 0.010937 0.022222
0 0.385677 0.096296 0.015104 0.024074
0 0.485417 0.156019 0.016667 0.025000
0 0.513802 0.104167 0.017188 0.028704
0 0.246094 0.329630 0.011979 0.020370
0 0.244792 0.394907 0.011458 0.021296
0 0.272135 0.420833 0.008854 0.023148
0 0.281250 0.432407 0.015625 0.027778
0 0.375000 0.331019 0.009375 0.023148
0 0.620833 0.156944 0.009375 0.015741
0 0.713281 0.670833 0.014063 0.034259
0 0.344271 0.631944 0.013542 0.028704
0 0.217708 0.555093 0.013542 0.030556
0 0.240625 0.629167 0.016667 0.030556
0 0.386458 0.746759 0.012500 0.015741
0 0.375000 0.893056 0.014583 0.032407
0 0.391146 0.945370 0.012500 0.029630
0 0.409375 0.925463 0.017708 0.030556
0 0.446094 0.925463 0.017188 0.023148
0 0.507552 0.774074 0.015104 0.020370
0 0.537500 0.752315 0.016667 0.026852
0 0.577604 0.754167 0.010417 0.025000
0 0.550521 0.826852 0.014583 0.033333
0 0.484375 0.885648 0.016667 0.017593
0 0.443490 0.948148 0.022396 0.022222
0 0.517188 0.920833 0.018750 0.023148
0 0.534375 0.929630 0.018750 0.025926
0 0.663802 0.813426 0.014063 0.030556
