0 0.423177 0.093519 0.018229 0.027778
0 0.366406 0.285185 0.009896 0.031481
0 0.254688 0.411574 0.016667 0.023148
0 0.302604 0.484722 0.017708 0.032407
0 0.291927 0.594907 0.016146 0.036111
0 0.313281 0.560648 0.014063 0.032407
0 0.355469 0.522222 0.013021 0.033333
0 0.409896 0.285185 0.014583 0.022222
0 0.458073 0.282407 0.014063 0.027778
0 0.494010 0.104630 0.018229 0.027778
0 0.572396 0.099537 0.015625 0.037963
0 0.716146 0.362500 0.016667 0.034259
0 0.654687 0.427315 0.016667 0.036111
0 0.726562 0.434722 0.015625 0.034259
0 0.674740 0.679167 0.018229 0.025000
0 0.240625 0.640278 0.013542 0.028704
0 0.301302 0.849074 0.020313 0.044444
0 0.343490 0.907407 0.017188 0.033333
0 0.369271 0.909722 0.019792 0.023148
0 0.405729 0.878704 0.011458 0.022222
0 0.415365 0.919907 0.011979 0.032407
0 0.448958 0.950000 0.017708 0.044444
0 0.478906 0.943981 0.019271 0.023148
0 0.560677 0.856481 0.017188 0.022222
0 0.615365 0.728704 0.014063 0.029630
0 0.616406 0.792593 0.020313 0.035185
0 0.690365 0.739815 0.013021 0.033333
0 0.269271 0.521759 0.013542 0.041667
