0.0 0.481797 0.140521 0.019339 0.030348
0.0 0.552008 0.316656 0.012056 0.032432
0.0 0.666367 0.419268 0.017468 0.025559
0.0 0.629409 0.499167 0.019301 0.034757
0.0 0.649652 0.604425 0.018222 0.038076
0.0 0.626835 0.574984 0.015962 0.034093
0.0 0.584533 0.545285 0.015095 0.034803
0.0 0.512162 0.324580 0.015471 0.024278
0.0 0.467757 0.330656 0.015522 0.029589
0.0 0.417953 0.164238 0.019339 0.030348
0.0 0.345650 0.173566 0.017920 0.039783
0.0 0.238907 0.455606 0.018523 0.036369
0.0 0.301371 0.507468 0.018699 0.038171
0.0 0.236221 0.527771 0.017568 0.036179
0.0 0.306908 0.756158 0.019075 0.027645
0.0 0.700964 0.639220 0.015133 0.030395
0.0 0.665193 0.853422 0.022831 0.046943
0.0 0.632077 0.917863 0.018913 0.035563
0.0 0.608675 0.924813 0.020332 0.026128
0.0 0.572327 0.901278 0.012608 0.023708
0.0 0.567410 0.943122 0.014052 0.033713
0.0 0.539488 0.977644 0.020444 0.044713
0.0 0.511477 0.978122 0.019854 0.026033
0.0 0.428249 0.907890 0.017858 0.024753
0.0 0.366012 0.793536 0.015698 0.031391
0.0 0.371124 0.855886 0.021952 0.037934
0.0 0.298350 0.818012 0.015095 0.034803
0.0 0.663466 0.529128 0.016363 0.043007
