0 0.240104 0.296296 0.015625 0.022222
0 0.215625 0.453241 0.016667 0.032407
0 0.221094 0.482407 0.021354 0.029630
0 0.217448 0.523611 0.017188 0.023148
0 0.263281 0.495370 0.015104 0.033333
0 0.238542 0.503704 0.012500 0.029630
0 0.219792 0.603241 0.014583 0.028704
0 0.299740 0.721759 0.016146 0.030556
0 0.296615 0.299074 0.016146 0.033333
0 0.309115 0.325926 0.010937 0.025926
0 0.443750 0.160648 0.017708 0.030556
0 0.385417 0.254630 0.016667 0.033333
0 0.464583 0.275463 0.018750 0.028704
0 0.567448 0.129630 0.016146 0.031481
0 0.568229 0.093519 0.018750 0.035185
0 0.366146 0.656481 0.022917 0.022222
0 0.310937 0.873148 0.019792 0.031481
0 0.401823 0.921296 0.017188 0.042593
0 0.407292 0.930556 0.027083 0.024074
0 0.445312 0.848148 0.016667 0.016667
0 0.530990 0.701852 0.015104 0.022222
0 0.726562 0.400000 0.015625 0.029630
0 0.724219 0.598611 0.015104 0.037963
0 0.657552 0.561574 0.011979 0.039815
0 0.547396 0.880556 0.023958 0.025926
0 0.637500 0.734722 0.014583 0.023148
0 0.700521 0.706019 0.015625 0.028704
0 0.651302 0.783796 0.015104 0.026852
0 0.657292 0.806019 0.014583 0.026852
