0.0 0.732190 0.476316 0.015344 0.027766
0.0 0.612613 0.342131 0.013960 0.033159
0.0 0.718991 0.646821 0.015921 0.029687
0.0 0.657973 0.745544 0.014825 0.027704
0.0 0.657273 0.848761 0.017565 0.032662
0.0 0.589295 0.790576 0.012431 0.033904
0.0 0.632328 0.867593 0.017392 0.027082
0.0 0.536935 0.757134 0.015805 0.025967
0.0 0.524012 0.944872 0.018775 0.021688
0.0 0.548669 0.941941 0.016180 0.021379
0.0 0.446406 0.970899 0.018256 0.021626
0.0 0.431451 0.925543 0.023592 0.026893
0.0 0.500876 0.124879 0.018516 0.029996
0.0 0.442840 0.185447 0.013123 0.022869
0.0 0.395113 0.217255 0.018949 0.027268
0.0 0.229529 0.430144 0.018603 0.032786
0.0 0.344371 0.470624 0.016238 0.023239
0.0 0.234061 0.483738 0.016873 0.027021
0.0 0.283457 0.639801 0.020709 0.033962
0.0 0.245200 0.607482 0.014912 0.030494
0.0 0.308540 0.734354 0.013758 0.026650
0.0 0.284159 0.796520 0.014364 0.029502
0.0 0.304815 0.907932 0.016440 0.029749
0.0 0.332644 0.889690 0.022034 0.026708
0.0 0.351376 0.897262 0.015488 0.032415
0.0 0.421721 0.991784 0.018487 0.016432
0.0 0.406075 0.990354 0.019670 0.019292
