0 0.253385 0.254167 0.014063 0.025000
0 0.251823 0.300000 0.016146 0.025926
0 0.328125 0.315741 0.015625 0.029630
0 0.370312 0.111574 0.015625 0.026852
0 0.511719 0.102315 0.017188 0.026852
0 0.338802 0.576852 0.013021 0.022222
0 0.309115 0.712963 0.015104 0.022222
0 0.286198 0.817130 0.015104 0.032407
0 0.326562 0.798148 0.014583 0.025926
0 0.359896 0.814815 0.012500 0.022222
0 0.353906 0.918056 0.017188 0.028704
0 0.385937 0.900926 0.012500 0.022222
0 0.374219 0.937037 0.016146 0.025926
0 0.455729 0.912963 0.016667 0.027778
0 0.432031 0.944444 0.017188 0.027778
0 0.440885 0.964352 0.018229 0.025000
0 0.485156 0.891667 0.014063 0.027778
0 0.535417 0.791204 0.015625 0.025000
0 0.551823 0.906019 0.019271 0.034259
0 0.549219 0.935648 0.019271 0.028704
0 0.605990 0.889352 0.015104 0.028704
0 0.645312 0.812037 0.015625 0.025926
0 0.689323 0.438889 0.018229 0.035185
0 0.604167 0.182407 0.015625 0.025926
0 0.709896 0.424537 0.017708 0.034259
0 0.670833 0.510185 0.013542 0.027778
0 0.656250 0.725000 0.014583 0.033333
0 0.679427 0.793981 0.016146 0.032407
