0.0 0.305448 0.282702 0.014742 0.025754
0.0 0.302932 0.326372 0.016868 0.026911
0.0 0.379827 0.351334 0.016417 0.030389
0.0 0.426685 0.161367 0.016360 0.027730
0.0 0.569975 0.170840 0.017942 0.027932
0.0 0.385303 0.602664 0.013630 0.022960
0.0 0.352483 0.729106 0.015738 0.023230
0.0 0.327166 0.825847 0.015946 0.032980
0.0 0.368401 0.812910 0.015287 0.026708
0.0 0.401794 0.833187 0.013103 0.022893
0.0 0.393625 0.931237 0.017980 0.029705
0.0 0.426389 0.918992 0.013103 0.022893
0.0 0.413794 0.952040 0.016868 0.026911
0.0 0.496772 0.939564 0.017433 0.028751
0.0 0.472147 0.966626 0.017961 0.028819
0.0 0.480701 0.986831 0.018957 0.026295
0.0 0.526986 0.922994 0.014798 0.028414
0.0 0.579899 0.833344 0.016322 0.025957
0.0 0.594158 0.945377 0.020201 0.035293
0.0 0.590919 0.973402 0.020088 0.029975
0.0 0.649314 0.936446 0.015871 0.029435
0.0 0.690685 0.867536 0.016341 0.026843
0.0 0.742837 0.516051 0.019165 0.036044
0.0 0.661895 0.259494 0.016341 0.026843
0.0 0.763950 0.504980 0.018619 0.035090
0.0 0.722671 0.581900 0.014271 0.028346
0.0 0.703530 0.785639 0.015438 0.033799
0.0 0.725577 0.854676 0.017001 0.033115
