0 0.256250 0.433333 0.016667 0.037037
0 0.309896 0.287500 0.014583 0.028704
0 0.294010 0.329630 0.017188 0.020370
0 0.379688 0.554630 0.019792 0.029630
0 0.387500 0.094444 0.020833 0.029630
0 0.478385 0.190741 0.023438 0.029630
0 0.517708 0.326852 0.015625 0.027778
0 0.668229 0.216204 0.017708 0.030556
0 0.718490 0.387963 0.014063 0.031481
0 0.659896 0.480556 0.012500 0.038889
0 0.337240 0.743519 0.014063 0.027778
0 0.303646 0.819907 0.020833 0.028704
0 0.367969 0.871759 0.018229 0.021296
0 0.416406 0.965741 0.020313 0.027778
0 0.440885 0.887963 0.019271 0.020370
0 0.536458 0.881019 0.016667 0.026852
0 0.580208 0.704630 0.019792 0.029630
0 0.691667 0.546759 0.015625 0.041667
0 0.714063 0.540278 0.013542 0.039815
0 0.648958 0.681944 0.013542 0.036111
0 0.632552 0.725926 0.019271 0.033333
0 0.694271 0.766667 0.017708 0.031481
0 0.640625 0.821759 0.021875 0.041667
0 0.590885 0.852778 0.025521 0.020370
0 0.580469 0.851852 0.024479 0.027778
0 0.593490 0.867130 0.015104 0.025000
0 0.587240 0.887963 0.019271 0.014815
0 0.514323 0.946296 0.027604 0.020370
0 0.507292 0.963426 0.027083 0.023148
