0.0 0.698236 0.413195 0.018632 0.043931
0.0 0.637206 0.272429 0.016154 0.034497
0.0 0.655236 0.312990 0.018504 0.026328
0.0 0.576015 0.575666 0.021553 0.036890
0.0 0.549633 0.087858 0.022625 0.037171
0.0 0.459922 0.214923 0.025306 0.037874
0.0 0.424872 0.370448 0.017190 0.033793
0.0 0.265529 0.293303 0.019445 0.037313
0.0 0.220641 0.489733 0.015730 0.037313
0.0 0.284643 0.572483 0.014416 0.044778
0.0 0.627236 0.765295 0.015582 0.033371
0.0 0.664859 0.837546 0.022588 0.036185
0.0 0.600718 0.910120 0.019612 0.027595
0.0 0.526311 0.947063 0.020648 0.026891
0.0 0.427660 0.965482 0.018226 0.033088
0.0 0.375597 0.789513 0.021553 0.036890
0.0 0.254580 0.651544 0.017744 0.048579
0.0 0.231269 0.650693 0.015526 0.046045
0.0 0.303928 0.783929 0.015378 0.042101
0.0 0.322568 0.826321 0.021164 0.040691
0.0 0.260664 0.886363 0.019482 0.038297
0.0 0.318078 0.930526 0.024177 0.050267
0.0 0.370512 0.950116 0.027081 0.028579
0.0 0.381197 0.946317 0.026304 0.036184
0.0 0.368403 0.966099 0.016543 0.030694
0.0 0.375666 0.986590 0.020426 0.020977
