0.0 0.650386 0.271070 0.017205 0.044401
0.0 0.711051 0.527138 0.013891 0.045051
0.0 0.665451 0.456437 0.016615 0.039487
0.0 0.660023 0.510620 0.015798 0.045236
0.0 0.709085 0.586352 0.015684 0.040368
0.0 0.633954 0.211687 0.012620 0.031331
0.0 0.578507 0.261939 0.016865 0.029800
0.0 0.540229 0.105651 0.021065 0.026322
0.0 0.398601 0.178889 0.016298 0.025860
0.0 0.310465 0.251333 0.017591 0.040553
0.0 0.293296 0.406653 0.013324 0.041111
0.0 0.556886 0.492813 0.014731 0.040276
0.0 0.641955 0.729930 0.014140 0.035362
0.0 0.681803 0.789482 0.018386 0.033832
0.0 0.618264 0.810274 0.014436 0.027622
0.0 0.590214 0.908601 0.018863 0.033878
0.0 0.615625 0.932968 0.018885 0.034851
0.0 0.565960 0.882660 0.015254 0.021873
0.0 0.559422 0.899391 0.014890 0.026694
0.0 0.502060 0.867390 0.018205 0.026044
0.0 0.562086 0.952303 0.019680 0.028130
0.0 0.439075 0.953005 0.017364 0.030819
0.0 0.406487 0.985526 0.016570 0.028949
0.0 0.320111 0.532345 0.013346 0.042084
0.0 0.264740 0.390884 0.016093 0.037494
0.0 0.253413 0.407103 0.013687 0.036290
0.0 0.311191 0.764914 0.015003 0.031562
0.0 0.370285 0.881624 0.014981 0.030588
0.0 0.373414 0.984084 0.021246 0.031832
