0.0 0.625273 0.230389 0.016316 0.033544
0.0 0.667293 0.319316 0.018617 0.029918
0.0 0.680255 0.366652 0.014405 0.030349
0.0 0.633415 0.367393 0.013512 0.034158
0.0 0.680541 0.675374 0.011601 0.030964
0.0 0.699084 0.638049 0.010182 0.029796
0.0 0.655056 0.841840 0.013078 0.037045
0.0 0.643912 0.870809 0.015355 0.031455
0.0 0.606866 0.827192 0.012574 0.034036
0.0 0.544039 0.396921 0.014875 0.030410
0.0 0.472690 0.222691 0.019544 0.029058
0.0 0.400736 0.219164 0.012574 0.034036
0.0 0.385590 0.104309 0.016819 0.036553
0.0 0.359346 0.123940 0.012540 0.031086
0.0 0.304307 0.652152 0.009290 0.033606
0.0 0.248762 0.609059 0.017232 0.031700
0.0 0.345958 0.769984 0.015756 0.025618
0.0 0.550677 0.870387 0.012495 0.027154
0.0 0.589381 0.991162 0.016728 0.017677
0.0 0.521361 0.995004 0.018250 0.009992
0.0 0.527581 0.959626 0.012919 0.023283
0.0 0.510683 0.999704 0.018227 0.000591
0.0 0.461721 0.895553 0.016638 0.020826
0.0 0.462924 0.993747 0.014806 0.012506
0.0 0.346768 0.799536 0.012003 0.025127
0.0 0.390114 0.901887 0.015745 0.024635
0.0 0.351082 0.868806 0.010617 0.026908
0.0 0.416007 0.997896 0.019165 0.004207
0.0 0.332886 0.915991 0.014383 0.028383
