0.0 0.674669 0.327079 0.015207 0.045146
0.0 0.581946 0.177126 0.018163 0.027248
0.0 0.712065 0.447466 0.018163 0.027248
0.0 0.707098 0.558326 0.013834 0.031995
0.0 0.642360 0.541958 0.013673 0.026435
0.0 0.659718 0.678743 0.012309 0.030797
0.0 0.699449 0.761834 0.013388 0.033756
0.0 0.609627 0.719507 0.018985 0.038456
0.0 0.573831 0.388000 0.018217 0.029101
0.0 0.385871 0.374020 0.018850 0.033824
0.0 0.253453 0.382196 0.017434 0.036332
0.0 0.343437 0.566112 0.018163 0.027248
0.0 0.295281 0.600708 0.010367 0.032289
0.0 0.282280 0.599287 0.012524 0.038209
0.0 0.231601 0.634357 0.013549 0.039316
0.0 0.298266 0.766092 0.015964 0.036987
0.0 0.295539 0.842898 0.013914 0.034773
0.0 0.385173 0.848403 0.014777 0.030322
0.0 0.468298 0.844815 0.017166 0.027067
0.0 0.665994 0.851708 0.012728 0.028108
0.0 0.565604 0.931801 0.018298 0.031881
0.0 0.613730 0.967516 0.017246 0.029847
0.0 0.515363 0.960431 0.015883 0.034208
0.0 0.448315 0.919897 0.014482 0.020131
0.0 0.522950 0.994813 0.024028 0.010373
0.0 0.441232 0.986530 0.022897 0.026940
0.0 0.364058 0.927938 0.025231 0.031291
0.0 0.323353 0.913123 0.019135 0.026502
