0.0 0.670554 0.280982 0.014276 0.043023
0.0 0.572110 0.151866 0.017806 0.024633
0.0 0.712094 0.392516 0.017806 0.024633
0.0 0.710466 0.503601 0.013244 0.030037
0.0 0.644442 0.501120 0.013236 0.024485
0.0 0.666204 0.633190 0.011719 0.029062
0.0 0.708964 0.707211 0.012738 0.031870
0.0 0.616757 0.684299 0.018329 0.035753
0.0 0.570363 0.362885 0.017809 0.026484
0.0 0.379699 0.388973 0.018323 0.031127
0.0 0.245928 0.425241 0.016804 0.033853
0.0 0.342641 0.588648 0.017806 0.024633
0.0 0.294962 0.633223 0.009690 0.030847
0.0 0.281761 0.634577 0.011729 0.036464
0.0 0.231544 0.680159 0.012746 0.037422
0.0 0.303054 0.796734 0.015281 0.034728
0.0 0.302650 0.873544 0.013248 0.032812
0.0 0.393538 0.859951 0.014256 0.028219
0.0 0.477559 0.838716 0.016791 0.024600
0.0 0.677860 0.803525 0.012223 0.026303
0.0 0.578710 0.904362 0.017813 0.029260
0.0 0.628514 0.929577 0.016795 0.027376
0.0 0.528739 0.943459 0.015277 0.031952
0.0 0.459636 0.917484 0.014243 0.018042
0.0 0.537945 0.986195 0.023410 0.027610
0.0 0.454655 0.986631 0.022388 0.026737
0.0 0.374605 0.943379 0.024920 0.027640
0.0 0.332953 0.937329 0.018821 0.023741
