0.0 0.612241 0.151933 0.021293 0.030149
0.0 0.632874 0.185706 0.019615 0.024492
0.0 0.719892 0.380648 0.018654 0.034002
0.0 0.590649 0.309656 0.012217 0.034397
0.0 0.609765 0.397455 0.022368 0.030378
0.0 0.685296 0.488325 0.020332 0.039659
0.0 0.719619 0.698045 0.017093 0.038086
0.0 0.682647 0.696603 0.018612 0.030461
0.0 0.638533 0.638984 0.013885 0.039169
0.0 0.541595 0.834952 0.019087 0.025263
0.0 0.496937 0.958532 0.017547 0.031118
0.0 0.487080 0.855444 0.019625 0.025378
0.0 0.410559 0.726616 0.019825 0.042201
0.0 0.305852 0.654834 0.021356 0.035461
0.0 0.289624 0.288137 0.014877 0.032315
0.0 0.267667 0.460583 0.019909 0.049284
0.0 0.216748 0.556648 0.023445 0.030608
0.0 0.275490 0.664854 0.016660 0.046825
0.0 0.301270 0.768543 0.017114 0.039857
0.0 0.268859 0.833148 0.015541 0.043055
0.0 0.298836 0.836081 0.024448 0.024639
0.0 0.304333 0.844673 0.013685 0.022345
0.0 0.318645 0.891333 0.027391 0.046463
0.0 0.366887 0.865076 0.021778 0.025836
0.0 0.357317 0.876879 0.017515 0.028461
0.0 0.367508 0.917316 0.016439 0.028232
0.0 0.369522 0.973253 0.019203 0.035002
0.0 0.441783 0.991616 0.016344 0.016769
0.0 0.446878 0.151217 0.017599 0.035544
