0.0 0.579271 0.123438 0.016711 0.043120
0.0 0.627476 0.185705 0.020669 0.032467
0.0 0.662963 0.239987 0.018174 0.029287
0.0 0.682173 0.329060 0.014760 0.041974
0.0 0.674615 0.575755 0.012712 0.037832
0.0 0.475040 0.202032 0.024131 0.050662
0.0 0.496095 0.278732 0.016508 0.022186
0.0 0.357247 0.150941 0.019296 0.034354
0.0 0.334031 0.413453 0.017727 0.030249
0.0 0.255355 0.386389 0.017507 0.038200
0.0 0.247485 0.480390 0.012420 0.028845
0.0 0.243863 0.635786 0.010795 0.037685
0.0 0.273520 0.625549 0.016516 0.037128
0.0 0.283564 0.671371 0.013005 0.046820
0.0 0.289795 0.730915 0.013574 0.034910
0.0 0.316594 0.911671 0.013542 0.033912
0.0 0.310234 0.937213 0.021563 0.030543
0.0 0.366491 0.951543 0.018751 0.032320
0.0 0.347593 0.985632 0.017629 0.027253
0.0 0.328889 0.962171 0.023928 0.029729
0.0 0.399864 0.999567 0.015166 0.000865
0.0 0.645408 0.719676 0.011362 0.025775
0.0 0.579489 0.802713 0.015679 0.026107
0.0 0.563622 0.876578 0.013761 0.025959
0.0 0.572155 0.880237 0.012997 0.031878
