0.0 0.397865 0.208594 0.022359 0.028100
0.0 0.374352 0.292708 0.021703 0.031414
0.0 0.433429 0.213259 0.016536 0.024864
0.0 0.482298 0.153453 0.021224 0.036445
0.0 0.710047 0.369141 0.020338 0.027860
0.0 0.440505 0.303184 0.014072 0.020330
0.0 0.352004 0.387825 0.017245 0.031732
0.0 0.332353 0.498907 0.018823 0.027680
0.0 0.311122 0.491602 0.018256 0.031852
0.0 0.284937 0.579309 0.016652 0.030813
0.0 0.334422 0.587803 0.014782 0.027199
0.0 0.457588 0.600715 0.017130 0.025782
0.0 0.454727 0.665558 0.014906 0.018734
0.0 0.464075 0.780523 0.017608 0.020751
0.0 0.374838 0.770778 0.013895 0.018614
0.0 0.331332 0.803409 0.016686 0.021489
0.0 0.333403 0.842766 0.015198 0.026401
0.0 0.374621 0.837240 0.013328 0.022786
0.0 0.564283 0.753333 0.017990 0.029277
0.0 0.622131 0.708067 0.017635 0.025842
0.0 0.631404 0.714820 0.014011 0.024563
0.0 0.728921 0.547816 0.018317 0.027620
0.0 0.760630 0.671526 0.017007 0.034248
0.0 0.694042 0.843511 0.019231 0.041297
0.0 0.621571 0.931362 0.020541 0.034668
0.0 0.563746 0.857563 0.022987 0.019695
0.0 0.594633 0.919902 0.017245 0.031732
0.0 0.521277 0.966799 0.021286 0.032212
