0 0.230990 0.663426 0.013021 0.036111
0 0.292187 0.693056 0.013542 0.025000
0 0.264583 0.495370 0.013542 0.031481
0 0.275260 0.461111 0.010937 0.037037
0 0.427083 0.338889 0.020833 0.038889
0 0.563021 0.162037 0.015625 0.027778
0 0.642969 0.196296 0.016146 0.035185
0 0.719792 0.409259 0.017708 0.029630
0 0.646094 0.385185 0.013021 0.029630
0 0.647135 0.459259 0.013021 0.029630
0 0.680729 0.693056 0.016667 0.032407
0 0.688542 0.754167 0.014583 0.030556
0 0.601823 0.790278 0.023438 0.030556
0 0.599219 0.896759 0.018229 0.034259
0 0.550260 0.887037 0.019271 0.024074
0 0.483854 0.700463 0.015625 0.037963
0 0.455469 0.673148 0.017188 0.029630
0 0.388542 0.777778 0.015625 0.018519
0 0.451042 0.790741 0.013542 0.035185
0 0.306771 0.787500 0.020833 0.032407
0 0.340885 0.816667 0.011979 0.029630
0 0.393750 0.935648 0.018750 0.026852
0 0.411979 0.897685 0.022917 0.021296
0 0.502083 0.845370 0.019792 0.018519
0 0.415104 0.925000 0.017708 0.024074
0 0.463021 0.955556 0.026042 0.025926
0 0.475000 0.089815 0.017708 0.027778
