0.0 0.740044 0.674631 0.015537 0.034955
0.0 0.677610 0.708482 0.015492 0.024663
0.0 0.695983 0.521596 0.015836 0.030697
0.0 0.682997 0.490791 0.013406 0.035604
0.0 0.517710 0.392531 0.023855 0.038341
0.0 0.366137 0.241781 0.017818 0.027462
0.0 0.284337 0.281860 0.018756 0.034412
0.0 0.215295 0.488007 0.020095 0.029400
0.0 0.291099 0.458050 0.015192 0.028920
0.0 0.293944 0.527125 0.015192 0.028920
0.0 0.271222 0.748246 0.019153 0.031879
0.0 0.266296 0.805944 0.016875 0.029942
0.0 0.358915 0.830691 0.026137 0.030849
0.0 0.367293 0.929567 0.020886 0.033763
0.0 0.417985 0.915504 0.021435 0.024387
0.0 0.477533 0.734994 0.018359 0.036946
0.0 0.505771 0.706656 0.019551 0.029347
0.0 0.581328 0.797226 0.017326 0.018842
0.0 0.516646 0.815691 0.016032 0.034146
0.0 0.667371 0.797909 0.023511 0.032305
0.0 0.633239 0.828557 0.014103 0.028814
0.0 0.584264 0.944747 0.021037 0.026920
0.0 0.563182 0.911267 0.025100 0.022174
0.0 0.466162 0.871779 0.021684 0.019268
0.0 0.561364 0.937019 0.019800 0.024227
0.0 0.512869 0.970372 0.028615 0.026804
0.0 0.454366 0.165528 0.019996 0.027676
