0.0 0.672183 0.290187 0.019661 0.028610
0.0 0.714992 0.620433 0.014995 0.040517
0.0 0.702821 0.524987 0.013343 0.027161
0.0 0.703558 0.623601 0.017564 0.031837
0.0 0.670817 0.623812 0.015954 0.035174
0.0 0.651615 0.588524 0.024368 0.033397
0.0 0.581455 0.597042 0.019924 0.037012
0.0 0.613745 0.734260 0.016106 0.031502
0.0 0.580554 0.804341 0.018453 0.031114
0.0 0.601554 0.816396 0.018688 0.028387
0.0 0.629067 0.833323 0.016592 0.031614
0.0 0.587157 0.923603 0.017634 0.027218
0.0 0.582832 0.983601 0.017258 0.032798
0.0 0.578679 0.859407 0.014982 0.034951
0.0 0.487026 0.943101 0.017148 0.027106
0.0 0.493795 0.989596 0.018605 0.020809
0.0 0.374553 0.905721 0.015523 0.024880
0.0 0.297122 0.667426 0.020480 0.032506
0.0 0.323939 0.467037 0.013523 0.034617
0.0 0.488167 0.212269 0.014968 0.029387
0.0 0.484155 0.179016 0.019105 0.033117
0.0 0.251037 0.402541 0.018786 0.034898
0.0 0.229439 0.487345 0.014246 0.032003
0.0 0.305118 0.475267 0.016592 0.031614
0.0 0.279869 0.545239 0.013273 0.031780
0.0 0.275692 0.750339 0.016578 0.026049
0.0 0.339007 0.825183 0.016023 0.030556
0.0 0.324803 0.902032 0.011830 0.037009
0.0 0.338521 0.960192 0.019105 0.033117
