0.0 0.687240 0.300000 0.010937 0.038889
0.0 0.275260 0.565741 0.016146 0.025926
0.0 0.531510 0.827315 0.018229 0.025000
0.0 0.299740 0.663889 0.021354 0.027778
0.0 0.551302 0.968519 0.018229 0.027778
0.0 0.412240 0.901852 0.016146 0.024074
0.0 0.543750 0.833333 0.021875 0.038889
0.0 0.571354 0.842593 0.022917 0.025926
0.0 0.564323 0.280093 0.022396 0.028704
0.0 0.707031 0.737500 0.020313 0.028704
0.0 0.671094 0.145833 0.016146 0.039815
0.0 0.420312 0.841667 0.018750 0.044444
0.0 0.615625 0.415741 0.018750 0.031481
0.0 0.618490 0.814815 0.020313 0.029630
0.0 0.726042 0.240741 0.020833 0.024074
0.0 0.673698 0.892130 0.019271 0.025000
0.0 0.417708 0.371296 0.015625 0.029630
0.0 0.419010 0.608333 0.019271 0.031481
0.0 0.496354 0.805093 0.019792 0.034259
0.0 0.704167 0.864815 0.017708 0.033333
0.0 0.721354 0.466204 0.019792 0.036111
0.0 0.520313 0.152778 0.018750 0.027778
0.0 0.290625 0.653241 0.018750 0.034259
0.0 0.618750 0.909722 0.021875 0.025000
0.0 0.505990 0.781019 0.014063 0.019444
0.0 0.464063 0.861574 0.015625 0.028704
0.0 0.474219 0.881019 0.019271 0.019444
0.0 0.490625 0.911111 0.017708 0.020370
0.0 0.519531 0.904630 0.017188 0.027778
