0.0 0.332325 0.990505 0.020321 0.018989
0.0 0.625082 0.758606 0.019137 0.031383
0.0 0.329026 0.977293 0.023006 0.045414
0.0 0.677992 0.810757 0.017762 0.040833
0.0 0.394430 0.955420 0.020767 0.035913
0.0 0.371504 0.886434 0.022306 0.035449
0.0 0.677264 0.799453 0.015849 0.049107
0.0 0.691966 0.674334 0.013911 0.027603
0.0 0.321615 0.971900 0.018600 0.030206
0.0 0.522386 0.970228 0.018298 0.042010
0.0 0.560305 0.973274 0.016669 0.037482
0.0 0.389357 0.920489 0.022596 0.051425
0.0 0.659580 0.717111 0.021750 0.033273
0.0 0.667485 0.850538 0.020176 0.031740
0.0 0.588996 0.079742 0.015685 0.040120
0.0 0.552641 0.062092 0.019693 0.033559
0.0 0.510174 0.355000 0.021394 0.042081
0.0 0.728712 0.483365 0.018081 0.030028
0.0 0.255483 0.507827 0.018280 0.041011
0.0 0.538558 0.149321 0.019693 0.033559
0.0 0.391896 0.715151 0.018425 0.049000
0.0 0.634176 0.137564 0.018208 0.037018
0.0 0.310630 0.798338 0.025064 0.045327
0.0 0.227870 0.525855 0.012734 0.048037
0.0 0.665357 0.388082 0.014056 0.035591
0.0 0.629598 0.158729 0.013519 0.034414
0.0 0.530315 0.069261 0.022789 0.033630
0.0 0.533267 0.102409 0.016041 0.031312
0.0 0.378055 0.341119 0.011424 0.032702
0.0 0.314908 0.444202 0.020212 0.033737
0.0 0.283040 0.601845 0.014648 0.039763
