0 0.222917 0.521296 0.013542 0.033333
0 0.683854 0.438426 0.014583 0.036111
0 0.367708 0.092130 0.018750 0.030556
0 0.612760 0.793519 0.016146 0.027778
0 0.489844 0.112500 0.018229 0.032407
0 0.435937 0.791667 0.019792 0.020370
0 0.272135 0.512037 0.019271 0.029630
0 0.230208 0.478241 0.013542 0.041667
0 0.680208 0.578704 0.023958 0.020370
0 0.335677 0.874074 0.019271 0.027778
0 0.495833 0.370833 0.019792 0.036111
0 0.261458 0.609259 0.012500 0.031481
0 0.277865 0.810648 0.018229 0.028704
0 0.443490 0.869907 0.017188 0.017593
0 0.310417 0.757870 0.021875 0.034259
0 0.646354 0.757407 0.017708 0.027778
0 0.309896 0.640278 0.018750 0.026852
0 0.716667 0.371296 0.014583 0.048148
0 0.467448 0.923148 0.017188 0.022222
0 0.707031 0.693056 0.020313 0.030556
0 0.269792 0.259259 0.017708 0.029630
0 0.383594 0.150463 0.025521 0.034259
0 0.364323 0.908796 0.019271 0.028704
0 0.545052 0.932407 0.017188 0.020370
0 0.479167 0.334259 0.020833 0.035185
0 0.382292 0.393519 0.019792 0.025926
0 0.425781 0.959259 0.023438 0.027778
0 0.512500 0.070833 0.025000 0.036111
0 0.674479 0.595833 0.016667 0.015741
0 0.651042 0.633796 0.011458 0.030556
0 0.466927 0.866204 0.018229 0.017593
