0.0 0.720998 0.611352 0.013291 0.033590
0.0 0.270249 0.464346 0.014313 0.036377
0.0 0.579955 0.183268 0.018382 0.031733
0.0 0.339305 0.811305 0.015831 0.028715
0.0 0.460461 0.184415 0.017875 0.033409
0.0 0.512266 0.835828 0.019387 0.022239
0.0 0.672868 0.595266 0.018890 0.030934
0.0 0.713924 0.569480 0.013303 0.041485
0.0 0.273624 0.597779 0.023462 0.022858
0.0 0.610222 0.928795 0.018888 0.029179
0.0 0.454252 0.428254 0.019409 0.037151
0.0 0.683179 0.688955 0.012270 0.031681
0.0 0.666857 0.877301 0.017870 0.029901
0.0 0.504771 0.908826 0.016836 0.019221
0.0 0.635088 0.822464 0.021443 0.035706
0.0 0.306495 0.772102 0.017359 0.028947
0.0 0.635758 0.711142 0.018377 0.028224
0.0 0.238244 0.395875 0.014330 0.047780
0.0 0.481265 0.955702 0.016843 0.023606
0.0 0.247232 0.702123 0.019911 0.031966
0.0 0.675504 0.356148 0.017361 0.030701
0.0 0.564337 0.236169 0.025010 0.036248
0.0 0.582155 0.957431 0.018889 0.030056
0.0 0.405344 0.952941 0.016840 0.021852
0.0 0.470603 0.396083 0.020426 0.036428
0.0 0.565280 0.466619 0.019395 0.027502
0.0 0.521972 0.990602 0.022963 0.018795
0.0 0.438357 0.141575 0.024503 0.037925
0.0 0.279204 0.614857 0.016324 0.017389
0.0 0.302077 0.654304 0.011249 0.030650
0.0 0.481852 0.901835 0.017854 0.019376
