0.0 0.520484 0.184850 0.017650 0.036887
0.0 0.441146 0.131071 0.012327 0.031752
0.0 0.455487 0.087776 0.018061 0.030935
0.0 0.303050 0.191318 0.017205 0.039812
0.0 0.656654 0.563421 0.015298 0.040421
0.0 0.339847 0.773047 0.015228 0.034370
0.0 0.241675 0.390328 0.018153 0.039004
0.0 0.297744 0.627418 0.013743 0.030035
0.0 0.555705 0.942844 0.017101 0.030735
0.0 0.684178 0.438352 0.012830 0.033870
0.0 0.644179 0.811873 0.014303 0.037195
0.0 0.639887 0.959900 0.018529 0.030027
0.0 0.478191 0.462301 0.013754 0.031043
0.0 0.238084 0.452971 0.018176 0.041021
0.0 0.263655 0.722439 0.020996 0.036579
0.0 0.561657 0.458579 0.014280 0.035178
0.0 0.302998 0.458964 0.018621 0.038095
0.0 0.341073 0.922225 0.013310 0.033970
0.0 0.632090 0.486854 0.016690 0.036687
0.0 0.686045 0.832177 0.015321 0.042438
0.0 0.615029 0.229223 0.016246 0.039612
0.0 0.284434 0.802744 0.015777 0.040521
0.0 0.389697 0.738164 0.019956 0.029318
0.0 0.683023 0.756079 0.012830 0.033870
0.0 0.634097 0.788136 0.012784 0.029835
0.0 0.584666 0.964482 0.015079 0.021258
0.0 0.299815 0.494525 0.021089 0.044648
