0.0 0.509287 0.180715 0.022014 0.032854
0.0 0.416588 0.149120 0.015710 0.028702
0.0 0.430383 0.103814 0.022146 0.027074
0.0 0.263833 0.242178 0.021674 0.035731
0.0 0.684379 0.510414 0.019552 0.036597
0.0 0.337928 0.792620 0.019136 0.030791
0.0 0.205563 0.449275 0.022701 0.034815
0.0 0.282194 0.663179 0.017214 0.026843
0.0 0.591447 0.901174 0.021050 0.027022
0.0 0.636103 0.975791 0.023527 0.038711
0.0 0.708508 0.383070 0.016397 0.030663
0.0 0.684153 0.752666 0.018248 0.033642
0.0 0.687571 0.896200 0.022625 0.026131
0.0 0.476971 0.458446 0.017284 0.027811
0.0 0.205002 0.510468 0.022840 0.036750
0.0 0.248964 0.763277 0.025780 0.032066
0.0 0.571125 0.433660 0.018109 0.031708
0.0 0.278724 0.499743 0.023180 0.033872
0.0 0.347647 0.935860 0.016945 0.030689
0.0 0.652331 0.442976 0.020918 0.032803
0.0 0.732619 0.761568 0.019691 0.038532
0.0 0.618651 0.199395 0.020579 0.035680
0.0 0.276941 0.835275 0.020100 0.036622
0.0 0.392337 0.746388 0.024198 0.025240
0.0 0.724951 0.689108 0.016397 0.030663
0.0 0.671430 0.732385 0.016119 0.026792
0.0 0.625397 0.914638 0.018234 0.018211
0.0 0.514460 0.999991 0.021390 0.000018
0.0 0.277113 0.534771 0.026335 0.039807
