0.0 0.257031 0.705093 0.013021 0.026852
0.0 0.453906 0.088426 0.022396 0.028704
0.0 0.444792 0.893981 0.019792 0.015741
0.0 0.537500 0.852778 0.019792 0.025926
0.0 0.301042 0.765278 0.012500 0.026852
0.0 0.280208 0.426389 0.014583 0.028704
0.0 0.333854 0.868519 0.019792 0.031481
0.0 0.489583 0.915278 0.019792 0.028704
0.0 0.514062 0.897685 0.018750 0.026852
0.0 0.246094 0.736574 0.017188 0.023148
0.0 0.695833 0.383796 0.019792 0.047222
0.0 0.640365 0.864352 0.017188 0.037963
0.0 0.292708 0.345370 0.017708 0.027778
0.0 0.395833 0.077778 0.018750 0.031481
0.0 0.411458 0.960185 0.020833 0.031481
0.0 0.707812 0.693519 0.020833 0.031481
0.0 0.500000 0.343519 0.010417 0.035185
0.0 0.681771 0.650463 0.014583 0.034259
0.0 0.659896 0.826852 0.015625 0.038889
0.0 0.473958 0.729167 0.018750 0.023148
0.0 0.292187 0.665741 0.016667 0.033333
0.0 0.598177 0.911574 0.019271 0.030556
0.0 0.242188 0.325000 0.013542 0.040741
0.0 0.598698 0.736111 0.016146 0.044444
0.0 0.556250 0.140741 0.018750 0.025926
0.0 0.664844 0.346296 0.022396 0.033333
0.0 0.508854 0.871296 0.022917 0.020370
0.0 0.572656 0.928704 0.022396 0.018519
0.0 0.664844 0.788889 0.011979 0.038889
