0.0 0.326499 0.841851 0.014001 0.024232
0.0 0.648619 0.839981 0.014557 0.027259
0.0 0.483403 0.997013 0.021531 0.005973
0.0 0.290745 0.559872 0.016677 0.033316
0.0 0.592041 0.762854 0.020174 0.032311
0.0 0.569213 0.989903 0.020137 0.020195
0.0 0.730381 0.624971 0.018685 0.033318
0.0 0.487449 0.264520 0.014576 0.028268
0.0 0.581142 0.330001 0.019597 0.028274
0.0 0.477406 0.428999 0.017810 0.040380
0.0 0.374710 0.512356 0.015170 0.033315
0.0 0.451516 0.389677 0.016807 0.040379
0.0 0.352831 0.418543 0.019077 0.027264
0.0 0.474531 0.078876 0.019206 0.034327
0.0 0.350224 0.807518 0.015152 0.032305
0.0 0.305989 0.686991 0.019616 0.029283
0.0 0.699012 0.898448 0.024319 0.039378
0.0 0.745154 0.448883 0.020934 0.046438
0.0 0.414332 0.130907 0.016323 0.041387
0.0 0.732994 0.797510 0.025287 0.037361
0.0 0.772384 0.579520 0.015710 0.035332
0.0 0.339331 0.264683 0.019708 0.034328
0.0 0.645774 0.926759 0.017142 0.031299
0.0 0.450942 0.993500 0.017422 0.013000
0.0 0.303114 0.419102 0.014185 0.034322
0.0 0.274702 0.531133 0.013757 0.038357
0.0 0.282762 0.598223 0.014130 0.031295
