0.0 0.496685 0.876731 0.017552 0.026453
0.0 0.261872 0.332277 0.015388 0.029581
0.0 0.558539 0.942106 0.018243 0.031322
0.0 0.551267 0.213344 0.018759 0.029598
0.0 0.254493 0.633304 0.016644 0.034609
0.0 0.254964 0.755821 0.017061 0.029119
0.0 0.729334 0.822888 0.019499 0.036350
0.0 0.677222 0.863672 0.014330 0.032087
0.0 0.283307 0.837823 0.021122 0.034005
0.0 0.412336 0.988277 0.022821 0.023447
0.0 0.748839 0.732101 0.020755 0.041378
0.0 0.298229 0.898959 0.021371 0.043421
0.0 0.316266 0.906898 0.021321 0.041538
0.0 0.355783 0.889596 0.025234 0.040773
0.0 0.214241 0.678387 0.020680 0.038553
0.0 0.452812 0.389515 0.019375 0.031642
0.0 0.672968 0.484885 0.021172 0.035888
0.0 0.712299 0.701387 0.017801 0.035871
0.0 0.668254 0.263929 0.019350 0.030700
0.0 0.713825 0.794791 0.016519 0.029901
0.0 0.373611 0.948706 0.020457 0.030078
0.0 0.644554 0.805114 0.015463 0.032406
0.0 0.693245 0.451240 0.021247 0.038712
0.0 0.718067 0.580158 0.017210 0.034769
0.0 0.595176 0.882721 0.017502 0.024570
0.0 0.289525 0.364752 0.027939 0.036864
