0 0.622656 0.740278 0.016146 0.025000
0 0.249219 0.527778 0.009896 0.035185
0 0.258333 0.394907 0.015625 0.032407
0 0.299479 0.856944 0.016667 0.034259
0 0.685937 0.661111 0.018750 0.033333
0 0.589844 0.739352 0.020313 0.026852
0 0.306510 0.708796 0.018229 0.030556
0 0.699479 0.418519 0.013542 0.033333
0 0.545312 0.291204 0.014583 0.034259
0 0.666927 0.573148 0.016146 0.037037
0 0.331250 0.903704 0.017708 0.038889
0 0.325781 0.140278 0.015104 0.036111
0 0.351823 0.625926 0.018229 0.033333
0 0.500521 0.931481 0.020833 0.025926
0 0.677604 0.781019 0.015625 0.028704
0 0.728906 0.601852 0.018229 0.031481
0 0.216667 0.512500 0.018750 0.036111
0 0.702083 0.720833 0.017708 0.036111
0 0.280208 0.549537 0.016667 0.028704
0 0.522917 0.866667 0.021875 0.031481
0 0.719792 0.646759 0.015625 0.037963
0 0.408594 0.962500 0.019271 0.036111
0 0.362240 0.939352 0.013021 0.032407
0 0.589323 0.170370 0.018229 0.031481
0 0.388021 0.187037 0.015625 0.029630
0 0.229167 0.455093 0.014583 0.030556
0 0.223958 0.513426 0.011458 0.025000
0 0.290885 0.806944 0.016146 0.025000
