0.0 0.586129 0.348542 0.012041 0.027105
0.0 0.358710 0.299148 0.016790 0.021836
0.0 0.365672 0.667593 0.013988 0.028444
0.0 0.392047 0.806626 0.016530 0.031725
0.0 0.351795 0.625025 0.017312 0.036420
0.0 0.728133 0.797266 0.018279 0.043871
0.0 0.454365 0.253085 0.015737 0.040590
0.0 0.716263 0.851643 0.017819 0.030204
0.0 0.750058 0.456388 0.017845 0.037444
0.0 0.365789 0.248171 0.018477 0.033064
0.0 0.707972 0.813885 0.018129 0.034794
0.0 0.603728 0.952269 0.013331 0.025584
0.0 0.533044 0.808687 0.018762 0.030415
0.0 0.348501 0.583355 0.019829 0.032462
0.0 0.318105 0.745787 0.018911 0.039490
0.0 0.659217 0.941740 0.024218 0.042484
0.0 0.375206 0.759128 0.017001 0.031830
0.0 0.741856 0.724303 0.022494 0.037578
0.0 0.669329 0.829507 0.019010 0.034087
0.0 0.371336 0.355044 0.015426 0.035999
0.0 0.449898 0.937232 0.022283 0.027584
0.0 0.311781 0.365549 0.015054 0.030491
0.0 0.491096 0.177313 0.022495 0.037578
0.0 0.323119 0.703193 0.015426 0.035999
0.0 0.600807 0.933816 0.017137 0.020105
0.0 0.689535 0.834779 0.018104 0.027555
0.0 0.665898 0.895512 0.016158 0.026216
0.0 0.708917 0.735853 0.018886 0.032251
0.0 0.624801 0.297966 0.018265 0.023069
