0 0.595573 0.127778 0.017188 0.024074
0 0.639062 0.700926 0.018750 0.020370
0 0.620052 0.835185 0.017188 0.025926
0 0.568750 0.845370 0.016667 0.014815
0 0.627604 0.496759 0.014583 0.026852
0 0.390885 0.189352 0.017188 0.017593
0 0.547656 0.956481 0.020313 0.018519
0 0.526302 0.887963 0.018229 0.025926
0 0.338802 0.876389 0.022396 0.021296
0 0.271615 0.774537 0.011979 0.030556
0 0.663802 0.826389 0.019271 0.028704
0 0.283333 0.471296 0.018750 0.027778
0 0.363542 0.146759 0.014583 0.025000
0 0.704167 0.553704 0.018750 0.037037
0 0.283073 0.698611 0.020313 0.032407
0 0.509635 0.968519 0.020313 0.024074
0 0.241927 0.544444 0.020313 0.025926
0 0.407031 0.946296 0.020313 0.020370
0 0.685677 0.730093 0.021354 0.034259
0 0.605469 0.910185 0.019271 0.027778
0 0.301823 0.285648 0.020313 0.034259
0 0.287240 0.826852 0.016146 0.033333
0 0.420052 0.324537 0.017188 0.034259
0 0.290104 0.183796 0.021875 0.026852
0 0.335938 0.777778 0.014583 0.027778
0 0.719792 0.609722 0.018750 0.037963
0 0.381771 0.850000 0.018750 0.027778
0 0.658594 0.676852 0.009896 0.025926
