0.0 0.630207 0.117289 0.019711 0.031173
0.0 0.709832 0.728375 0.021160 0.027595
0.0 0.697376 0.879974 0.019818 0.033188
0.0 0.643309 0.905912 0.018618 0.020947
0.0 0.685765 0.509526 0.017097 0.033442
0.0 0.415702 0.243559 0.019335 0.024121
0.0 0.600557 0.964551 0.020928 0.033490
0.0 0.400116 0.995709 0.025098 0.008582
0.0 0.322617 0.914870 0.014538 0.036718
0.0 0.743478 0.857735 0.022199 0.036815
0.0 0.317488 0.581501 0.021590 0.035656
0.0 0.384096 0.205128 0.016989 0.031427
0.0 0.770646 0.549322 0.022128 0.045731
0.0 0.330415 0.828932 0.023524 0.041146
0.0 0.277622 0.673087 0.023148 0.034093
0.0 0.761191 0.746616 0.024741 0.043462
0.0 0.686195 0.965809 0.022145 0.035807
0.0 0.326405 0.374132 0.023632 0.043161
0.0 0.342303 0.967273 0.019139 0.040947
0.0 0.454629 0.382217 0.020303 0.042256
0.0 0.308004 0.266694 0.024866 0.035553
0.0 0.391337 0.899772 0.017151 0.034449
0.0 0.790547 0.605755 0.022182 0.046739
0.0 0.444364 0.965090 0.021590 0.035656
0.0 0.729244 0.696523 0.012049 0.031077
