0.0 0.329965 0.807578 0.017519 0.039147
0.0 0.335104 0.909252 0.021443 0.041055
0.0 0.632659 0.135627 0.022749 0.031961
0.0 0.408737 0.957620 0.025045 0.027819
0.0 0.435330 0.140362 0.022837 0.032925
0.0 0.320990 0.834906 0.018896 0.036662
0.0 0.421275 0.996361 0.019002 0.007278
0.0 0.336050 0.785393 0.020081 0.037895
0.0 0.491628 0.140296 0.023031 0.029206
0.0 0.497987 0.904622 0.020219 0.021924
0.0 0.403296 0.849616 0.022500 0.023427
0.0 0.252951 0.600461 0.023988 0.045447
0.0 0.755789 0.762359 0.021265 0.039128
0.0 0.274585 0.741419 0.027590 0.032212
0.0 0.630427 0.952798 0.021121 0.025912
0.0 0.787145 0.548762 0.033318 0.042095
0.0 0.322443 0.548878 0.023120 0.030170
0.0 0.786643 0.677437 0.024641 0.040900
0.0 0.408460 0.332662 0.022378 0.033753
0.0 0.471683 0.978081 0.020573 0.025777
0.0 0.668365 0.975475 0.023191 0.036778
0.0 0.438384 0.896144 0.024303 0.031403
0.0 0.346998 0.239925 0.028315 0.034273
0.0 0.650106 0.834671 0.020718 0.038993
