0.0 0.511719 0.892130 0.014063 0.023148
0.0 0.281510 0.833796 0.020313 0.023148
0.0 0.652083 0.676852 0.013542 0.022222
0.0 0.655208 0.728704 0.016667 0.031481
0.0 0.288542 0.723148 0.014583 0.031481
0.0 0.380990 0.241667 0.020313 0.031481
0.0 0.388542 0.181944 0.020833 0.028704
0.0 0.626823 0.430556 0.021354 0.033333
0.0 0.533854 0.823611 0.017708 0.025000
0.0 0.552344 0.695370 0.023438 0.035185
0.0 0.623958 0.818981 0.019792 0.032407
0.0 0.686198 0.776852 0.014063 0.035185
0.0 0.564583 0.634259 0.022917 0.027778
0.0 0.566146 0.481481 0.015625 0.022222
0.0 0.278646 0.398611 0.015625 0.026852
0.0 0.408333 0.839352 0.017708 0.025000
0.0 0.248438 0.712037 0.013542 0.031481
0.0 0.504687 0.967593 0.019792 0.024074
0.0 0.705469 0.553241 0.023438 0.034259
0.0 0.467708 0.156481 0.018750 0.027778
0.0 0.541406 0.956944 0.019271 0.037963
0.0 0.227604 0.650000 0.020833 0.035185
0.0 0.380208 0.209722 0.014583 0.021296
0.0 0.296354 0.824074 0.021875 0.024074
0.0 0.542708 0.905556 0.019792 0.022222
0.0 0.560156 0.901389 0.015104 0.023148
0.0 0.609375 0.743981 0.016667 0.023148
0.0 0.628646 0.706481 0.014583 0.024074
0.0 0.630469 0.767130 0.015104 0.034259
