0 0.309115 0.738889 0.013021 0.029630
0 0.272396 0.544907 0.013542 0.032407
0 0.249740 0.486111 0.010937 0.035185
0 0.682292 0.743519 0.017708 0.027778
0 0.585938 0.868981 0.016667 0.023148
0 0.332031 0.768981 0.018229 0.032407
0 0.636198 0.551389 0.015104 0.030556
0 0.324740 0.895370 0.019271 0.037037
0 0.331771 0.252315 0.017708 0.019444
0 0.507552 0.949537 0.020313 0.028704
0 0.547656 0.798611 0.018229 0.023148
0 0.344010 0.917130 0.017188 0.021296
0 0.242448 0.650000 0.019271 0.031481
0 0.282813 0.773611 0.016667 0.028704
0 0.629427 0.738426 0.016146 0.034259
0 0.320052 0.144444 0.021354 0.024074
0 0.504948 0.890278 0.023438 0.034259
0 0.305990 0.855093 0.016146 0.028704
0 0.706510 0.506944 0.023438 0.034259
0 0.430208 0.967593 0.019792 0.029630
0 0.705729 0.708796 0.020833 0.023148
0 0.219271 0.577778 0.018750 0.037037
0 0.433073 0.929630 0.023438 0.025926
0 0.447917 0.940278 0.025000 0.036111
0 0.513281 0.869907 0.018229 0.021296
0 0.666927 0.755093 0.010937 0.036111
