0.0 0.341406 0.661574 0.017188 0.025000
0.0 0.740104 0.738889 0.014583 0.029630
0.0 0.495833 0.871296 0.021875 0.020370
0.0 0.313542 0.467593 0.012500 0.031481
0.0 0.290365 0.347222 0.020313 0.035185
0.0 0.334115 0.723148 0.014063 0.024074
0.0 0.658073 0.210185 0.020313 0.027778
0.0 0.765625 0.700463 0.016667 0.026852
0.0 0.272917 0.563889 0.020833 0.025926
0.0 0.464323 0.706019 0.018229 0.028704
0.0 0.744792 0.459259 0.014583 0.029630
0.0 0.620833 0.930556 0.019792 0.018519
0.0 0.689063 0.196296 0.027083 0.029630
0.0 0.629167 0.817593 0.016667 0.024074
0.0 0.540104 0.941667 0.021875 0.029630
0.0 0.552865 0.856944 0.018229 0.021296
0.0 0.705990 0.588889 0.015104 0.027778
0.0 0.330469 0.797222 0.017188 0.033333
0.0 0.758333 0.309259 0.018750 0.029630
0.0 0.725000 0.643519 0.013542 0.033333
0.0 0.471354 0.955556 0.020833 0.022222
0.0 0.526823 0.732870 0.019271 0.034259
0.0 0.740885 0.300000 0.014063 0.031481
0.0 0.702865 0.368981 0.016146 0.021296
0.0 0.768229 0.455556 0.014583 0.029630
0.0 0.763542 0.567593 0.011458 0.033333
0.0 0.340625 0.574074 0.020833 0.024074
0.0 0.303646 0.408333 0.013542 0.038889
0.0 0.468229 0.900463 0.020833 0.026852
0.0 0.504167 0.931019 0.014583 0.017593
