0.0 0.292436 0.688346 0.017293 0.025383
0.0 0.674564 0.799781 0.014916 0.029532
0.0 0.435246 0.902259 0.021678 0.021432
0.0 0.271183 0.501448 0.012961 0.031092
0.0 0.252319 0.384911 0.020600 0.035355
0.0 0.283626 0.746134 0.014254 0.024206
0.0 0.610770 0.289801 0.020386 0.028320
0.0 0.700279 0.765717 0.016844 0.027093
0.0 0.229233 0.589038 0.020834 0.026610
0.0 0.409648 0.742276 0.018404 0.029000
0.0 0.687169 0.534636 0.014916 0.029532
0.0 0.554039 0.970458 0.019616 0.019476
0.0 0.641048 0.279563 0.026966 0.030724
0.0 0.565340 0.863960 0.016764 0.024454
0.0 0.475891 0.973316 0.021945 0.030227
0.0 0.490643 0.894063 0.018189 0.021964
0.0 0.646014 0.654060 0.015364 0.027823
0.0 0.277969 0.816142 0.017534 0.033298
0.0 0.704561 0.393457 0.018933 0.029930
0.0 0.662761 0.707759 0.014019 0.032950
0.0 0.409211 0.979955 0.020727 0.023092
0.0 0.469125 0.773736 0.019569 0.034376
0.0 0.688008 0.383000 0.014468 0.031241
0.0 0.649360 0.444894 0.016181 0.021766
0.0 0.709871 0.533353 0.014916 0.029532
0.0 0.702113 0.639319 0.012010 0.032752
0.0 0.294213 0.605165 0.020780 0.024851
0.0 0.263356 0.444220 0.014180 0.038227
0.0 0.407791 0.927330 0.020861 0.027490
0.0 0.441554 0.959778 0.014567 0.018100
