0.0 0.459830 0.991896 0.014453 0.016209
0.0 0.552153 0.856183 0.021724 0.026256
0.0 0.711396 0.660952 0.016992 0.029953
0.0 0.607968 0.384007 0.014410 0.034918
0.0 0.690520 0.693630 0.014827 0.027779
0.0 0.623686 0.952733 0.013890 0.035730
0.0 0.457101 0.922831 0.023312 0.025627
0.0 0.666237 0.688563 0.016458 0.029861
0.0 0.372951 0.878050 0.012083 0.022802
0.0 0.218021 0.590468 0.023919 0.030238
0.0 0.474406 0.996655 0.017109 0.006690
0.0 0.575260 0.602278 0.015953 0.031578
0.0 0.347862 0.408780 0.017570 0.032756
0.0 0.373751 0.928037 0.018491 0.023900
0.0 0.426311 0.988019 0.016399 0.023963
0.0 0.644089 0.236112 0.023934 0.031142
0.0 0.635009 0.831859 0.015302 0.024255
0.0 0.253646 0.440222 0.025381 0.054826
0.0 0.512177 0.131484 0.021250 0.029781
0.0 0.570750 0.931427 0.022807 0.027343
0.0 0.248593 0.736648 0.022507 0.041714
0.0 0.717364 0.407282 0.014351 0.031303
0.0 0.223598 0.477221 0.026084 0.032412
0.0 0.474925 0.183562 0.015923 0.029770
0.0 0.721687 0.653651 0.011739 0.034460
0.0 0.633722 0.845233 0.016458 0.029861
0.0 0.641195 0.863282 0.016948 0.027241
