0 0.356510 0.787037 0.017188 0.024074
0 0.278125 0.519907 0.016667 0.026852
0 0.626823 0.668981 0.013021 0.025000
0 0.648177 0.378704 0.013021 0.033333
0 0.542969 0.886574 0.011979 0.021296
0 0.225521 0.404630 0.018750 0.029630
0 0.451562 0.944907 0.012500 0.028704
0 0.513542 0.690278 0.012500 0.019444
0 0.481250 0.951852 0.021875 0.038889
0 0.488281 0.968519 0.019271 0.025926
0 0.357031 0.831481 0.020313 0.022222
0 0.224479 0.372685 0.020833 0.034259
0 0.284896 0.738426 0.017708 0.032407
0 0.298438 0.331944 0.009375 0.030556
0 0.505990 0.712963 0.022396 0.031481
0 0.265365 0.571296 0.018229 0.035185
0 0.437500 0.879630 0.016667 0.024074
0 0.296615 0.864352 0.015104 0.036111
0 0.420052 0.157870 0.017188 0.025000
0 0.720573 0.370833 0.015104 0.028704
0 0.647917 0.817130 0.018750 0.034259
0 0.281510 0.693519 0.017188 0.027778
0 0.501302 0.806481 0.018229 0.022222
0 0.689323 0.743519 0.018229 0.037037
0 0.383854 0.942130 0.019792 0.032407
0 0.726562 0.468519 0.020833 0.035185
0 0.389323 0.230093 0.014063 0.025000
0 0.488542 0.893519 0.018750 0.027778
