0.0 0.643490 0.787037 0.017188 0.024074
0.0 0.721875 0.519907 0.016667 0.026852
0.0 0.373177 0.668981 0.013021 0.025000
0.0 0.351823 0.378704 0.013021 0.033333
0.0 0.457031 0.886574 0.011979 0.021296
0.0 0.774479 0.404630 0.018750 0.029630
0.0 0.548438 0.944907 0.012500 0.028704
0.0 0.486458 0.690278 0.012500 0.019444
0.0 0.518750 0.951852 0.021875 0.038889
0.0 0.511719 0.968519 0.019271 0.025926
0.0 0.642969 0.831481 0.020313 0.022222
0.0 0.775521 0.372685 0.020833 0.034259
0.0 0.715104 0.738426 0.017708 0.032407
0.0 0.701562 0.331944 0.009375 0.030556
0.0 0.494010 0.712963 0.022396 0.031481
0.0 0.734635 0.571296 0.018229 0.035185
0.0 0.562500 0.879630 0.016667 0.024074
0.0 0.703385 0.864352 0.015104 0.036111
0.0 0.579948 0.157870 0.017188 0.025000
0.0 0.279427 0.370833 0.015104 0.028704
0.0 0.352083 0.817130 0.018750 0.034259
0.0 0.718490 0.693519 0.017188 0.027778
0.0 0.498698 0.806481 0.018229 0.022222
0.0 0.310677 0.743519 0.018229 0.037037
0.0 0.616146 0.942130 0.019792 0.032407
0.0 0.273438 0.468519 0.020833 0.035185
0.0 0.610677 0.230093 0.014063 0.025000
0.0 0.511458 0.893519 0.018750 0.027778
