0.0 0.595142 0.855753 0.017587 0.021909
0.0 0.484361 0.866897 0.017067 0.026256
0.0 0.393624 0.931647 0.019743 0.033858
0.0 0.521997 0.990613 0.014429 0.018775
0.0 0.438960 0.861071 0.016517 0.019046
0.0 0.712180 0.788363 0.018675 0.031885
0.0 0.300509 0.386416 0.021859 0.030696
0.0 0.758008 0.631953 0.010697 0.027744
0.0 0.713549 0.671712 0.018680 0.033662
0.0 0.646527 0.202960 0.012818 0.026359
0.0 0.522353 0.761693 0.021330 0.031487
0.0 0.751889 0.737041 0.016016 0.030505
0.0 0.418868 0.926982 0.014936 0.024085
0.0 0.399229 0.214900 0.015494 0.033962
0.0 0.503369 0.996678 0.016561 0.006644
0.0 0.382523 0.608941 0.017098 0.037812
0.0 0.593613 0.528612 0.012820 0.027248
0.0 0.560026 0.979084 0.019197 0.028427
0.0 0.328447 0.871722 0.014396 0.020432
0.0 0.731833 0.788729 0.015503 0.037518
0.0 0.365853 0.383226 0.015477 0.027739
0.0 0.411909 0.745231 0.020284 0.037513
0.0 0.405939 0.990454 0.019200 0.019092
0.0 0.534874 0.948636 0.020781 0.024276
0.0 0.574018 0.909859 0.021370 0.046598
0.0 0.364147 0.930431 0.019204 0.031094
0.0 0.325774 0.777144 0.019207 0.031983
0.0 0.781841 0.557799 0.013370 0.034458
0.0 0.455093 0.281878 0.016002 0.025170
