0.0 0.338410 0.923157 0.017718 0.023846
0.0 0.308170 0.425395 0.018063 0.030117
0.0 0.680230 0.331177 0.014976 0.035377
0.0 0.713324 0.442683 0.019218 0.024791
0.0 0.642060 0.311937 0.022710 0.035638
0.0 0.560669 0.835990 0.014669 0.021060
0.0 0.652261 0.628185 0.018842 0.035507
0.0 0.410806 0.923361 0.019218 0.024791
0.0 0.599030 0.473370 0.018211 0.032804
0.0 0.618869 0.887318 0.018932 0.028358
0.0 0.396712 0.607430 0.015498 0.027348
0.0 0.633976 0.208009 0.018408 0.036387
0.0 0.713399 0.599739 0.014680 0.030003
0.0 0.269348 0.743576 0.016702 0.022917
0.0 0.368670 0.971745 0.024012 0.033000
0.0 0.328564 0.613652 0.023953 0.023163
0.0 0.519073 0.944970 0.020185 0.024824
0.0 0.644125 0.868427 0.015360 0.033601
0.0 0.410296 0.879818 0.018123 0.039954
0.0 0.425547 0.990712 0.021684 0.018575
0.0 0.604036 0.765211 0.018004 0.020279
0.0 0.507584 0.907338 0.020530 0.031094
0.0 0.372578 0.843542 0.021122 0.041844
0.0 0.599400 0.308251 0.015409 0.034497
0.0 0.263664 0.816077 0.017975 0.037267
0.0 0.243274 0.601345 0.017442 0.036354
0.0 0.351150 0.559671 0.020392 0.037348
0.0 0.457906 0.208338 0.014631 0.029107
0.0 0.595811 0.250245 0.015932 0.026468
0.0 0.653209 0.646167 0.012844 0.031728
