0.0 0.670737 0.200447 0.020552 0.035614
0.0 0.718706 0.264061 0.022678 0.047434
0.0 0.411868 0.985933 0.020768 0.028133
0.0 0.713944 0.846745 0.019357 0.034414
0.0 0.765939 0.499432 0.018586 0.038040
0.0 0.692993 0.656463 0.019481 0.042020
0.0 0.717418 0.738329 0.023541 0.032455
0.0 0.291724 0.845532 0.021406 0.032952
0.0 0.726957 0.621748 0.022763 0.048399
0.0 0.705934 0.482125 0.022724 0.041758
0.0 0.784460 0.497976 0.019781 0.039240
0.0 0.598783 0.876992 0.019912 0.034531
0.0 0.478957 0.468154 0.025159 0.038482
0.0 0.753734 0.656406 0.020714 0.049860
0.0 0.284795 0.567221 0.022000 0.039710
0.0 0.454821 0.823837 0.018756 0.039971
0.0 0.323557 0.497073 0.024096 0.032573
0.0 0.328715 0.391742 0.020721 0.037544
0.0 0.751641 0.391332 0.027679 0.036173
0.0 0.547250 0.969015 0.022092 0.028359
0.0 0.568788 0.603065 0.018247 0.034179
0.0 0.399589 0.893042 0.018887 0.035262
0.0 0.252010 0.515640 0.017478 0.037806
0.0 0.686326 0.866843 0.022431 0.032221
0.0 0.569858 0.174571 0.020767 0.031869
0.0 0.719433 0.568268 0.021915 0.038744
0.0 0.694439 0.779081 0.018247 0.034179
