0.0 0.669955 0.238648 0.019167 0.042030
0.0 0.697240 0.284881 0.016606 0.037245
0.0 0.607996 0.366443 0.014917 0.029645
0.0 0.731437 0.628678 0.015642 0.037223
0.0 0.734087 0.478573 0.015130 0.036266
0.0 0.334847 0.525106 0.014015 0.031515
0.0 0.678944 0.930912 0.019376 0.033527
0.0 0.711231 0.585121 0.015551 0.034385
0.0 0.537614 0.224637 0.020248 0.030712
0.0 0.651453 0.855810 0.016424 0.031570
0.0 0.611957 0.467170 0.019102 0.025014
0.0 0.302737 0.658845 0.016454 0.032515
0.0 0.328196 0.640749 0.013532 0.031504
0.0 0.356751 0.501412 0.022780 0.034550
0.0 0.442008 0.978463 0.016693 0.024959
0.0 0.726424 0.832795 0.017782 0.043889
0.0 0.407097 0.664975 0.015673 0.038169
0.0 0.562386 0.972866 0.018559 0.023111
0.0 0.709901 0.423749 0.015581 0.035331
0.0 0.361081 0.328551 0.020217 0.029766
0.0 0.341531 0.868111 0.020730 0.030723
0.0 0.529794 0.806530 0.017387 0.031592
0.0 0.385406 0.695292 0.017448 0.033483
0.0 0.699531 0.738745 0.015191 0.038158
0.0 0.545465 0.941541 0.017626 0.024035
0.0 0.453452 0.381814 0.019224 0.028798
0.0 0.698331 0.656414 0.015251 0.040050
0.0 0.676589 0.467583 0.017782 0.043889
