0.0 0.283648 0.267185 0.022757 0.044013
0.0 0.262937 0.317645 0.019784 0.038948
0.0 0.364741 0.380880 0.017461 0.031243
0.0 0.278801 0.661205 0.018810 0.038789
0.0 0.254170 0.514503 0.018215 0.037776
0.0 0.663021 0.485211 0.016703 0.032951
0.0 0.375883 0.947738 0.022274 0.035692
0.0 0.292776 0.614699 0.018487 0.035988
0.0 0.414869 0.228610 0.022924 0.033052
0.0 0.392578 0.868931 0.019137 0.033349
0.0 0.375489 0.480400 0.021304 0.027292
0.0 0.714924 0.610335 0.019245 0.034281
0.0 0.686638 0.597367 0.016216 0.032871
0.0 0.637497 0.466086 0.025790 0.037183
0.0 0.621439 0.949903 0.018870 0.026894
0.0 0.313713 0.860430 0.021512 0.045641
0.0 0.610729 0.635932 0.018918 0.039722
0.0 0.499397 0.967006 0.020601 0.025346
0.0 0.270504 0.456201 0.018594 0.036922
0.0 0.607845 0.297383 0.022816 0.032119
0.0 0.706475 0.822832 0.023411 0.033132
0.0 0.507882 0.797773 0.020110 0.033508
0.0 0.637007 0.661591 0.020326 0.035374
0.0 0.327035 0.763155 0.018431 0.039643
0.0 0.511854 0.933112 0.019735 0.026120
0.0 0.522618 0.366950 0.021735 0.031026
0.0 0.316197 0.682192 0.018646 0.041509
0.0 0.310464 0.492935 0.021512 0.045641
