0.0 0.318352 0.228790 0.016316 0.043063
0.0 0.354420 0.890113 0.018735 0.039123
0.0 0.284467 0.405316 0.019707 0.038443
0.0 0.507526 0.928309 0.018180 0.025559
0.0 0.341096 0.914530 0.018686 0.029256
0.0 0.410071 0.859874 0.019166 0.027571
0.0 0.444869 0.892780 0.015782 0.033984
0.0 0.298873 0.408979 0.015334 0.041948
0.0 0.397528 0.825647 0.018189 0.027353
0.0 0.420586 0.957405 0.017691 0.025450
0.0 0.294488 0.258488 0.015791 0.035778
0.0 0.609744 0.924172 0.017220 0.028929
0.0 0.405344 0.581795 0.016745 0.031511
0.0 0.544060 0.907274 0.020635 0.028795
0.0 0.514614 0.781724 0.017212 0.027135
0.0 0.644631 0.448844 0.014805 0.033766
0.0 0.606307 0.534582 0.018242 0.038117
0.0 0.382333 0.881972 0.016736 0.029717
0.0 0.396486 0.740107 0.017256 0.036104
0.0 0.468156 0.831525 0.016768 0.035995
0.0 0.671121 0.824270 0.018726 0.037328
0.0 0.257166 0.486779 0.015796 0.036675
0.0 0.265410 0.745887 0.016289 0.037681
0.0 0.688259 0.672294 0.014343 0.039039
0.0 0.551369 0.998099 0.018686 0.003803
0.0 0.314210 0.422278 0.012892 0.041403
0.0 0.377544 0.812658 0.018166 0.022868
0.0 0.339738 0.892675 0.018668 0.025668
