0.0 0.596615 0.896296 0.017188 0.025926
0.0 0.666667 0.356019 0.016667 0.028704
0.0 0.640365 0.196296 0.017188 0.033333
0.0 0.327865 0.881481 0.018229 0.031481
0.0 0.376042 0.912037 0.017708 0.024074
0.0 0.682031 0.276389 0.014063 0.032407
0.0 0.349740 0.742130 0.016146 0.026852
0.0 0.573177 0.840741 0.019271 0.031481
0.0 0.644010 0.802315 0.017188 0.030556
0.0 0.365104 0.827778 0.015625 0.033333
0.0 0.689583 0.375463 0.020833 0.028704
0.0 0.560677 0.944907 0.020313 0.030556
0.0 0.710417 0.419444 0.025000 0.033333
0.0 0.344010 0.208796 0.017188 0.030556
0.0 0.228646 0.359259 0.015625 0.035185
0.0 0.234896 0.643519 0.014583 0.031481
0.0 0.707812 0.494444 0.015625 0.038889
0.0 0.516667 0.968519 0.023958 0.029630
0.0 0.466146 0.817130 0.020833 0.030556
0.0 0.652865 0.753704 0.020313 0.025926
0.0 0.706771 0.682870 0.017708 0.039815
0.0 0.305208 0.771296 0.018750 0.024074
0.0 0.395833 0.349074 0.014583 0.033333
0.0 0.668229 0.247222 0.014583 0.033333
0.0 0.564063 0.720370 0.019792 0.031481
0.0 0.628125 0.798148 0.015625 0.027778
0.0 0.566146 0.826389 0.017708 0.023148
0.0 0.335417 0.876389 0.016667 0.036111
