0.0 0.403385 0.896296 0.017188 0.025926
0.0 0.333333 0.356019 0.016667 0.028704
0.0 0.359635 0.196296 0.017188 0.033333
0.0 0.672135 0.881481 0.018229 0.031481
0.0 0.623958 0.912037 0.017708 0.024074
0.0 0.317969 0.276389 0.014063 0.032407
0.0 0.650260 0.742130 0.016146 0.026852
0.0 0.426823 0.840741 0.019271 0.031481
0.0 0.355990 0.802315 0.017188 0.030556
0.0 0.634896 0.827778 0.015625 0.033333
0.0 0.310417 0.375463 0.020833 0.028704
0.0 0.439323 0.944907 0.020313 0.030556
0.0 0.289583 0.419444 0.025000 0.033333
0.0 0.655990 0.208796 0.017188 0.030556
0.0 0.771354 0.359259 0.015625 0.035185
0.0 0.765104 0.643519 0.014583 0.031481
0.0 0.292188 0.494444 0.015625 0.038889
0.0 0.483333 0.968519 0.023958 0.029630
0.0 0.533854 0.817130 0.020833 0.030556
0.0 0.347135 0.753704 0.020313 0.025926
0.0 0.293229 0.682870 0.017708 0.039815
0.0 0.694792 0.771296 0.018750 0.024074
0.0 0.604167 0.349074 0.014583 0.033333
0.0 0.331771 0.247222 0.014583 0.033333
0.0 0.435937 0.720370 0.019792 0.031481
0.0 0.371875 0.798148 0.015625 0.027778
0.0 0.433854 0.826389 0.017708 0.023148
0.0 0.664583 0.876389 0.016667 0.036111
