0.0 0.516821 0.903443 0.021538 0.032720
0.0 0.374603 0.540254 0.017969 0.048431
0.0 0.499598 0.885829 0.018239 0.027098
0.0 0.713096 0.699291 0.018526 0.034934
0.0 0.554789 0.609372 0.019962 0.035514
0.0 0.707785 0.311302 0.020248 0.043349
0.0 0.334692 0.666789 0.015482 0.031988
0.0 0.654582 0.948003 0.022079 0.043231
0.0 0.423232 0.142104 0.018216 0.036523
0.0 0.368084 0.697422 0.019058 0.030860
0.0 0.728600 0.359086 0.020781 0.039275
0.0 0.459777 0.810445 0.020016 0.031247
0.0 0.600669 0.903054 0.019143 0.031752
0.0 0.681887 0.865009 0.019121 0.041178
0.0 0.368078 0.569578 0.017792 0.032064
0.0 0.736344 0.755471 0.016385 0.036641
0.0 0.667521 0.744330 0.020016 0.031247
0.0 0.737327 0.679904 0.020758 0.048701
0.0 0.402149 0.206769 0.021260 0.039469
0.0 0.396462 0.858968 0.016694 0.035051
0.0 0.306145 0.642745 0.016864 0.036835
0.0 0.542920 0.921865 0.021005 0.036794
0.0 0.649429 0.224258 0.021739 0.039663
0.0 0.723807 0.500741 0.018448 0.048625
0.0 0.628717 0.966268 0.022557 0.043424
0.0 0.517878 0.957601 0.018973 0.029968
0.0 0.316909 0.506284 0.016725 0.040209
0.0 0.336918 0.640823 0.012129 0.030633
0.0 0.591444 0.785842 0.021824 0.040555
0.0 0.630153 0.473543 0.020016 0.031247
