0.0 0.322396 0.373148 0.016667 0.033333
0.0 0.344010 0.708333 0.017188 0.033333
0.0 0.358333 0.195370 0.017708 0.033333
0.0 0.602865 0.871759 0.016146 0.025000
0.0 0.330990 0.241204 0.023438 0.045370
0.0 0.617708 0.836574 0.019792 0.023148
0.0 0.333333 0.352778 0.020833 0.035185
0.0 0.499219 0.931481 0.016146 0.020370
0.0 0.394792 0.768056 0.016667 0.034259
0.0 0.366146 0.710648 0.016667 0.034259
0.0 0.398958 0.711111 0.014583 0.029630
0.0 0.384896 0.397222 0.015625 0.033333
0.0 0.685156 0.712037 0.018229 0.024074
0.0 0.699479 0.769907 0.017708 0.025000
0.0 0.658333 0.907407 0.017708 0.022222
0.0 0.639844 0.948148 0.021354 0.025926
0.0 0.294271 0.631481 0.014583 0.033333
0.0 0.746354 0.420833 0.013542 0.032407
0.0 0.554427 0.893981 0.020313 0.023148
0.0 0.332552 0.658333 0.017188 0.033333
0.0 0.467969 0.961574 0.020313 0.034259
0.0 0.560417 0.936111 0.018750 0.022222
0.0 0.712240 0.825463 0.016146 0.028704
0.0 0.292448 0.412963 0.025521 0.033333
0.0 0.639062 0.261574 0.019792 0.023148
0.0 0.694792 0.349537 0.015625 0.034259
0.0 0.630469 0.149074 0.021354 0.027778
0.0 0.423958 0.393519 0.018750 0.027778
0.0 0.435156 0.715741 0.021354 0.037037
0.0 0.471875 0.943056 0.015625 0.017593
