0.0 0.711162 0.818467 0.013505 0.029783
0.0 0.628403 0.993755 0.021450 0.012490
0.0 0.323696 0.531093 0.012576 0.031702
0.0 0.723938 0.411441 0.015635 0.030931
0.0 0.708375 0.888843 0.019073 0.037139
0.0 0.732495 0.282919 0.021148 0.037289
0.0 0.709135 0.233672 0.020381 0.042200
0.0 0.628273 0.982212 0.023168 0.035575
0.0 0.320830 0.851740 0.021039 0.035295
0.0 0.608373 0.711905 0.018500 0.036104
0.0 0.433521 0.852901 0.020195 0.029275
0.0 0.282591 0.688290 0.016424 0.035954
0.0 0.709810 0.613642 0.018252 0.041053
0.0 0.337204 0.751815 0.021860 0.031382
0.0 0.629258 0.667870 0.019676 0.029237
0.0 0.692784 0.768581 0.019700 0.039171
0.0 0.636789 0.936212 0.019103 0.028202
0.0 0.299534 0.491800 0.014295 0.034806
0.0 0.475861 0.917037 0.021233 0.029350
0.0 0.304522 0.869078 0.017679 0.040018
0.0 0.393330 0.888030 0.018856 0.033151
0.0 0.604533 0.820748 0.023470 0.032492
0.0 0.257263 0.593852 0.016997 0.036988
0.0 0.325949 0.370078 0.017788 0.042012
0.0 0.429283 0.313498 0.021589 0.026396
0.0 0.663823 0.544736 0.017957 0.026133
0.0 0.447482 0.992697 0.022077 0.014607
0.0 0.442420 0.928629 0.017082 0.029049
0.0 0.606321 0.778330 0.016262 0.032963
0.0 0.712256 0.860592 0.016424 0.035954
