0.0 0.713525 0.272279 0.021631 0.042151
0.0 0.366912 0.829029 0.021691 0.029358
0.0 0.529192 0.982182 0.023738 0.035637
0.0 0.337744 0.236366 0.018616 0.036142
0.0 0.734324 0.306855 0.023330 0.044274
0.0 0.327242 0.661181 0.018406 0.033363
0.0 0.770776 0.632315 0.018895 0.039848
0.0 0.429838 0.852588 0.019403 0.026219
0.0 0.309701 0.667064 0.022670 0.042331
0.0 0.307866 0.621690 0.015880 0.033839
0.0 0.331119 0.616796 0.018266 0.031509
0.0 0.358118 0.760862 0.021172 0.029268
0.0 0.282391 0.363368 0.015430 0.034676
0.0 0.485053 0.225712 0.022939 0.032318
0.0 0.423974 0.982520 0.018815 0.025203
0.0 0.715738 0.615752 0.018406 0.033363
0.0 0.516118 0.737508 0.020832 0.038354
0.0 0.351705 0.225640 0.019934 0.040028
0.0 0.714919 0.738108 0.017437 0.034109
0.0 0.286871 0.798755 0.020203 0.030015
0.0 0.392223 0.894423 0.020413 0.032795
0.0 0.642456 0.621378 0.019893 0.032705
0.0 0.373707 0.930645 0.022350 0.031301
0.0 0.642201 0.910449 0.022530 0.040477
0.0 0.541118 0.824437 0.021172 0.029268
0.0 0.711392 0.572289 0.014841 0.033659
0.0 0.597341 0.783475 0.023050 0.040567
0.0 0.749294 0.676471 0.017617 0.043285
0.0 0.402627 0.850696 0.017047 0.022153
0.0 0.533117 0.965264 0.025116 0.027207
