0.0 0.707720 0.334058 0.018082 0.032964
0.0 0.640135 0.541255 0.015547 0.027644
0.0 0.430869 0.785077 0.014906 0.022444
0.0 0.336110 0.724179 0.015519 0.026782
0.0 0.335637 0.694852 0.014905 0.037062
0.0 0.380005 0.231827 0.011729 0.026542
0.0 0.360570 0.247308 0.013764 0.030970
0.0 0.395482 0.218757 0.016271 0.035429
0.0 0.691115 0.297553 0.018695 0.037303
0.0 0.338648 0.619111 0.018863 0.027855
0.0 0.380535 0.828423 0.015993 0.026812
0.0 0.721677 0.413471 0.018863 0.027855
0.0 0.711339 0.490108 0.016243 0.034567
0.0 0.517227 0.865074 0.019225 0.024438
0.0 0.519900 0.940454 0.018723 0.023546
0.0 0.574107 0.884775 0.017748 0.022624
0.0 0.313680 0.764457 0.017469 0.028626
0.0 0.381156 0.429048 0.014655 0.029307
0.0 0.395344 0.802012 0.017915 0.027795
0.0 0.439252 0.904994 0.017246 0.021732
0.0 0.483152 0.802049 0.016940 0.026873
0.0 0.482241 0.443352 0.018333 0.026101
0.0 0.702306 0.754028 0.017134 0.032904
0.0 0.575875 0.946830 0.020339 0.029668
0.0 0.465484 0.945637 0.017887 0.026933
0.0 0.504616 0.981574 0.017859 0.026071
0.0 0.746571 0.493484 0.018166 0.035549
0.0 0.544667 0.458384 0.021705 0.028035
0.0 0.586844 0.764813 0.019865 0.029638
0.0 0.615194 0.738836 0.015658 0.031090
0.0 0.666819 0.265422 0.019531 0.033916
