0.0 0.649763 0.893019 0.017592 0.027620
0.0 0.411041 0.631479 0.016381 0.031494
0.0 0.384103 0.911161 0.021187 0.031768
0.0 0.340486 0.653947 0.023902 0.026994
0.0 0.249357 0.579389 0.024580 0.023089
0.0 0.432568 0.928835 0.025362 0.031021
0.0 0.379166 0.667692 0.022692 0.030868
0.0 0.662217 0.322058 0.019337 0.023776
0.0 0.729370 0.638246 0.015847 0.031464
0.0 0.739494 0.716427 0.020471 0.051443
0.0 0.562659 0.123862 0.025557 0.033003
0.0 0.424114 0.988813 0.025850 0.022375
0.0 0.568991 0.806405 0.017833 0.024676
0.0 0.630748 0.806372 0.023662 0.029938
0.0 0.254615 0.717165 0.019103 0.037564
0.0 0.379846 0.974212 0.020458 0.029755
0.0 0.291897 0.861091 0.020660 0.042582
0.0 0.709547 0.540680 0.019442 0.035611
0.0 0.710755 0.683672 0.016140 0.034437
0.0 0.600362 0.702430 0.021488 0.045587
0.0 0.494386 0.106821 0.024971 0.027055
0.0 0.433776 0.192027 0.025896 0.031051
0.0 0.681084 0.559749 0.015892 0.026537
0.0 0.690813 0.587607 0.021330 0.027833
0.0 0.741602 0.672442 0.015508 0.033416
0.0 0.660132 0.862021 0.018367 0.024706
0.0 0.635919 0.883340 0.018367 0.024706
0.0 0.383428 0.956063 0.024534 0.028016
0.0 0.336179 0.675626 0.023805 0.026002
