0 0.701302 0.396759 0.016146 0.034259
0 0.655990 0.518981 0.014063 0.026852
0 0.269792 0.612037 0.013542 0.037037
0 0.678906 0.487037 0.011979 0.035185
0 0.319271 0.267593 0.013542 0.027778
0 0.546094 0.582870 0.015104 0.032407
0 0.420312 0.843981 0.015625 0.019444
0 0.413281 0.864815 0.016146 0.022222
0 0.226823 0.540278 0.020313 0.030556
0 0.249740 0.428704 0.019271 0.027778
0 0.349740 0.152778 0.016146 0.027778
0 0.544010 0.934259 0.019271 0.038889
0 0.269792 0.760185 0.018750 0.025926
0 0.709115 0.481481 0.017188 0.037037
0 0.661719 0.814815 0.018229 0.022222
0 0.252344 0.398148 0.017188 0.027778
0 0.514062 0.962037 0.022917 0.040741
0 0.246354 0.728241 0.016667 0.036111
0 0.320833 0.737963 0.017708 0.024074
0 0.727604 0.443981 0.022917 0.032407
0 0.329688 0.609259 0.018750 0.027778
0 0.340365 0.906944 0.020313 0.034259
0 0.376302 0.656481 0.016146 0.037037
0 0.628906 0.758796 0.015104 0.025000
0 0.469531 0.078704 0.020313 0.027778
0 0.471354 0.953704 0.017708 0.051852
0 0.450000 0.966667 0.015625 0.024074
0 0.507552 0.929167 0.022396 0.032407
