0.0 0.323332 0.177351 0.021296 0.048065
0.0 0.695674 0.888236 0.017839 0.041859
0.0 0.734195 0.715175 0.012877 0.036985
0.0 0.416288 0.923464 0.025122 0.040907
0.0 0.254712 0.679593 0.018858 0.041301
0.0 0.496257 0.160437 0.022249 0.035900
0.0 0.649904 0.833791 0.020846 0.039200
0.0 0.677529 0.730247 0.016569 0.037493
0.0 0.301775 0.188345 0.024119 0.052086
0.0 0.339950 0.628186 0.019493 0.043484
0.0 0.226037 0.621417 0.020377 0.050593
0.0 0.461907 0.980567 0.016669 0.038865
0.0 0.250882 0.556461 0.021230 0.036458
0.0 0.305715 0.893908 0.020261 0.038002
0.0 0.363044 0.678104 0.020511 0.042926
0.0 0.243555 0.464595 0.023618 0.042236
0.0 0.584081 0.809030 0.019426 0.031878
0.0 0.612123 0.933282 0.019676 0.036803
0.0 0.636910 0.644191 0.017354 0.042631
0.0 0.360351 0.838330 0.023167 0.033371
0.0 0.338248 0.972719 0.022750 0.045750
0.0 0.747584 0.703936 0.018908 0.042286
0.0 0.611562 0.375794 0.021665 0.034701
0.0 0.455090 0.921866 0.019476 0.032863
0.0 0.351347 0.532738 0.016336 0.043190
0.0 0.642056 0.929148 0.016336 0.043190
0.0 0.709184 0.778055 0.014866 0.034883
0.0 0.370413 0.758429 0.017304 0.041646
