0.0 0.308576 0.257863 0.025167 0.044729
0.0 0.631430 0.826032 0.022207 0.023496
0.0 0.546351 0.892029 0.017885 0.029197
0.0 0.282233 0.278543 0.022218 0.040826
0.0 0.541106 0.982142 0.018790 0.022473
0.0 0.745127 0.390304 0.014468 0.028174
0.0 0.659178 0.788478 0.020173 0.030200
0.0 0.243593 0.389459 0.017480 0.034003
0.0 0.297385 0.552673 0.019897 0.038860
0.0 0.584435 0.865848 0.021110 0.024439
0.0 0.670341 0.732441 0.024251 0.034122
0.0 0.714903 0.672449 0.016884 0.033030
0.0 0.468873 0.983888 0.021206 0.027330
0.0 0.653305 0.438607 0.021142 0.025403
0.0 0.577179 0.328257 0.021643 0.023486
0.0 0.650861 0.877683 0.019450 0.025373
0.0 0.283662 0.787834 0.019141 0.033070
0.0 0.639484 0.608781 0.020610 0.026356
0.0 0.378109 0.898345 0.024687 0.030279
0.0 0.731814 0.426160 0.015160 0.032038
0.0 0.234903 0.744880 0.021685 0.041780
0.0 0.218545 0.592083 0.022814 0.041800
0.0 0.574373 0.183406 0.023494 0.028333
0.0 0.393169 0.991067 0.021834 0.017866
0.0 0.612257 0.469173 0.023590 0.031223
0.0 0.558140 0.936110 0.017384 0.031114
0.0 0.376058 0.773218 0.017363 0.047480
0.0 0.291166 0.621140 0.015256 0.034927
