0.0 0.704356 0.267674 0.024073 0.043461
0.0 0.361090 0.816524 0.020722 0.022874
0.0 0.431644 0.880889 0.017023 0.028376
0.0 0.726179 0.287840 0.021296 0.039665
0.0 0.428054 0.968219 0.017617 0.021866
0.0 0.298870 0.393808 0.013919 0.027369
0.0 0.408965 0.998502 0.020187 0.002996
0.0 0.339559 0.780002 0.019112 0.029360
0.0 0.750754 0.395493 0.016816 0.033031
0.0 0.687236 0.553351 0.019147 0.037748
0.0 0.399752 0.855334 0.019767 0.023783
0.0 0.334673 0.725656 0.022904 0.033180
0.0 0.300065 0.667311 0.016248 0.032085
0.0 0.492965 0.970272 0.019947 0.026584
0.0 0.377131 0.441064 0.019827 0.024717
0.0 0.455891 0.334533 0.020214 0.022862
0.0 0.338820 0.866468 0.018305 0.024679
0.0 0.677901 0.781252 0.018278 0.032135
0.0 0.373881 0.606004 0.019379 0.025638
0.0 0.582622 0.887847 0.023171 0.029459
0.0 0.307555 0.428613 0.014667 0.031115
0.0 0.725789 0.739880 0.020848 0.040586
0.0 0.754623 0.591927 0.021863 0.040611
0.0 0.471784 0.194210 0.022036 0.027567
0.0 0.559974 0.983127 0.020575 0.028463
0.0 0.444960 0.995177 0.024246 0.009646
0.0 0.411289 0.470882 0.022216 0.030367
0.0 0.416957 0.923537 0.016636 0.030231
0.0 0.596015 0.766630 0.017150 0.046087
0.0 0.686521 0.619716 0.014847 0.033915
