0.0 0.344773 0.206494 0.019945 0.042765
0.0 0.259558 0.702421 0.017709 0.038423
0.0 0.285922 0.522406 0.014403 0.038479
0.0 0.301800 0.259996 0.022892 0.050104
0.0 0.319944 0.236505 0.018268 0.039509
0.0 0.496976 0.231413 0.021450 0.031930
0.0 0.267607 0.678683 0.020656 0.045763
0.0 0.532443 0.995954 0.018883 0.008093
0.0 0.605421 0.954247 0.015880 0.033255
0.0 0.394590 0.769647 0.021905 0.037669
0.0 0.295088 0.724095 0.020409 0.030716
0.0 0.276425 0.579943 0.019006 0.036896
0.0 0.587934 0.652184 0.017226 0.038295
0.0 0.287069 0.442622 0.020476 0.049461
0.0 0.517868 0.989048 0.020561 0.021905
0.0 0.342255 0.841655 0.019035 0.031287
0.0 0.556772 0.880244 0.019035 0.031287
0.0 0.356536 0.792229 0.019925 0.030588
0.0 0.514801 0.494987 0.024019 0.034487
0.0 0.604597 0.470073 0.018883 0.029374
0.0 0.469088 0.968718 0.022796 0.036971
0.0 0.244525 0.661789 0.019207 0.045377
0.0 0.704712 0.433258 0.015929 0.039822
0.0 0.424033 0.796536 0.019442 0.030459
0.0 0.619069 0.738614 0.016259 0.038037
0.0 0.476486 0.125843 0.018807 0.028417
0.0 0.366469 0.741645 0.014810 0.037651
0.0 0.300216 0.619000 0.012139 0.039749
