0.0 0.381781 0.873752 0.018301 0.023050
0.0 0.295948 0.737104 0.019810 0.031874
0.0 0.521498 0.589647 0.017684 0.034192
0.0 0.229099 0.686938 0.021085 0.035489
0.0 0.339757 0.854082 0.022940 0.027095
0.0 0.370898 0.281295 0.024370 0.034182
0.0 0.686695 0.508583 0.017645 0.033324
0.0 0.395838 0.796001 0.021974 0.030424
0.0 0.281139 0.332451 0.021317 0.040698
0.0 0.602127 0.930230 0.019345 0.021457
0.0 0.581240 0.530667 0.019637 0.040484
0.0 0.574449 0.919950 0.019094 0.028331
0.0 0.583388 0.819548 0.021413 0.030353
0.0 0.720092 0.446923 0.017762 0.035929
0.0 0.525597 0.803615 0.021258 0.026880
0.0 0.743097 0.437082 0.016969 0.030649
0.0 0.455012 0.799674 0.021258 0.026880
0.0 0.672545 0.401199 0.020736 0.027677
0.0 0.217378 0.543856 0.021684 0.036429
0.0 0.500452 0.149968 0.024215 0.030710
0.0 0.472972 0.965264 0.027616 0.032007
0.0 0.543542 0.688686 0.024814 0.031650
0.0 0.377652 0.978720 0.025491 0.034325
0.0 0.574432 0.271298 0.019288 0.032670
0.0 0.681943 0.340443 0.022901 0.026227
0.0 0.311924 0.291840 0.024563 0.038523
0.0 0.402429 0.785666 0.021741 0.025215
0.0 0.233555 0.505972 0.015386 0.045120
