0 0.523958 0.876852 0.015625 0.022222
0 0.395052 0.950926 0.020313 0.022222
0 0.642448 0.198148 0.019271 0.037037
0 0.579688 0.868056 0.019792 0.028704
0 0.671094 0.251389 0.017188 0.039815
0 0.648438 0.517130 0.018750 0.039815
0 0.576823 0.722685 0.020313 0.025000
0 0.548698 0.868519 0.018229 0.027778
0 0.389583 0.925463 0.018750 0.030556
0 0.547396 0.916667 0.017708 0.024074
0 0.426042 0.591204 0.017708 0.039815
0 0.578385 0.771759 0.014063 0.034259
0 0.306771 0.895370 0.019792 0.027778
0 0.423698 0.890278 0.017188 0.023148
0 0.486458 0.971759 0.019792 0.023148
0 0.577865 0.902778 0.016146 0.031481
0 0.702865 0.374074 0.020313 0.038889
0 0.330990 0.729167 0.015104 0.034259
0 0.563802 0.509722 0.015104 0.037963
0 0.354687 0.600463 0.013542 0.030556
0 0.656510 0.786574 0.019271 0.030556
0 0.464323 0.119444 0.023438 0.027778
0 0.220312 0.621296 0.015625 0.035185
0 0.449740 0.841204 0.019271 0.025000
0 0.231771 0.539815 0.015625 0.038889
0 0.411198 0.208333 0.014063 0.029630
0 0.296354 0.855093 0.015625 0.025000
0 0.312760 0.866204 0.015104 0.023148
0 0.666406 0.362037 0.013021 0.037037
0 0.604688 0.280556 0.015625 0.024074
