0.0 0.299897 0.296327 0.018954 0.037411
0.0 0.381376 0.770484 0.017618 0.041503
0.0 0.383270 0.800769 0.019183 0.031277
0.0 0.289283 0.811351 0.016022 0.028726
0.0 0.691696 0.757503 0.017090 0.029875
0.0 0.275229 0.341774 0.024966 0.046858
0.0 0.378182 0.917350 0.018117 0.030129
0.0 0.640432 0.331500 0.017684 0.031791
0.0 0.531595 0.895237 0.017481 0.027318
0.0 0.705340 0.772219 0.017333 0.035241
0.0 0.402055 0.900140 0.021506 0.026544
0.0 0.345173 0.830542 0.019061 0.028593
0.0 0.586354 0.752351 0.022237 0.042645
0.0 0.661416 0.879411 0.018076 0.029234
0.0 0.426299 0.736761 0.019534 0.027826
0.0 0.577529 0.975232 0.022182 0.030249
0.0 0.429868 0.226646 0.020210 0.031531
0.0 0.635812 0.538416 0.018995 0.038305
0.0 0.259081 0.614856 0.020982 0.048525
0.0 0.244516 0.717048 0.020494 0.037792
0.0 0.522570 0.136334 0.022736 0.031271
0.0 0.266164 0.799430 0.021628 0.029228
0.0 0.462377 0.719698 0.018995 0.038305
0.0 0.552124 0.398565 0.021709 0.031017
0.0 0.694530 0.591279 0.014172 0.032691
0.0 0.687122 0.748233 0.024479 0.036124
0.0 0.679058 0.742087 0.014213 0.033585
0.0 0.688169 0.685563 0.017806 0.034473
0.0 0.339636 0.428505 0.021089 0.039708
