0.0 0.289887 0.278814 0.020031 0.042071
0.0 0.396118 0.796565 0.019014 0.046482
0.0 0.399694 0.829814 0.019887 0.035359
0.0 0.309167 0.846594 0.016763 0.032386
0.0 0.696275 0.765344 0.017834 0.033705
0.0 0.268578 0.330210 0.026243 0.052763
0.0 0.401454 0.958484 0.018816 0.034041
0.0 0.622106 0.298977 0.018507 0.035839
0.0 0.548941 0.925764 0.018053 0.030924
0.0 0.710350 0.780807 0.018379 0.039602
0.0 0.423614 0.938228 0.021794 0.030300
0.0 0.364463 0.864681 0.019614 0.032410
0.0 0.593835 0.765415 0.023427 0.047992
0.0 0.673914 0.901254 0.018725 0.033058
0.0 0.437741 0.756975 0.020014 0.031595
0.0 0.598075 0.997079 0.022648 0.005842
0.0 0.411913 0.194984 0.020868 0.035695
0.0 0.629507 0.527108 0.020122 0.043054
0.0 0.268599 0.631840 0.022592 0.054368
0.0 0.260344 0.745179 0.021503 0.042574
0.0 0.496616 0.090466 0.023229 0.035551
0.0 0.286065 0.834727 0.022066 0.033249
0.0 0.471745 0.736216 0.020122 0.043054
0.0 0.540330 0.377653 0.022248 0.035215
0.0 0.689478 0.582125 0.015255 0.036630
0.0 0.691307 0.755384 0.025154 0.040968
0.0 0.683135 0.749055 0.015346 0.037612
0.0 0.688724 0.686308 0.018779 0.038786
0.0 0.336010 0.422215 0.022175 0.044708
