0.0 0.457349 0.267208 0.018234 0.027621
0.0 0.632018 0.824557 0.016788 0.028389
0.0 0.516542 0.134729 0.021735 0.038091
0.0 0.296633 0.438735 0.018032 0.043217
0.0 0.288628 0.420737 0.016710 0.036649
0.0 0.297665 0.594800 0.014578 0.033671
0.0 0.357519 0.684567 0.015247 0.027310
0.0 0.512504 0.817710 0.017691 0.026646
0.0 0.332268 0.743234 0.019417 0.031419
0.0 0.644127 0.702494 0.020288 0.038859
0.0 0.525472 0.786503 0.015838 0.029209
0.0 0.653418 0.797985 0.017426 0.031212
0.0 0.320487 0.902929 0.017971 0.032187
0.0 0.670433 0.348369 0.015885 0.030133
0.0 0.268062 0.764158 0.018064 0.034033
0.0 0.304440 0.303799 0.023104 0.045583
0.0 0.239087 0.695520 0.017846 0.039523
0.0 0.677759 0.276870 0.016476 0.032032
0.0 0.438746 0.419805 0.020413 0.031523
0.0 0.558321 0.851983 0.018639 0.025826
0.0 0.698963 0.411082 0.013131 0.034438
0.0 0.650410 0.632022 0.019604 0.035112
0.0 0.267251 0.701774 0.016974 0.032083
0.0 0.415238 0.944048 0.020227 0.027829
0.0 0.325378 0.614880 0.018374 0.030392
0.0 0.332259 0.267831 0.018250 0.037728
0.0 0.385960 0.430353 0.016165 0.035673
0.0 0.316452 0.757282 0.015792 0.028285
0.0 0.418889 0.992949 0.018188 0.014103
