0.0 0.315789 0.296993 0.018714 0.035188
0.0 0.639865 0.756251 0.013717 0.027828
0.0 0.441204 0.954333 0.015429 0.020450
0.0 0.362674 0.803132 0.014490 0.021177
0.0 0.376643 0.845556 0.016074 0.026432
0.0 0.284575 0.485059 0.014432 0.036347
0.0 0.665507 0.784503 0.018092 0.030053
0.0 0.370456 0.310209 0.014079 0.023656
0.0 0.349506 0.390044 0.012297 0.028496
0.0 0.684829 0.785094 0.018022 0.027515
0.0 0.318547 0.648117 0.014150 0.026195
0.0 0.285147 0.436175 0.017247 0.034164
0.0 0.295928 0.311749 0.020803 0.041348
0.0 0.635476 0.737266 0.015593 0.026372
0.0 0.341504 0.249680 0.020497 0.030349
0.0 0.649414 0.413799 0.014197 0.027887
0.0 0.615650 0.866201 0.015886 0.019663
0.0 0.364070 0.914171 0.017904 0.023284
0.0 0.525153 0.944416 0.016074 0.026432
0.0 0.474305 0.808057 0.017423 0.023225
0.0 0.545034 0.409253 0.019360 0.041170
0.0 0.428841 0.769937 0.019371 0.024308
0.0 0.323819 0.811739 0.016532 0.025645
0.0 0.457271 0.160287 0.019418 0.026000
0.0 0.572814 0.931328 0.019418 0.026000
0.0 0.427125 0.821085 0.016965 0.024012
0.0 0.435667 0.286045 0.016673 0.030721
0.0 0.376552 0.329833 0.012637 0.023479
0.0 0.521229 0.950842 0.019301 0.021770
0.0 0.469691 0.954643 0.016321 0.018031
