0.0 0.330805 0.314596 0.020224 0.028536
0.0 0.328840 0.202387 0.020780 0.040133
0.0 0.316044 0.779702 0.019595 0.033171
0.0 0.548239 0.813524 0.022397 0.029034
0.0 0.300710 0.375046 0.019057 0.038782
0.0 0.488056 0.884033 0.016878 0.032547
0.0 0.295057 0.666120 0.018874 0.036828
0.0 0.591237 0.999836 0.020950 0.000329
0.0 0.491465 0.702706 0.023668 0.031238
0.0 0.296532 0.898957 0.026495 0.050047
0.0 0.614884 0.970013 0.019589 0.027434
0.0 0.522420 0.813587 0.023307 0.033067
0.0 0.262235 0.350252 0.022691 0.049174
0.0 0.690243 0.853094 0.020413 0.036226
0.0 0.400420 0.874400 0.018783 0.035852
0.0 0.626359 0.912775 0.020858 0.029637
0.0 0.563559 0.546621 0.025310 0.043084
0.0 0.591084 0.176248 0.024851 0.038199
0.0 0.556610 0.949157 0.022580 0.030988
0.0 0.357499 0.941386 0.026207 0.035644
0.0 0.448922 0.925444 0.022764 0.032942
0.0 0.510633 0.865265 0.021768 0.033669
0.0 0.234452 0.794407 0.018605 0.039634
0.0 0.324087 0.584471 0.022770 0.038678
0.0 0.487523 0.105585 0.022672 0.031965
0.0 0.472931 0.240439 0.020230 0.034272
0.0 0.395641 0.298042 0.019241 0.040735
0.0 0.373616 0.307956 0.028839 0.041026
0.0 0.333618 0.225435 0.029114 0.043957
