0 0.505469 0.206481 0.019271 0.022222
0 0.331771 0.875000 0.018750 0.024074
0 0.278385 0.536111 0.013021 0.031481
0 0.654948 0.205556 0.020313 0.031481
0 0.345313 0.880556 0.016667 0.025926
0 0.702865 0.356481 0.018229 0.044444
0 0.421615 0.862037 0.018229 0.022222
0 0.612760 0.287963 0.017188 0.035185
0 0.212240 0.459259 0.015104 0.035185
0 0.688021 0.359722 0.016667 0.045370
0 0.392708 0.869444 0.018750 0.029630
0 0.392448 0.543519 0.016146 0.033333
0 0.564323 0.861574 0.018229 0.023148
0 0.329688 0.228241 0.017708 0.026852
0 0.491406 0.942593 0.024479 0.033333
0 0.590104 0.509259 0.017708 0.029630
0 0.644271 0.655556 0.015625 0.033333
0 0.570052 0.776389 0.020313 0.028704
0 0.570573 0.935648 0.017188 0.023148
0 0.309896 0.352315 0.012500 0.030556
0 0.471094 0.876852 0.018229 0.024074
0 0.371094 0.468981 0.024479 0.032407
0 0.242708 0.369907 0.014583 0.028704
0 0.391406 0.718519 0.019271 0.033333
0 0.316667 0.617593 0.017708 0.033333
0 0.571875 0.279630 0.016667 0.035185
0 0.638281 0.213426 0.023438 0.050926
0 0.591927 0.280556 0.019271 0.029630
0 0.701302 0.425463 0.020313 0.032407
