0.0 0.431682 0.263532 0.019530 0.023677
0.0 0.628545 0.899704 0.019111 0.025435
0.0 0.664837 0.562925 0.013929 0.032099
0.0 0.287817 0.277727 0.020945 0.032836
0.0 0.615762 0.906505 0.017190 0.027036
0.0 0.248426 0.430151 0.019516 0.045301
0.0 0.541523 0.896103 0.018528 0.023571
0.0 0.332075 0.354048 0.018103 0.036142
0.0 0.725061 0.481092 0.016098 0.035932
0.0 0.262853 0.431821 0.018055 0.046049
0.0 0.569666 0.900426 0.019359 0.030868
0.0 0.555419 0.581691 0.017018 0.034226
0.0 0.404194 0.910067 0.018569 0.024477
0.0 0.601780 0.267053 0.018232 0.028046
0.0 0.477956 0.981926 0.025036 0.035068
0.0 0.363717 0.568156 0.018356 0.030763
0.0 0.318107 0.716686 0.016517 0.034173
0.0 0.394892 0.827346 0.020821 0.030121
0.0 0.401475 0.983132 0.017567 0.024372
0.0 0.626343 0.386381 0.013386 0.031142
0.0 0.494575 0.915589 0.018610 0.025382
0.0 0.572649 0.506646 0.024994 0.034162
0.0 0.691771 0.396796 0.015308 0.029542
0.0 0.564205 0.752711 0.020025 0.034542
0.0 0.631627 0.646470 0.018521 0.034384
0.0 0.371042 0.341770 0.017601 0.036090
0.0 0.304204 0.283739 0.024816 0.052166
0.0 0.351790 0.344701 0.019860 0.030921
0.0 0.252999 0.497448 0.020986 0.033741
