0 0.353385 0.940278 0.016146 0.032407
0 0.642708 0.670370 0.018750 0.025926
0 0.487500 0.818056 0.017708 0.023148
0 0.660937 0.228241 0.020833 0.039815
0 0.531510 0.710185 0.019271 0.024074
0 0.649479 0.717593 0.016667 0.033333
0 0.673698 0.382870 0.015104 0.043519
0 0.718750 0.576852 0.015625 0.033333
0 0.319792 0.606944 0.015625 0.026852
0 0.557292 0.912037 0.016667 0.022222
0 0.480208 0.979167 0.016667 0.021296
0 0.431510 0.159722 0.021354 0.034259
0 0.233594 0.465278 0.018229 0.036111
0 0.506771 0.808796 0.018750 0.026852
0 0.404948 0.713426 0.019271 0.026852
0 0.332552 0.681944 0.021354 0.030556
0 0.256771 0.571296 0.015625 0.033333
0 0.561979 0.828241 0.018750 0.026852
0 0.393750 0.627778 0.019792 0.029630
0 0.406250 0.913426 0.018750 0.025000
0 0.393490 0.150926 0.022396 0.025926
0 0.293750 0.703704 0.015625 0.029630
0 0.388281 0.844907 0.019271 0.026852
0 0.307292 0.858333 0.018750 0.033333
0 0.506510 0.211111 0.017188 0.033333
0 0.541667 0.252315 0.015625 0.030556
0 0.566146 0.237037 0.019792 0.029630
0 0.641927 0.206944 0.024479 0.039815
0 0.300000 0.827778 0.017708 0.025926
