0.0 0.748693 0.334533 0.027399 0.036308
0.0 0.700773 0.652953 0.019657 0.037560
0.0 0.720629 0.288695 0.024714 0.046979
0.0 0.661510 0.726980 0.020941 0.031279
0.0 0.259022 0.528168 0.014660 0.029088
0.0 0.666117 0.373077 0.020671 0.035894
0.0 0.346753 0.843086 0.017547 0.030600
0.0 0.757257 0.582852 0.020671 0.035894
0.0 0.594768 0.869729 0.021177 0.035062
0.0 0.383116 0.852278 0.022520 0.029726
0.0 0.236191 0.526952 0.020258 0.029274
0.0 0.570426 0.562227 0.018019 0.038166
0.0 0.493869 0.692478 0.022520 0.029726
0.0 0.413234 0.846812 0.021625 0.033284
0.0 0.768786 0.733122 0.020754 0.046187
0.0 0.470744 0.117546 0.023947 0.034683
0.0 0.541625 0.794451 0.026774 0.035248
0.0 0.646815 0.953406 0.025337 0.048038
0.0 0.394605 0.484430 0.017277 0.035215
0.0 0.369794 0.928143 0.020494 0.033058
0.0 0.351845 0.743069 0.023145 0.030786
0.0 0.766963 0.482322 0.021025 0.041570
0.0 0.295204 0.586166 0.015580 0.034876
0.0 0.240672 0.689219 0.021236 0.036007
0.0 0.391650 0.600677 0.023499 0.036460
0.0 0.452287 0.321671 0.017631 0.040891
0.0 0.613979 0.892248 0.025407 0.031238
0.0 0.574941 0.255712 0.021625 0.033284
0.0 0.643746 0.369079 0.018797 0.032718
0.0 0.638232 0.301417 0.024629 0.036686
