0.0 0.754537 0.354829 0.028091 0.033135
0.0 0.696767 0.644323 0.020528 0.034239
0.0 0.728063 0.313002 0.025800 0.042826
0.0 0.655352 0.711502 0.021584 0.028534
0.0 0.261151 0.528874 0.015345 0.026514
0.0 0.671148 0.389537 0.021469 0.032730
0.0 0.338473 0.815770 0.018229 0.027901
0.0 0.755192 0.580790 0.021469 0.032730
0.0 0.584419 0.841087 0.021939 0.031975
0.0 0.374365 0.824291 0.023085 0.027129
0.0 0.238471 0.527668 0.020849 0.026708
0.0 0.569938 0.561213 0.018938 0.034783
0.0 0.489633 0.679384 0.023085 0.027129
0.0 0.404508 0.819449 0.022321 0.030360
0.0 0.761904 0.717557 0.021885 0.042088
0.0 0.484835 0.156204 0.024647 0.031642
0.0 0.533923 0.772368 0.027443 0.032169
0.0 0.633558 0.917444 0.026447 0.043792
0.0 0.397450 0.489668 0.018114 0.032097
0.0 0.358706 0.893256 0.021203 0.030149
0.0 0.346708 0.724796 0.023733 0.028095
0.0 0.768035 0.489368 0.022001 0.037892
0.0 0.295317 0.581798 0.016436 0.031781
0.0 0.237791 0.675320 0.022028 0.032835
0.0 0.390827 0.595418 0.024265 0.033257
0.0 0.460002 0.341840 0.018646 0.037259
0.0 0.602822 0.861659 0.025970 0.028517
0.0 0.584140 0.282362 0.022321 0.030360
0.0 0.649014 0.385803 0.019525 0.029833
0.0 0.645670 0.324220 0.025383 0.033467
