0.0 0.336979 0.367130 0.015625 0.032407
0.0 0.490885 0.091204 0.019271 0.034259
0.0 0.461458 0.775926 0.016667 0.024074
0.0 0.525781 0.723611 0.017188 0.032407
0.0 0.596615 0.404167 0.018229 0.021296
0.0 0.653125 0.889815 0.016667 0.029630
0.0 0.617969 0.938889 0.018229 0.025926
0.0 0.573958 0.835648 0.017708 0.032407
0.0 0.459375 0.631019 0.016667 0.036111
0.0 0.760417 0.608333 0.015625 0.031481
0.0 0.503906 0.921759 0.022396 0.034259
0.0 0.742708 0.466204 0.013542 0.034259
0.0 0.346615 0.717593 0.016146 0.027778
0.0 0.529948 0.983796 0.020313 0.028704
0.0 0.405990 0.739815 0.017188 0.024074
0.0 0.414844 0.807407 0.019271 0.025926
0.0 0.565104 0.709259 0.018750 0.031481
0.0 0.679167 0.912500 0.015625 0.034259
0.0 0.322396 0.740741 0.017708 0.025926
0.0 0.527344 0.877315 0.020313 0.030556
0.0 0.558594 0.104630 0.021354 0.025926
0.0 0.641406 0.768519 0.015104 0.031481
0.0 0.612500 0.752778 0.017708 0.025926
0.0 0.761198 0.529630 0.014063 0.031481
0.0 0.493229 0.212963 0.019792 0.035185
0.0 0.455208 0.222685 0.017708 0.034259
0.0 0.423177 0.316667 0.015104 0.029630
0.0 0.358594 0.206944 0.021354 0.041667
0.0 0.641406 0.905093 0.011979 0.019444
