0.0 0.709968 0.453469 0.017261 0.034594
0.0 0.598304 0.154754 0.020729 0.037121
0.0 0.557681 0.825697 0.017384 0.026708
0.0 0.504834 0.762050 0.018670 0.034906
0.0 0.472315 0.437641 0.018519 0.024322
0.0 0.373754 0.898077 0.017928 0.032105
0.0 0.400630 0.952757 0.018973 0.028819
0.0 0.450423 0.861260 0.019139 0.035010
0.0 0.573769 0.685364 0.018564 0.038400
0.0 0.304651 0.603266 0.017171 0.033695
0.0 0.505119 0.958876 0.023546 0.037744
0.0 0.334551 0.468750 0.015566 0.035978
0.0 0.666914 0.791951 0.017277 0.030202
0.0 0.475563 0.998985 0.021124 0.002030
0.0 0.611218 0.801689 0.017853 0.026812
0.0 0.596609 0.865575 0.019912 0.029027
0.0 0.470798 0.740264 0.019987 0.034319
0.0 0.348057 0.914915 0.017443 0.036393
0.0 0.686474 0.819267 0.018503 0.028715
0.0 0.488352 0.911031 0.021305 0.033732
0.0 0.535959 0.154286 0.021790 0.029442
0.0 0.396212 0.782600 0.016701 0.033591
0.0 0.423810 0.773078 0.018503 0.028715
0.0 0.311665 0.526666 0.015763 0.033383
0.0 0.584251 0.272551 0.021290 0.038124
0.0 0.617568 0.289580 0.019321 0.036809
0.0 0.637223 0.387256 0.016520 0.031793
0.0 0.706194 0.293567 0.023333 0.044732
0.0 0.382819 0.915255 0.012704 0.021276
