0.0 0.704586 0.229402 0.018027 0.032509
0.0 0.501038 0.949523 0.019295 0.025626
0.0 0.711109 0.406460 0.020358 0.038417
0.0 0.568380 0.111205 0.017548 0.033491
0.0 0.635813 0.574869 0.021065 0.030549
0.0 0.535439 0.988969 0.020856 0.022062
0.0 0.425481 0.762802 0.015198 0.039388
0.0 0.442567 0.697340 0.023666 0.030556
0.0 0.577832 0.905060 0.018589 0.033494
0.0 0.723280 0.836324 0.020628 0.032516
0.0 0.538245 0.887945 0.023062 0.028587
0.0 0.684062 0.326845 0.018631 0.034477
0.0 0.316021 0.725204 0.016299 0.028570
0.0 0.362749 0.898717 0.019378 0.027594
0.0 0.467615 0.964855 0.020461 0.028580
0.0 0.572693 0.781123 0.023707 0.031540
0.0 0.387346 0.307425 0.019378 0.027594
0.0 0.669594 0.771532 0.021399 0.038420
0.0 0.539664 0.101440 0.022583 0.029569
0.0 0.372968 0.413214 0.017423 0.030540
0.0 0.769029 0.543053 0.016717 0.038408
0.0 0.571540 0.244986 0.016424 0.031522
0.0 0.607600 0.253256 0.019754 0.036448
0.0 0.636914 0.353033 0.016861 0.029555
0.0 0.555765 0.781657 0.013948 0.034466
0.0 0.543382 0.969090 0.013219 0.029546
0.0 0.558440 0.951346 0.018774 0.025624
0.0 0.306587 0.886070 0.018589 0.033494
0.0 0.308460 0.878686 0.015426 0.032503
