0.0 0.494531 0.211111 0.022396 0.024074
0.0 0.325000 0.356019 0.020833 0.037963
0.0 0.287240 0.642130 0.020313 0.028704
0.0 0.449219 0.496759 0.015104 0.030556
0.0 0.386458 0.540741 0.016667 0.020370
0.0 0.576823 0.299074 0.019271 0.022222
0.0 0.539062 0.078241 0.022917 0.030556
0.0 0.535156 0.945370 0.017188 0.022222
0.0 0.724479 0.350926 0.015625 0.029630
0.0 0.373958 0.763889 0.016667 0.027778
0.0 0.707813 0.375463 0.017708 0.036111
0.0 0.746094 0.558333 0.016146 0.027778
0.0 0.299740 0.380556 0.020313 0.038889
0.0 0.748177 0.268981 0.013021 0.030556
0.0 0.459115 0.828241 0.020313 0.030556
0.0 0.372656 0.668056 0.019271 0.032407
0.0 0.708854 0.779167 0.017708 0.025000
0.0 0.708594 0.868519 0.019271 0.031481
0.0 0.334635 0.656019 0.015104 0.034259
0.0 0.292448 0.508333 0.015104 0.038889
0.0 0.624219 0.138889 0.019271 0.027778
0.0 0.657813 0.928704 0.017708 0.022222
0.0 0.741146 0.403704 0.013542 0.031481
0.0 0.653646 0.781481 0.019792 0.024074
0.0 0.726042 0.226389 0.020833 0.030556
0.0 0.454688 0.220833 0.019792 0.030556
0.0 0.420573 0.321759 0.013021 0.025000
0.0 0.356771 0.206481 0.021875 0.037037
0.0 0.317969 0.371759 0.016146 0.036111
0.0 0.342187 0.456481 0.013542 0.031481
