0.0 0.554448 0.269502 0.020786 0.024741
0.0 0.711713 0.420502 0.019369 0.038149
0.0 0.747281 0.700884 0.018867 0.029117
0.0 0.597007 0.549886 0.014049 0.030606
0.0 0.655207 0.596393 0.015474 0.020798
0.0 0.478447 0.350089 0.017889 0.022754
0.0 0.512937 0.137678 0.021282 0.031073
0.0 0.518400 0.980836 0.015960 0.022629
0.0 0.341854 0.391665 0.014529 0.029737
0.0 0.667255 0.814059 0.015490 0.027999
0.0 0.357336 0.416514 0.016471 0.036162
0.0 0.322284 0.591990 0.015008 0.027968
0.0 0.735151 0.445864 0.018889 0.039018
0.0 0.319740 0.310590 0.012120 0.030482
0.0 0.588551 0.871523 0.018871 0.030918
0.0 0.668256 0.720979 0.017911 0.032655
0.0 0.357232 0.808887 0.016448 0.025361
0.0 0.357663 0.895760 0.017909 0.031755
0.0 0.703431 0.711552 0.014057 0.034206
0.0 0.742175 0.570511 0.014067 0.038707
0.0 0.434226 0.191541 0.017901 0.028155
0.0 0.404806 0.957302 0.016442 0.022661
0.0 0.326536 0.441973 0.012605 0.031412
0.0 0.408350 0.814437 0.018375 0.024585
0.0 0.340142 0.270511 0.019353 0.030949
0.0 0.591356 0.281335 0.018389 0.030886
0.0 0.623156 0.381483 0.012108 0.025081
0.0 0.681980 0.273238 0.020331 0.037311
0.0 0.718256 0.436223 0.015025 0.036068
0.0 0.696014 0.517132 0.012605 0.031412
