0.0 0.577010 0.287060 0.022845 0.029393
0.0 0.725167 0.475352 0.022430 0.041609
0.0 0.738944 0.749899 0.021241 0.032954
0.0 0.597911 0.563655 0.016491 0.032946
0.0 0.653491 0.624506 0.017187 0.024123
0.0 0.493106 0.340726 0.019772 0.026673
0.0 0.545273 0.150722 0.023825 0.035503
0.0 0.483274 0.946616 0.017816 0.025991
0.0 0.350581 0.339901 0.016910 0.032268
0.0 0.648326 0.833086 0.017748 0.030912
0.0 0.364367 0.367842 0.019356 0.038889
0.0 0.314586 0.522887 0.017259 0.030741
0.0 0.747020 0.506107 0.022012 0.042287
0.0 0.334543 0.257050 0.014536 0.032264
0.0 0.563520 0.864177 0.021381 0.034651
0.0 0.656805 0.745693 0.020543 0.036006
0.0 0.332818 0.737445 0.018515 0.028707
0.0 0.326296 0.819411 0.020473 0.035158
0.0 0.693405 0.747110 0.016772 0.036339
0.0 0.744188 0.625586 0.017122 0.040582
0.0 0.460748 0.178419 0.020192 0.031764
0.0 0.369404 0.891188 0.018304 0.026161
0.0 0.330940 0.382809 0.015095 0.033282
0.0 0.384464 0.757640 0.020401 0.028540
0.0 0.358545 0.225266 0.021869 0.034821
0.0 0.613673 0.309013 0.020892 0.034480
0.0 0.638052 0.412668 0.014115 0.027172
0.0 0.706670 0.327918 0.023338 0.041101
0.0 0.730575 0.492078 0.017890 0.038377
0.0 0.701427 0.561786 0.015095 0.033282
