0 0.505469 0.211111 0.022396 0.024074
0 0.675000 0.356019 0.020833 0.037963
0 0.712760 0.642130 0.020313 0.028704
0 0.550781 0.496759 0.015104 0.030556
0 0.613542 0.540741 0.016667 0.020370
0 0.423177 0.299074 0.019271 0.022222
0 0.460938 0.078241 0.022917 0.030556
0 0.464844 0.945370 0.017188 0.022222
0 0.275521 0.350926 0.015625 0.029630
0 0.626042 0.763889 0.016667 0.027778
0 0.292187 0.375463 0.017708 0.036111
0 0.253906 0.558333 0.016146 0.027778
0 0.700260 0.380556 0.020313 0.038889
0 0.251823 0.268981 0.013021 0.030556
0 0.540885 0.828241 0.020313 0.030556
0 0.627344 0.668056 0.019271 0.032407
0 0.291146 0.779167 0.017708 0.025000
0 0.291406 0.868519 0.019271 0.031481
0 0.665365 0.656019 0.015104 0.034259
0 0.707552 0.508333 0.015104 0.038889
0 0.375781 0.138889 0.019271 0.027778
0 0.342187 0.928704 0.017708 0.022222
0 0.258854 0.403704 0.013542 0.031481
0 0.346354 0.781481 0.019792 0.024074
0 0.273958 0.226389 0.020833 0.030556
0 0.545312 0.220833 0.019792 0.030556
0 0.579427 0.321759 0.013021 0.025000
0 0.643229 0.206481 0.021875 0.037037
0 0.682031 0.371759 0.016146 0.036111
0 0.657813 0.456481 0.013542 0.031481
