0.0 0.631250 0.213889 0.014583 0.027778
0.0 0.642708 0.198148 0.017708 0.033333
0.0 0.301042 0.631944 0.017708 0.032407
0.0 0.536979 0.852315 0.018750 0.030556
0.0 0.398177 0.830093 0.018229 0.026852
0.0 0.211719 0.453704 0.016146 0.037037
0.0 0.402604 0.445833 0.017708 0.028704
0.0 0.545573 0.800926 0.017188 0.025926
0.0 0.515365 0.844907 0.020313 0.026852
0.0 0.347396 0.681481 0.017708 0.024074
0.0 0.696875 0.367130 0.026042 0.032407
0.0 0.680729 0.412500 0.018750 0.034259
0.0 0.239063 0.361111 0.013542 0.029630
0.0 0.264583 0.458796 0.020833 0.030556
0.0 0.716667 0.484259 0.015625 0.037037
0.0 0.359375 0.589352 0.021875 0.030556
0.0 0.367188 0.286574 0.023958 0.028704
0.0 0.440104 0.150463 0.019792 0.032407
0.0 0.566406 0.937500 0.022396 0.032407
0.0 0.412760 0.941204 0.021354 0.028704
0.0 0.421615 0.199074 0.019271 0.033333
0.0 0.569271 0.676389 0.019792 0.034259
0.0 0.379688 0.958796 0.020833 0.028704
0.0 0.439583 0.866667 0.019792 0.025926
0.0 0.281771 0.793981 0.016667 0.030556
0.0 0.401042 0.517130 0.020833 0.032407
0.0 0.478646 0.199074 0.017708 0.024074
0.0 0.506771 0.185185 0.018750 0.035185
0.0 0.578646 0.335185 0.013542 0.029630
0.0 0.500000 0.612500 0.017708 0.026852
