0.0 0.664199 0.312674 0.013610 0.028107
0.0 0.674311 0.300403 0.016520 0.033767
0.0 0.372221 0.633782 0.016506 0.032920
0.0 0.588873 0.879060 0.017419 0.031421
0.0 0.463078 0.833004 0.016891 0.027937
0.0 0.288732 0.454216 0.015166 0.036865
0.0 0.461134 0.482406 0.016449 0.029534
0.0 0.595845 0.833656 0.015936 0.026897
0.0 0.569223 0.868278 0.018775 0.028323
0.0 0.414882 0.687679 0.016377 0.025299
0.0 0.725882 0.464985 0.024038 0.034465
0.0 0.711991 0.503484 0.017476 0.034807
0.0 0.312013 0.374606 0.012698 0.029608
0.0 0.336590 0.468674 0.019302 0.031807
0.0 0.745583 0.575772 0.014695 0.036768
0.0 0.424284 0.605645 0.020244 0.032000
0.0 0.426661 0.330193 0.022098 0.030692
0.0 0.490457 0.219232 0.018390 0.033307
0.0 0.616787 0.962420 0.020743 0.033789
0.0 0.477977 0.937323 0.019744 0.030210
0.0 0.474499 0.260261 0.017933 0.034057
0.0 0.615337 0.724156 0.018418 0.035000
0.0 0.448359 0.947280 0.019273 0.030113
0.0 0.501067 0.874129 0.018289 0.027379
0.0 0.357310 0.778398 0.015537 0.031034
0.0 0.460826 0.547320 0.019331 0.033500
0.0 0.526044 0.270834 0.016377 0.025299
0.0 0.551249 0.263346 0.017491 0.035654
0.0 0.618531 0.413851 0.012698 0.029608
0.0 0.551741 0.652885 0.016420 0.027840
