0.0 0.658990 0.882653 0.015929 0.026191
0.0 0.537534 0.958970 0.020247 0.026867
0.0 0.525560 0.215152 0.021866 0.027121
0.0 0.675780 0.218745 0.022231 0.042974
0.0 0.644136 0.923170 0.018741 0.028606
0.0 0.666057 0.858432 0.015164 0.022122
0.0 0.535870 0.920037 0.018088 0.026529
0.0 0.373319 0.406339 0.017517 0.035325
0.0 0.440649 0.470155 0.019614 0.053424
0.0 0.511760 0.898188 0.017404 0.033333
0.0 0.740175 0.360406 0.023849 0.043228
0.0 0.587203 0.992456 0.021439 0.015089
0.0 0.541542 0.991027 0.020843 0.017945
0.0 0.327921 0.378780 0.020385 0.038736
0.0 0.411652 0.875687 0.021295 0.035917
0.0 0.267541 0.394273 0.016494 0.036151
0.0 0.771006 0.745507 0.023022 0.056920
0.0 0.734706 0.878326 0.023341 0.034263
0.0 0.625022 0.773409 0.022971 0.037166
0.0 0.737379 0.824643 0.016664 0.039140
0.0 0.296646 0.523374 0.018653 0.036490
0.0 0.538944 0.244712 0.020642 0.033840
0.0 0.616539 0.364706 0.016268 0.032168
0.0 0.415522 0.900708 0.016895 0.024367
0.0 0.428682 0.999951 0.018571 0.000099
