0.0 0.456104 0.242170 0.020718 0.028135
0.0 0.679966 0.746563 0.012961 0.036171
0.0 0.696974 0.627585 0.016403 0.039348
0.0 0.508896 0.437270 0.017765 0.025023
0.0 0.273988 0.438018 0.016885 0.038505
0.0 0.408796 0.911084 0.016351 0.032089
0.0 0.684471 0.488451 0.014884 0.031894
0.0 0.413142 0.936850 0.018756 0.026968
0.0 0.410093 0.615247 0.019252 0.027940
0.0 0.422257 0.503269 0.017843 0.035912
0.0 0.646965 0.411224 0.015392 0.034680
0.0 0.659222 0.686188 0.015320 0.024698
0.0 0.246953 0.693670 0.015901 0.037468
0.0 0.637839 0.741255 0.019740 0.028005
0.0 0.531039 0.521985 0.015934 0.042006
0.0 0.377978 0.436933 0.017322 0.031311
0.0 0.364450 0.903345 0.021768 0.038247
0.0 0.695413 0.444761 0.012935 0.032541
0.0 0.588900 0.231358 0.019245 0.027033
0.0 0.434157 0.966761 0.016299 0.024828
0.0 0.723332 0.550057 0.018352 0.038700
0.0 0.492652 0.798220 0.019285 0.032478
0.0 0.617886 0.314711 0.014421 0.035458
0.0 0.444827 0.273189 0.019271 0.030663
0.0 0.316373 0.275249 0.023691 0.033969
0.0 0.312887 0.436943 0.013378 0.026254
0.0 0.260926 0.425218 0.012485 0.037921
0.0 0.270598 0.477072 0.014342 0.024569
0.0 0.381117 0.397003 0.015360 0.030144
0.0 0.700533 0.646187 0.012478 0.037014
