0 0.491146 0.187037 0.021875 0.025926
0 0.256771 0.731481 0.013542 0.035185
0 0.237760 0.612500 0.017188 0.037963
0 0.436458 0.393056 0.018750 0.023148
0 0.686458 0.362037 0.017708 0.037037
0 0.546615 0.862500 0.017188 0.030556
0 0.250000 0.468981 0.015625 0.030556
0 0.542188 0.889352 0.019792 0.025000
0 0.542969 0.561111 0.020313 0.025926
0 0.529167 0.448611 0.018750 0.034259
0 0.289323 0.385185 0.016146 0.033333
0 0.278385 0.667130 0.016146 0.023148
0 0.717187 0.618981 0.016667 0.036111
0 0.301563 0.720370 0.020833 0.025926
0 0.413542 0.482407 0.016667 0.040741
0 0.575781 0.375000 0.018229 0.029630
0 0.593750 0.848611 0.022917 0.036111
0 0.238021 0.425926 0.013542 0.031481
0 0.349740 0.193981 0.020313 0.025000
0 0.520052 0.922685 0.017188 0.023148
0 0.209115 0.537037 0.019271 0.037037
0 0.456510 0.758796 0.020313 0.030556
0 0.319531 0.282870 0.015104 0.034259
0 0.503385 0.217130 0.020313 0.028704
0 0.640104 0.201852 0.025000 0.031481
0 0.645052 0.366204 0.014063 0.025000
0 0.700260 0.347222 0.013021 0.037037
0 0.690365 0.401389 0.015104 0.023148
0 0.572135 0.334722 0.016146 0.028704
0 0.234115 0.631944 0.013021 0.036111
