0.0 0.602394 0.783438 0.021242 0.042443
0.0 0.542538 0.216930 0.023143 0.036298
0.0 0.716755 0.274799 0.021661 0.041603
0.0 0.617252 0.785273 0.019768 0.032584
0.0 0.450692 0.284023 0.021215 0.032009
0.0 0.426043 0.653702 0.021209 0.047174
0.0 0.740825 0.316910 0.018896 0.038994
0.0 0.387102 0.366877 0.019253 0.032452
0.0 0.408995 0.684717 0.021956 0.029356
0.0 0.309637 0.659607 0.018320 0.033159
0.0 0.347458 0.669355 0.022951 0.034353
0.0 0.662150 0.763430 0.018574 0.040807
0.0 0.730985 0.688910 0.021050 0.040497
0.0 0.346209 0.930360 0.025716 0.036961
0.0 0.486363 0.430364 0.021956 0.029356
0.0 0.578296 0.255569 0.023432 0.039215
0.0 0.346351 0.552370 0.021085 0.035767
0.0 0.256435 0.541164 0.018443 0.044566
0.0 0.494209 0.925118 0.022663 0.031434
0.0 0.384784 0.855022 0.016358 0.033601
0.0 0.545736 0.910969 0.021537 0.030196
0.0 0.568731 0.961282 0.018162 0.026482
0.0 0.680633 0.867439 0.021503 0.034927
0.0 0.276617 0.796222 0.019445 0.034397
0.0 0.570042 0.280373 0.019699 0.042045
0.0 0.631428 0.401424 0.019795 0.043018
0.0 0.335340 0.519609 0.019287 0.027721
0.0 0.371615 0.897510 0.015397 0.023874
