0 0.470313 0.965278 0.020833 0.023148
0 0.574479 0.704167 0.017708 0.036111
0 0.460156 0.192593 0.020313 0.029630
0 0.637760 0.204630 0.018229 0.035185
0 0.589323 0.702315 0.017188 0.026852
0 0.376042 0.276852 0.018750 0.025926
0 0.387760 0.625926 0.017188 0.040741
0 0.665625 0.237963 0.015625 0.033333
0 0.321354 0.368981 0.016667 0.026852
0 0.373958 0.658796 0.019792 0.023148
0 0.273438 0.659259 0.015625 0.027778
0 0.311719 0.659259 0.020313 0.027778
0 0.631510 0.671296 0.015104 0.035185
0 0.692187 0.585648 0.017708 0.034259
0 0.335938 0.901852 0.022917 0.029630
0 0.425521 0.404167 0.019792 0.023148
0 0.499219 0.219907 0.020313 0.032407
0 0.299219 0.550926 0.018229 0.029630
0 0.209375 0.562037 0.014583 0.038889
0 0.481510 0.861574 0.020313 0.025000
0 0.366667 0.822685 0.013542 0.028704
0 0.530990 0.836111 0.019271 0.024074
0 0.558594 0.877315 0.016146 0.021296
0 0.659896 0.763426 0.018750 0.028704
0 0.530208 0.956481 0.017708 0.022222
0 0.254167 0.793981 0.016667 0.028704
0 0.493490 0.244907 0.016146 0.036111
0 0.565885 0.342593 0.016146 0.037037
0 0.285156 0.523148 0.017188 0.022222
0 0.357812 0.865278 0.013542 0.019444
