0.0 0.541256 0.803650 0.018008 0.026402
0.0 0.424765 0.990584 0.014824 0.018832
0.0 0.496476 0.252728 0.019588 0.028393
0.0 0.622696 0.426828 0.016891 0.022713
0.0 0.283352 0.347762 0.015792 0.038430
0.0 0.260489 0.487305 0.019679 0.050453
0.0 0.264145 0.436951 0.019877 0.039017
0.0 0.671481 0.652633 0.018104 0.029943
0.0 0.631233 0.524373 0.019174 0.031861
0.0 0.720804 0.362889 0.018735 0.034443
0.0 0.343981 0.886262 0.017570 0.028985
0.0 0.239140 0.524329 0.020291 0.035549
0.0 0.367979 0.976291 0.015576 0.030462
0.0 0.478924 0.954602 0.017450 0.024557
0.0 0.458377 0.988936 0.017960 0.022128
0.0 0.682284 0.722955 0.016087 0.030535
0.0 0.654411 0.728728 0.017619 0.030755
0.0 0.580900 0.767080 0.020340 0.037320
0.0 0.710927 0.642109 0.013997 0.028470
0.0 0.551509 0.866112 0.020586 0.027654
0.0 0.615169 0.900169 0.019612 0.029278
0.0 0.344053 0.967827 0.017228 0.035108
0.0 0.465481 0.307896 0.019805 0.036361
0.0 0.388608 0.413757 0.017084 0.029797
0.0 0.320023 0.289573 0.027120 0.043587
0.0 0.273248 0.466949 0.011761 0.021093
0.0 0.288592 0.435640 0.018543 0.027360
0.0 0.538198 0.822609 0.017864 0.021089
0.0 0.657454 0.654210 0.014459 0.026773
