0 0.591927 0.741667 0.015104 0.020370
0 0.670833 0.250926 0.016667 0.038889
0 0.460677 0.380093 0.018229 0.025000
0 0.489063 0.628241 0.014583 0.034259
0 0.224219 0.688426 0.017188 0.036111
0 0.678385 0.395833 0.015104 0.032407
0 0.526042 0.570370 0.017708 0.027778
0 0.564844 0.784259 0.018229 0.025926
0 0.694271 0.356019 0.019792 0.036111
0 0.341146 0.897222 0.017708 0.024074
0 0.250260 0.495370 0.011979 0.031481
0 0.279427 0.618056 0.015104 0.034259
0 0.682552 0.542130 0.014063 0.034259
0 0.592708 0.389815 0.019792 0.033333
0 0.645833 0.636111 0.016667 0.035185
0 0.255729 0.769907 0.018750 0.037963
0 0.607552 0.804630 0.018229 0.025926
0 0.306250 0.785648 0.017708 0.032407
0 0.344792 0.763889 0.018750 0.040741
0 0.429688 0.883333 0.017708 0.024074
0 0.618750 0.856019 0.017708 0.026852
0 0.374479 0.892593 0.019792 0.025926
0 0.519271 0.916204 0.018750 0.032407
0 0.445833 0.182407 0.022917 0.033333
0 0.488281 0.247222 0.021354 0.037037
0 0.568490 0.343056 0.014063 0.032407
0 0.639583 0.202315 0.022917 0.037963
0 0.668750 0.351389 0.012500 0.025000
