0.0 0.318167 0.383754 0.014753 0.038226
0.0 0.673811 0.335455 0.013478 0.026007
0.0 0.499474 0.230181 0.018854 0.032335
0.0 0.333480 0.461528 0.015228 0.038294
0.0 0.709504 0.320520 0.016754 0.042217
0.0 0.729362 0.698915 0.014678 0.035438
0.0 0.339819 0.482965 0.014653 0.034508
0.0 0.387619 0.842046 0.015853 0.026348
0.0 0.728242 0.421645 0.019479 0.037979
0.0 0.361694 0.618129 0.012252 0.033237
0.0 0.373742 0.861512 0.014152 0.033510
0.0 0.745505 0.577607 0.015753 0.040222
0.0 0.367794 0.719305 0.014553 0.030791
0.0 0.370877 0.330209 0.016053 0.033783
0.0 0.526839 0.932014 0.019653 0.026894
0.0 0.739755 0.481147 0.016304 0.043078
0.0 0.312680 0.330717 0.013278 0.036162
0.0 0.624329 0.897962 0.017403 0.031200
0.0 0.638659 0.817447 0.017053 0.035779
0.0 0.505363 0.817433 0.020354 0.035327
0.0 0.579435 0.882652 0.018228 0.026689
0.0 0.341249 0.881572 0.017828 0.029410
0.0 0.406331 0.386150 0.020254 0.031610
0.0 0.624110 0.631551 0.017103 0.037638
0.0 0.549355 0.299390 0.019304 0.031473
0.0 0.615350 0.398904 0.015678 0.037433
0.0 0.685701 0.274649 0.024805 0.042447
0.0 0.690174 0.436239 0.012703 0.032377
0.0 0.435214 0.845614 0.015978 0.030996
