0 0.226302 0.537500 0.014063 0.032407
0 0.666667 0.245833 0.020833 0.041667
0 0.294271 0.787963 0.015625 0.020370
0 0.485417 0.658796 0.019792 0.047222
0 0.671875 0.523148 0.016667 0.025926
0 0.634635 0.879167 0.019271 0.036111
0 0.241927 0.496759 0.017188 0.039815
0 0.261979 0.579167 0.013542 0.028704
0 0.340625 0.795370 0.017708 0.025926
0 0.690885 0.351389 0.020313 0.036111
0 0.288802 0.196296 0.014063 0.033333
0 0.559896 0.812500 0.019792 0.028704
0 0.352865 0.472222 0.021354 0.027778
0 0.241667 0.745833 0.019792 0.025000
0 0.404427 0.521759 0.016146 0.036111
0 0.427344 0.897685 0.020313 0.023148
0 0.532813 0.834259 0.015625 0.038889
0 0.602344 0.904630 0.021354 0.040741
0 0.375521 0.618056 0.014583 0.032407
0 0.357292 0.712500 0.020833 0.026852
0 0.578906 0.135185 0.019271 0.038889
0 0.432292 0.950926 0.019792 0.024074
0 0.308854 0.847222 0.018750 0.024074
0 0.486198 0.140741 0.020313 0.027778
0 0.436719 0.189815 0.022396 0.031481
0 0.491406 0.249537 0.020313 0.037963
0 0.566146 0.342593 0.013542 0.035185
0 0.640104 0.205556 0.020833 0.031481
0 0.665104 0.359722 0.013542 0.034259
0 0.234635 0.532870 0.011979 0.034259
