0.0 0.302467 0.415860 0.019899 0.031780
0.0 0.326551 0.256821 0.022000 0.038780
0.0 0.290334 0.403373 0.020020 0.033486
0.0 0.598422 0.957214 0.022044 0.024392
0.0 0.471100 0.969698 0.019828 0.023306
0.0 0.609549 0.934341 0.022235 0.034572
0.0 0.475570 0.320620 0.021088 0.025982
0.0 0.382485 0.271455 0.018752 0.023190
0.0 0.517801 0.973018 0.021809 0.028600
0.0 0.430423 0.824735 0.017614 0.022220
0.0 0.630421 0.599562 0.013792 0.028582
0.0 0.296444 0.290973 0.022182 0.041340
0.0 0.589430 0.573214 0.023077 0.038897
0.0 0.305311 0.733854 0.019716 0.029221
0.0 0.470032 0.855232 0.021392 0.030248
0.0 0.651751 0.734269 0.020132 0.027572
0.0 0.351516 0.885001 0.022947 0.029570
0.0 0.714767 0.676157 0.017744 0.031547
0.0 0.305028 0.825389 0.018995 0.026603
0.0 0.682489 0.485673 0.018465 0.034165
0.0 0.279320 0.672154 0.020020 0.033486
0.0 0.634663 0.817973 0.020975 0.031896
0.0 0.542081 0.693202 0.021870 0.029453
0.0 0.312802 0.910486 0.024327 0.033951
0.0 0.567747 0.298756 0.021574 0.032807
0.0 0.385291 0.331082 0.018874 0.024896
0.0 0.395747 0.397554 0.017327 0.033196
0.0 0.381880 0.569302 0.015234 0.033817
0.0 0.498511 0.965778 0.024501 0.028891
0.0 0.455893 0.977514 0.022938 0.021948
