0 0.378906 0.216667 0.018229 0.035185
0 0.519792 0.462500 0.020833 0.023148
0 0.280208 0.696759 0.013542 0.023148
0 0.262500 0.681944 0.014583 0.026852
0 0.403906 0.937500 0.018229 0.023148
0 0.573438 0.404630 0.016667 0.031481
0 0.321615 0.627315 0.017188 0.034259
0 0.665625 0.237037 0.015625 0.033333
0 0.383854 0.924074 0.016667 0.025926
0 0.272917 0.653704 0.020833 0.024074
0 0.605729 0.681481 0.016667 0.020370
0 0.469531 0.698611 0.019271 0.028704
0 0.591406 0.728241 0.019271 0.021296
0 0.352604 0.609259 0.019792 0.031481
0 0.712500 0.512500 0.015625 0.041667
0 0.387760 0.615741 0.018229 0.029630
0 0.547917 0.405093 0.020833 0.030556
0 0.678385 0.758333 0.018229 0.033333
0 0.243490 0.442130 0.017188 0.030556
0 0.441146 0.704630 0.015625 0.025926
0 0.229687 0.340741 0.014583 0.035185
0 0.303125 0.851852 0.017708 0.027778
0 0.483073 0.080556 0.021354 0.025926
0 0.674219 0.623148 0.016146 0.040741
0 0.583594 0.927778 0.020313 0.025926
0 0.491406 0.249074 0.016146 0.029630
0 0.561719 0.336574 0.013021 0.026852
0 0.637760 0.205093 0.022396 0.041667
0 0.653385 0.359259 0.010937 0.031481
0 0.657552 0.509259 0.013021 0.035185
