0.0 0.621094 0.216667 0.018229 0.035185
0.0 0.480208 0.462500 0.020833 0.023148
0.0 0.719792 0.696759 0.013542 0.023148
0.0 0.737500 0.681944 0.014583 0.026852
0.0 0.596094 0.937500 0.018229 0.023148
0.0 0.426562 0.404630 0.016667 0.031481
0.0 0.678385 0.627315 0.017188 0.034259
0.0 0.334375 0.237037 0.015625 0.033333
0.0 0.616146 0.924074 0.016667 0.025926
0.0 0.727083 0.653704 0.020833 0.024074
0.0 0.394271 0.681481 0.016667 0.020370
0.0 0.530469 0.698611 0.019271 0.028704
0.0 0.408594 0.728241 0.019271 0.021296
0.0 0.647396 0.609259 0.019792 0.031481
0.0 0.287500 0.512500 0.015625 0.041667
0.0 0.612240 0.615741 0.018229 0.029630
0.0 0.452083 0.405093 0.020833 0.030556
0.0 0.321615 0.758333 0.018229 0.033333
0.0 0.756510 0.442130 0.017188 0.030556
0.0 0.558854 0.704630 0.015625 0.025926
0.0 0.770313 0.340741 0.014583 0.035185
0.0 0.696875 0.851852 0.017708 0.027778
0.0 0.516927 0.080556 0.021354 0.025926
0.0 0.325781 0.623148 0.016146 0.040741
0.0 0.416406 0.927778 0.020313 0.025926
0.0 0.508594 0.249074 0.016146 0.029630
0.0 0.438281 0.336574 0.013021 0.026852
0.0 0.362240 0.205093 0.022396 0.041667
0.0 0.346615 0.359259 0.010937 0.031481
0.0 0.342448 0.509259 0.013021 0.035185
