0 0.490104 0.251852 0.021875 0.033333
0 0.636719 0.692130 0.015104 0.036111
0 0.638802 0.216204 0.022396 0.050926
0 0.667188 0.354630 0.020833 0.033333
0 0.619531 0.721759 0.016146 0.025000
0 0.692708 0.354167 0.019792 0.037963
0 0.613802 0.880093 0.019271 0.034259
0 0.665104 0.236111 0.017708 0.037037
0 0.648438 0.573611 0.015625 0.026852
0 0.315365 0.716204 0.015104 0.030556
0 0.663281 0.713889 0.016146 0.035185
0 0.663281 0.815278 0.020313 0.026852
0 0.320573 0.392130 0.017188 0.025000
0 0.666406 0.482407 0.021354 0.033333
0 0.341927 0.124537 0.022396 0.030556
0 0.513281 0.829630 0.018229 0.024074
0 0.642448 0.861111 0.019271 0.025926
0 0.213021 0.561111 0.014583 0.031481
0 0.366927 0.829167 0.020313 0.032407
0 0.695312 0.715278 0.017708 0.036111
0 0.296094 0.332870 0.020313 0.025000
0 0.486198 0.783796 0.018229 0.025000
0 0.372396 0.581019 0.021875 0.030556
0 0.444531 0.875000 0.018229 0.024074
0 0.292708 0.840278 0.016667 0.032407
0 0.364844 0.274074 0.017188 0.031481
0 0.561719 0.340278 0.014063 0.037963
0 0.681771 0.351852 0.012500 0.033333
0 0.679427 0.426389 0.013021 0.043519
0 0.268490 0.747222 0.014063 0.029630
