0 0.640625 0.215278 0.021875 0.041667
0 0.641667 0.713889 0.013542 0.029630
0 0.477083 0.969907 0.017708 0.023148
0 0.504687 0.956481 0.026042 0.038889
0 0.638802 0.586574 0.014063 0.030556
0 0.286458 0.658333 0.015625 0.025926
0 0.692708 0.355556 0.020833 0.037037
0 0.532552 0.967593 0.019271 0.025926
0 0.553646 0.543519 0.017708 0.031481
0 0.508854 0.624074 0.015625 0.033333
0 0.491406 0.899537 0.020313 0.026852
0 0.455990 0.858333 0.019271 0.024074
0 0.721094 0.515741 0.018229 0.040741
0 0.582031 0.691204 0.013021 0.034259
0 0.666146 0.246759 0.018750 0.045370
0 0.307292 0.196296 0.016667 0.031481
0 0.692708 0.730556 0.016667 0.040741
0 0.213021 0.595833 0.014583 0.037963
0 0.307812 0.871759 0.017708 0.023148
0 0.658333 0.705093 0.016667 0.036111
0 0.302344 0.625000 0.021354 0.025926
0 0.338021 0.797222 0.017708 0.027778
0 0.361198 0.554630 0.021354 0.031481
0 0.354687 0.272222 0.017708 0.029630
0 0.490885 0.251852 0.020313 0.035185
0 0.570052 0.354167 0.017188 0.039815
0 0.665365 0.370370 0.011979 0.027778
0 0.671094 0.404630 0.009896 0.024074
0 0.453125 0.950926 0.020833 0.020370
