0.0 0.317126 0.432349 0.022352 0.027227
0.0 0.443194 0.200597 0.014513 0.029670
0.0 0.692423 0.878375 0.020726 0.031352
0.0 0.279266 0.321973 0.015720 0.035034
0.0 0.707849 0.903919 0.019651 0.034682
0.0 0.585677 0.655297 0.012835 0.030318
0.0 0.306267 0.347728 0.011761 0.033647
0.0 0.750952 0.631232 0.017357 0.031778
0.0 0.347116 0.745110 0.015011 0.025396
0.0 0.559425 0.987512 0.021264 0.024975
0.0 0.315934 0.492303 0.020792 0.035699
0.0 0.532018 0.823367 0.025773 0.030279
0.0 0.253835 0.565179 0.015130 0.033221
0.0 0.304632 0.530024 0.020739 0.032221
0.0 0.326238 0.259746 0.018525 0.034534
0.0 0.481073 0.980031 0.025839 0.034625
0.0 0.518184 0.208687 0.021356 0.035773
0.0 0.757044 0.750945 0.020805 0.036569
0.0 0.351640 0.875071 0.021382 0.037512
0.0 0.636515 0.673288 0.021448 0.041859
0.0 0.575973 0.773811 0.022862 0.023822
0.0 0.293692 0.618319 0.018485 0.031925
0.0 0.423739 0.962059 0.017974 0.035330
0.0 0.306703 0.821700 0.016860 0.036051
0.0 0.383004 0.910981 0.023139 0.042081
0.0 0.574501 0.963968 0.017882 0.029244
0.0 0.610904 0.872477 0.018970 0.026783
0.0 0.631039 0.866841 0.024055 0.028318
