0.0 0.332273 0.228078 0.025057 0.042199
0.0 0.490193 0.304327 0.026125 0.032445
0.0 0.694400 0.842695 0.023174 0.031040
0.0 0.461157 0.927141 0.026365 0.029776
0.0 0.454812 0.904901 0.024989 0.032252
0.0 0.273675 0.369989 0.024509 0.037589
0.0 0.352896 0.652443 0.022148 0.031769
0.0 0.658142 0.925868 0.023743 0.031137
0.0 0.298134 0.264118 0.021887 0.038949
0.0 0.295936 0.485222 0.022168 0.027256
0.0 0.253750 0.537761 0.022496 0.030021
0.0 0.596122 0.974563 0.020813 0.025219
0.0 0.257195 0.840706 0.023044 0.034630
0.0 0.235468 0.845472 0.024050 0.038414
0.0 0.541198 0.524140 0.024880 0.031330
0.0 0.721217 0.807289 0.020531 0.036912
0.0 0.676225 0.688188 0.021558 0.036184
0.0 0.707313 0.655861 0.019286 0.035797
0.0 0.410871 0.191139 0.024551 0.028565
0.0 0.232055 0.434851 0.027022 0.035307
0.0 0.677286 0.786647 0.026434 0.039723
0.0 0.264176 0.647689 0.019395 0.036719
0.0 0.356945 0.950316 0.025339 0.030505
0.0 0.307439 0.671510 0.025318 0.035017
0.0 0.604864 0.180893 0.023983 0.028468
0.0 0.660039 0.368029 0.027700 0.036325
0.0 0.671836 0.876473 0.025229 0.029583
0.0 0.285069 0.608453 0.022038 0.030847
0.0 0.390842 0.386637 0.023612 0.034727
