0.0 0.509635 0.255556 0.020313 0.027778
0.0 0.534896 0.775000 0.015625 0.029630
0.0 0.317187 0.470833 0.012500 0.028704
0.0 0.327604 0.259259 0.015625 0.042593
0.0 0.527604 0.983796 0.020833 0.026852
0.0 0.499479 0.969907 0.016667 0.019444
0.0 0.288802 0.497685 0.020313 0.026852
0.0 0.433854 0.122222 0.019792 0.042593
0.0 0.617448 0.863426 0.017188 0.021296
0.0 0.411979 0.682407 0.014583 0.027778
0.0 0.452604 0.471759 0.020833 0.028704
0.0 0.307813 0.350926 0.020833 0.040741
0.0 0.674219 0.311574 0.015104 0.025000
0.0 0.680208 0.756944 0.018750 0.030556
0.0 0.783594 0.633796 0.018229 0.030556
0.0 0.605729 0.605093 0.013542 0.030556
0.0 0.755990 0.408333 0.016146 0.033333
0.0 0.665625 0.855093 0.017708 0.032407
0.0 0.377604 0.761111 0.019792 0.024074
0.0 0.678385 0.174537 0.020313 0.026852
0.0 0.660417 0.911574 0.017708 0.023148
0.0 0.441406 0.842593 0.016146 0.035185
0.0 0.696354 0.868981 0.019792 0.037963
0.0 0.719010 0.282870 0.019271 0.025000
0.0 0.520573 0.837500 0.016146 0.036111
0.0 0.658073 0.568056 0.015104 0.034259
0.0 0.663542 0.294444 0.025000 0.035185
0.0 0.429688 0.355556 0.017708 0.025926
0.0 0.361458 0.204630 0.018750 0.031481
