0.0 0.330729 0.291667 0.019792 0.024074
0.0 0.641146 0.204630 0.018750 0.035185
0.0 0.688281 0.346296 0.017188 0.035185
0.0 0.665885 0.431019 0.017188 0.023148
0.0 0.334896 0.436111 0.017708 0.029630
0.0 0.670573 0.250926 0.015104 0.038889
0.0 0.705208 0.657407 0.015625 0.027778
0.0 0.644010 0.646759 0.014063 0.034259
0.0 0.452865 0.841204 0.014063 0.030556
0.0 0.622917 0.664352 0.016667 0.030556
0.0 0.672656 0.770370 0.018229 0.031481
0.0 0.338542 0.914815 0.016667 0.022222
0.0 0.313542 0.776389 0.015625 0.025000
0.0 0.273438 0.600463 0.017708 0.039815
0.0 0.720573 0.508333 0.019271 0.033333
0.0 0.516927 0.328704 0.017188 0.025926
0.0 0.279948 0.255556 0.018229 0.031481
0.0 0.662500 0.712037 0.014583 0.031481
0.0 0.431250 0.893519 0.019792 0.025926
0.0 0.710417 0.444444 0.017708 0.038889
0.0 0.231510 0.322685 0.015104 0.034259
0.0 0.415625 0.958333 0.020833 0.025926
0.0 0.601823 0.910648 0.021354 0.028704
0.0 0.271094 0.724074 0.016146 0.035185
0.0 0.572917 0.126389 0.014583 0.039815
0.0 0.420052 0.160648 0.019271 0.026852
0.0 0.408854 0.765741 0.013542 0.033333
0.0 0.513802 0.913426 0.021354 0.028704
0.0 0.490104 0.253241 0.020833 0.030556
0.0 0.535937 0.317593 0.018750 0.020370
