0.0 0.611719 0.165278 0.021354 0.032407
0.0 0.491927 0.250926 0.020313 0.027778
0.0 0.365885 0.884722 0.017188 0.021296
0.0 0.641146 0.209722 0.019792 0.045370
0.0 0.300781 0.699537 0.017188 0.030556
0.0 0.680729 0.353704 0.019792 0.035185
0.0 0.698958 0.587500 0.018750 0.037963
0.0 0.591927 0.758333 0.017188 0.025926
0.0 0.587760 0.816667 0.015104 0.025926
0.0 0.319271 0.308333 0.017708 0.031481
0.0 0.611979 0.526389 0.019792 0.030556
0.0 0.547135 0.879167 0.017188 0.030556
0.0 0.552865 0.916667 0.018229 0.020370
0.0 0.483333 0.985185 0.018750 0.025926
0.0 0.664323 0.250463 0.018229 0.043519
0.0 0.577083 0.894907 0.015625 0.032407
0.0 0.353125 0.910185 0.020833 0.025926
0.0 0.665104 0.765741 0.016667 0.033333
0.0 0.395313 0.947222 0.017708 0.020370
0.0 0.716667 0.633333 0.015625 0.037037
0.0 0.334896 0.827778 0.018750 0.025926
0.0 0.590885 0.928704 0.018229 0.022222
0.0 0.347917 0.632870 0.014583 0.037963
0.0 0.308073 0.656944 0.018229 0.026852
0.0 0.397135 0.764352 0.019271 0.028704
0.0 0.295312 0.261111 0.019792 0.027778
0.0 0.335417 0.292593 0.019792 0.031481
0.0 0.540104 0.153241 0.021875 0.023148
0.0 0.657031 0.363426 0.015104 0.028704
0.0 0.569792 0.354167 0.019792 0.025000
