0 0.490365 0.250926 0.021354 0.035185
0 0.641406 0.215741 0.022396 0.044444
0 0.679427 0.350463 0.019271 0.034259
0 0.645052 0.473148 0.015104 0.029630
0 0.509635 0.473148 0.017188 0.033333
0 0.499740 0.767593 0.018229 0.029630
0 0.476042 0.457407 0.020833 0.029630
0 0.668750 0.245370 0.017708 0.040741
0 0.668490 0.434722 0.015104 0.034259
0 0.355990 0.813426 0.019271 0.021296
0 0.276302 0.594444 0.015104 0.031481
0 0.395052 0.833796 0.018229 0.028704
0 0.428646 0.721759 0.017708 0.023148
0 0.615625 0.542593 0.020833 0.037037
0 0.358854 0.925926 0.017708 0.024074
0 0.696615 0.730093 0.018229 0.032407
0 0.617969 0.812500 0.018229 0.026852
0 0.327604 0.827778 0.015625 0.029630
0 0.666927 0.687963 0.016146 0.038889
0 0.258854 0.473148 0.012500 0.033333
0 0.221354 0.529167 0.012500 0.030556
0 0.502604 0.905556 0.017708 0.024074
0 0.333073 0.564352 0.019271 0.026852
0 0.390365 0.179167 0.020313 0.026852
0 0.463802 0.825000 0.019271 0.025926
0 0.331510 0.288889 0.023438 0.033333
0 0.567969 0.349537 0.019271 0.026852
0 0.607031 0.188889 0.018229 0.024074
0 0.688281 0.403241 0.018229 0.045370
