0.0 0.475612 0.282448 0.023587 0.039889
0.0 0.286831 0.862439 0.014907 0.027800
0.0 0.633534 0.349511 0.021942 0.029761
0.0 0.519409 0.235684 0.024375 0.035048
0.0 0.279558 0.262428 0.020059 0.043363
0.0 0.275528 0.370508 0.018756 0.039222
0.0 0.341153 0.424328 0.014061 0.031644
0.0 0.298980 0.244489 0.022377 0.046653
0.0 0.728471 0.467730 0.015901 0.035858
0.0 0.707187 0.541742 0.014233 0.034638
0.0 0.327231 0.681423 0.018334 0.041144
0.0 0.266775 0.485481 0.023566 0.048798
0.0 0.579136 0.992437 0.023723 0.015127
0.0 0.376315 0.981414 0.019087 0.026397
0.0 0.429993 0.719748 0.021211 0.035601
0.0 0.674604 0.468341 0.017511 0.036080
0.0 0.259355 0.388394 0.024467 0.045952
0.0 0.701009 0.857242 0.018356 0.032237
0.0 0.514080 0.961200 0.021999 0.030759
0.0 0.586868 0.418008 0.021383 0.038595
0.0 0.594623 0.542300 0.016610 0.038926
0.0 0.725440 0.766060 0.018779 0.030315
0.0 0.258789 0.780612 0.019179 0.037300
0.0 0.353034 0.712647 0.020309 0.038446
0.0 0.407982 0.994851 0.020366 0.010298
0.0 0.381781 0.692473 0.021840 0.046579
0.0 0.695222 0.561718 0.015250 0.033788
0.0 0.325348 0.213928 0.023987 0.046876
0.0 0.387280 0.379395 0.023072 0.030907
