0.0 0.521056 0.327402 0.021448 0.034368
0.0 0.700272 0.803152 0.013619 0.023873
0.0 0.384673 0.391572 0.019769 0.025867
0.0 0.481630 0.290499 0.022011 0.030386
0.0 0.691921 0.300656 0.018475 0.037072
0.0 0.698093 0.390898 0.017242 0.033564
0.0 0.642054 0.439283 0.012982 0.027023
0.0 0.674506 0.286633 0.020567 0.039926
0.0 0.304593 0.495343 0.014682 0.030620
0.0 0.325011 0.556197 0.013205 0.029520
0.0 0.660525 0.653726 0.016924 0.035139
0.0 0.708561 0.486668 0.021651 0.041770
0.0 0.448196 0.934309 0.021394 0.028632
0.0 0.624977 0.907279 0.017209 0.022923
0.0 0.571648 0.691036 0.019281 0.030682
0.0 0.351689 0.493110 0.016084 0.030888
0.0 0.712667 0.405042 0.022362 0.039451
0.0 0.338143 0.819911 0.016721 0.027738
0.0 0.504072 0.897383 0.019844 0.026699
0.0 0.427139 0.446516 0.019504 0.033178
0.0 0.423408 0.550927 0.015373 0.033206
0.0 0.314555 0.744850 0.017040 0.026163
0.0 0.583987 0.977758 0.018611 0.023191
0.0 0.722776 0.733246 0.017561 0.031989
0.0 0.638737 0.681171 0.018569 0.032999
0.0 0.597986 0.932333 0.018644 0.033832
0.0 0.613117 0.665754 0.020100 0.039837
0.0 0.335957 0.572304 0.014066 0.028867
0.0 0.650711 0.262401 0.021969 0.040194
0.0 0.600637 0.404031 0.020778 0.026878
