0.0 0.274740 0.562500 0.015104 0.026852
0.0 0.637760 0.865278 0.017188 0.030556
0.0 0.322656 0.766204 0.017188 0.021296
0.0 0.539583 0.934259 0.019792 0.027778
0.0 0.359896 0.916667 0.015625 0.022222
0.0 0.273698 0.614352 0.018229 0.036111
0.0 0.650000 0.848148 0.015625 0.037037
0.0 0.653385 0.213426 0.022396 0.036111
0.0 0.325521 0.873148 0.015625 0.027778
0.0 0.349479 0.684722 0.017708 0.025000
0.0 0.289844 0.458333 0.017188 0.025926
0.0 0.535417 0.906944 0.019792 0.028704
0.0 0.388021 0.918519 0.020833 0.025926
0.0 0.352083 0.829630 0.015625 0.035185
0.0 0.535417 0.725463 0.018750 0.034259
0.0 0.405208 0.166204 0.017708 0.030556
0.0 0.258854 0.541204 0.012500 0.030556
0.0 0.220052 0.544444 0.014063 0.033333
0.0 0.701042 0.714352 0.015625 0.037963
0.0 0.548958 0.823611 0.019792 0.025000
0.0 0.516406 0.393056 0.022396 0.028704
0.0 0.290104 0.868981 0.017708 0.025000
0.0 0.320312 0.350463 0.017708 0.026852
0.0 0.702865 0.414352 0.022396 0.037963
0.0 0.598177 0.780556 0.019271 0.027778
0.0 0.490885 0.252778 0.019271 0.033333
0.0 0.564583 0.368056 0.019792 0.028704
0.0 0.638542 0.214352 0.021875 0.043519
0.0 0.638542 0.401389 0.017708 0.034259
0.0 0.233333 0.588889 0.012500 0.033333
