0.0 0.725260 0.562500 0.015104 0.026852
0.0 0.362240 0.865278 0.017188 0.030556
0.0 0.677344 0.766204 0.017188 0.021296
0.0 0.460417 0.934259 0.019792 0.027778
0.0 0.640104 0.916667 0.015625 0.022222
0.0 0.726302 0.614352 0.018229 0.036111
0.0 0.350000 0.848148 0.015625 0.037037
0.0 0.346615 0.213426 0.022396 0.036111
0.0 0.674479 0.873148 0.015625 0.027778
0.0 0.650521 0.684722 0.017708 0.025000
0.0 0.710156 0.458333 0.017188 0.025926
0.0 0.464583 0.906944 0.019792 0.028704
0.0 0.611979 0.918519 0.020833 0.025926
0.0 0.647917 0.829630 0.015625 0.035185
0.0 0.464583 0.725463 0.018750 0.034259
0.0 0.594792 0.166204 0.017708 0.030556
0.0 0.741146 0.541204 0.012500 0.030556
0.0 0.779948 0.544444 0.014063 0.033333
0.0 0.298958 0.714352 0.015625 0.037963
0.0 0.451042 0.823611 0.019792 0.025000
0.0 0.483594 0.393056 0.022396 0.028704
0.0 0.709896 0.868981 0.017708 0.025000
0.0 0.679688 0.350463 0.017708 0.026852
0.0 0.297135 0.414352 0.022396 0.037963
0.0 0.401823 0.780556 0.019271 0.027778
0.0 0.509115 0.252778 0.019271 0.033333
0.0 0.435417 0.368056 0.019792 0.028704
0.0 0.361458 0.214352 0.021875 0.043519
0.0 0.361458 0.401389 0.017708 0.034259
0.0 0.766667 0.588889 0.012500 0.033333
