0 0.488802 0.248148 0.022396 0.029630
0 0.407292 0.679630 0.013542 0.031481
0 0.356771 0.746759 0.012500 0.028704
0 0.544271 0.893981 0.019792 0.023148
0 0.420833 0.695370 0.014583 0.027778
0 0.312240 0.254630 0.015104 0.027778
0 0.401823 0.962963 0.019271 0.024074
0 0.439063 0.803241 0.017708 0.025000
0 0.323177 0.798611 0.015104 0.028704
0 0.613281 0.879630 0.019271 0.025926
0 0.546094 0.254630 0.020313 0.031481
0 0.601302 0.175463 0.020313 0.025000
0 0.636458 0.736111 0.015625 0.027778
0 0.216667 0.641667 0.016667 0.031481
0 0.656250 0.504630 0.016667 0.035185
0 0.352344 0.795370 0.021354 0.027778
0 0.496354 0.867593 0.016667 0.035185
0 0.514323 0.972222 0.019271 0.022222
0 0.563542 0.887500 0.018750 0.032407
0 0.233333 0.451389 0.021875 0.028704
0 0.317188 0.512500 0.022917 0.032407
0 0.404427 0.918981 0.018229 0.026852
0 0.364844 0.889352 0.017188 0.028704
0 0.244271 0.343981 0.019792 0.032407
0 0.695833 0.362963 0.014583 0.027778
0 0.569271 0.362500 0.020833 0.019444
0 0.411719 0.669444 0.014063 0.025926
0 0.434375 0.823148 0.013542 0.027778
0 0.487500 0.837963 0.016667 0.018519
0 0.639062 0.203241 0.023958 0.032407
