0.0 0.642897 0.226826 0.022723 0.041389
0.0 0.551213 0.494867 0.017886 0.027405
0.0 0.571930 0.578322 0.019625 0.032917
0.0 0.686348 0.796041 0.020116 0.033122
0.0 0.589143 0.729601 0.019976 0.029075
0.0 0.550324 0.960237 0.019598 0.026524
0.0 0.471309 0.874019 0.017434 0.036789
0.0 0.709037 0.458367 0.016326 0.035529
0.0 0.472806 0.338872 0.022572 0.034147
0.0 0.585689 0.878668 0.023049 0.031155
0.0 0.509756 0.507198 0.023175 0.032005
0.0 0.632738 0.814344 0.020494 0.035672
0.0 0.382459 0.788292 0.017686 0.038490
0.0 0.357220 0.306736 0.025027 0.035171
0.0 0.515778 0.860884 0.019850 0.028224
0.0 0.438345 0.993973 0.020381 0.012054
0.0 0.503916 0.963799 0.024410 0.034116
0.0 0.507126 0.308300 0.020872 0.038224
0.0 0.686383 0.738241 0.021085 0.030335
0.0 0.341870 0.583110 0.020620 0.036523
0.0 0.338255 0.755719 0.020494 0.035672
0.0 0.687487 0.670061 0.020368 0.034823
0.0 0.623944 0.966091 0.023918 0.033911
0.0 0.510291 0.333164 0.021854 0.038633
0.0 0.595877 0.400389 0.018377 0.027610
0.0 0.651374 0.326221 0.017786 0.032948
0.0 0.609387 0.210108 0.019486 0.028870
0.0 0.669505 0.290215 0.015695 0.031278
0.0 0.561192 0.905140 0.016187 0.031483
