0.0 0.295970 0.890761 0.017724 0.036601
0.0 0.419430 0.878571 0.019035 0.031202
0.0 0.421837 0.635360 0.013590 0.039424
0.0 0.635083 0.764787 0.012687 0.041113
0.0 0.389486 0.706374 0.019645 0.040868
0.0 0.433357 0.949574 0.016749 0.033513
0.0 0.365462 0.957619 0.016211 0.028623
0.0 0.627528 0.264053 0.015251 0.026490
0.0 0.298391 0.663850 0.014348 0.028179
0.0 0.259803 0.724364 0.015761 0.029468
0.0 0.452490 0.188328 0.016254 0.031491
0.0 0.289797 0.853393 0.018699 0.039691
0.0 0.690574 0.616324 0.013009 0.031669
0.0 0.637246 0.551843 0.017681 0.033735
0.0 0.303698 0.798767 0.015396 0.036046
0.0 0.673191 0.595056 0.015352 0.033180
0.0 0.698239 0.504686 0.018699 0.039691
0.0 0.312190 0.912307 0.016778 0.035424
0.0 0.660984 0.761965 0.017825 0.043291
0.0 0.607589 0.708529 0.015497 0.042736
0.0 0.264743 0.432118 0.014055 0.039535
0.0 0.443696 0.998632 0.018642 0.002735
0.0 0.430043 0.915839 0.012908 0.024979
0.0 0.418590 0.946863 0.014435 0.033913
0.0 0.403219 0.904017 0.020447 0.032491
0.0 0.405006 0.929485 0.019573 0.036091
