0.0 0.322656 0.793519 0.019271 0.031481
0.0 0.460417 0.810185 0.020833 0.025926
0.0 0.467187 0.575926 0.014583 0.035185
0.0 0.702604 0.750000 0.013542 0.037037
0.0 0.429948 0.637037 0.021354 0.035185
0.0 0.474740 0.881944 0.018229 0.028704
0.0 0.398958 0.874074 0.017708 0.024074
0.0 0.486458 0.966667 0.026042 0.033333
0.0 0.702604 0.264815 0.016667 0.022222
0.0 0.329167 0.575000 0.015625 0.024074
0.0 0.285156 0.624537 0.017188 0.025000
0.0 0.508854 0.151389 0.017708 0.026852
0.0 0.316406 0.756019 0.020313 0.034259
0.0 0.766927 0.619444 0.014063 0.027778
0.0 0.708594 0.544907 0.019271 0.028704
0.0 0.332812 0.706481 0.016667 0.031481
0.0 0.747917 0.594907 0.016667 0.028704
0.0 0.777344 0.513426 0.020313 0.034259
0.0 0.340365 0.818056 0.018229 0.030556
0.0 0.731510 0.753241 0.019271 0.037963
0.0 0.672917 0.689352 0.016667 0.037963
0.0 0.295573 0.343519 0.015104 0.035185
0.0 0.485156 0.947685 0.020313 0.030556
0.0 0.471615 0.848611 0.014063 0.021296
0.0 0.458333 0.875926 0.015625 0.029630
0.0 0.441927 0.831019 0.022396 0.026852
0.0 0.443490 0.856019 0.021354 0.030556
