0.0 0.247243 0.809589 0.022003 0.035927
0.0 0.387268 0.855541 0.023207 0.030635
0.0 0.410941 0.619907 0.017462 0.038685
0.0 0.639827 0.845771 0.016527 0.040340
0.0 0.368403 0.673887 0.024403 0.040115
0.0 0.396825 0.931184 0.020736 0.032897
0.0 0.319705 0.907219 0.019872 0.028101
0.0 0.402785 0.999890 0.029076 0.000220
0.0 0.674483 0.354777 0.018672 0.026007
0.0 0.269526 0.589828 0.017736 0.027661
0.0 0.220873 0.630666 0.019405 0.028928
0.0 0.483977 0.199085 0.020070 0.030912
0.0 0.243515 0.770320 0.023269 0.038958
0.0 0.715088 0.727233 0.016400 0.031080
0.0 0.660617 0.639487 0.021805 0.033117
0.0 0.263871 0.723653 0.019334 0.035377
0.0 0.697354 0.698389 0.019135 0.032567
0.0 0.733339 0.622145 0.023269 0.038958
0.0 0.263644 0.838159 0.020869 0.034771
0.0 0.669226 0.855154 0.022466 0.042486
0.0 0.613728 0.778129 0.019797 0.041937
0.0 0.251624 0.348483 0.017996 0.038795
0.0 0.402806 0.991153 0.023005 0.017694
0.0 0.396002 0.896792 0.015937 0.024520
0.0 0.380436 0.921629 0.018133 0.033284
0.0 0.366826 0.872721 0.024876 0.031902
0.0 0.366643 0.898350 0.024072 0.035431
