0.0 0.277163 0.597510 0.012384 0.033932
0.0 0.595921 0.666214 0.016924 0.026879
0.0 0.320478 0.532607 0.015895 0.024639
0.0 0.484309 0.421532 0.020016 0.034607
0.0 0.461346 0.967635 0.016436 0.030798
0.0 0.671948 0.811531 0.016977 0.036957
0.0 0.574746 0.631117 0.011912 0.040874
0.0 0.652594 0.479088 0.018457 0.028223
0.0 0.736417 0.592489 0.017480 0.036061
0.0 0.309038 0.725373 0.016436 0.030798
0.0 0.404954 0.377104 0.019481 0.029455
0.0 0.545215 0.927520 0.023177 0.055434
0.0 0.362585 0.793604 0.016473 0.037852
0.0 0.533047 0.968954 0.019512 0.035502
0.0 0.765804 0.613195 0.018488 0.034270
0.0 0.319231 0.914382 0.019491 0.031471
0.0 0.698249 0.887272 0.016500 0.042891
0.0 0.499773 0.092492 0.021050 0.037854
0.0 0.374545 0.936926 0.013387 0.031133
0.0 0.520140 0.860569 0.019995 0.030575
0.0 0.288174 0.534689 0.014420 0.034381
0.0 0.428745 0.999077 0.021145 0.001845
0.0 0.310340 0.333018 0.013896 0.031245
0.0 0.302657 0.391583 0.016479 0.038860
0.0 0.637746 0.111427 0.018515 0.039308
0.0 0.444264 0.734847 0.020519 0.033711
0.0 0.422879 0.981140 0.014930 0.034493
0.0 0.644807 0.847203 0.020016 0.034607
