0.0 0.468624 0.874708 0.016892 0.033585
0.0 0.379124 0.254730 0.018407 0.037588
0.0 0.385320 0.182188 0.018729 0.030958
0.0 0.595656 0.960748 0.016286 0.027790
0.0 0.330305 0.636275 0.014624 0.038062
0.0 0.604461 0.649865 0.014017 0.032268
0.0 0.407382 0.973881 0.020770 0.052237
0.0 0.490373 0.384303 0.017865 0.034660
0.0 0.480374 0.934185 0.015488 0.034359
0.0 0.318298 0.567181 0.013001 0.029281
0.0 0.525331 0.999141 0.017214 0.001718
0.0 0.351371 0.279496 0.014493 0.032328
0.0 0.363445 0.210572 0.015422 0.031493
0.0 0.636037 0.157347 0.017697 0.047980
0.0 0.572260 0.660649 0.014127 0.037046
0.0 0.649131 0.875015 0.015356 0.028625
0.0 0.294449 0.650431 0.012356 0.042541
0.0 0.613361 0.985530 0.017909 0.028939
0.0 0.341718 0.315657 0.014192 0.039914
0.0 0.434735 0.470721 0.014734 0.042841
0.0 0.449723 0.929350 0.018041 0.042307
0.0 0.671434 0.796841 0.018407 0.037588
0.0 0.361409 0.704430 0.019036 0.044339
0.0 0.552481 0.982038 0.021692 0.035923
0.0 0.451479 0.995406 0.018363 0.009189
0.0 0.317202 0.708423 0.016395 0.032569
0.0 0.751272 0.611881 0.021802 0.040876
0.0 0.294026 0.492222 0.019490 0.043443
0.0 0.329100 0.584842 0.015203 0.021935
