0.0 0.535156 0.643056 0.018229 0.028704
0.0 0.651563 0.736111 0.014583 0.022222
0.0 0.273698 0.412963 0.011979 0.031481
0.0 0.213281 0.468981 0.014063 0.025000
0.0 0.524740 0.612037 0.019271 0.035185
0.0 0.628125 0.726852 0.016667 0.024074
0.0 0.413021 0.181481 0.017708 0.022222
0.0 0.321875 0.872222 0.018750 0.025926
0.0 0.307292 0.741667 0.019792 0.031481
0.0 0.551562 0.173611 0.017708 0.037963
0.0 0.365104 0.862500 0.016667 0.021296
0.0 0.292969 0.631481 0.018229 0.038889
0.0 0.480208 0.971759 0.019792 0.032407
0.0 0.264062 0.776389 0.011458 0.030556
0.0 0.318229 0.181944 0.017708 0.030556
0.0 0.718229 0.500463 0.019792 0.021296
0.0 0.403125 0.950463 0.014583 0.026852
0.0 0.708333 0.711111 0.017708 0.025926
0.0 0.690625 0.692593 0.017708 0.029630
0.0 0.515885 0.267593 0.019271 0.031481
0.0 0.642188 0.665278 0.020833 0.026852
0.0 0.534375 0.859259 0.015625 0.024074
0.0 0.432552 0.973611 0.014063 0.036111
0.0 0.378385 0.825463 0.023438 0.036111
0.0 0.444792 0.062037 0.018750 0.025926
0.0 0.457552 0.972685 0.017188 0.034259
0.0 0.634375 0.867130 0.017708 0.043519
0.0 0.595313 0.144907 0.017708 0.030556
0.0 0.266406 0.689352 0.013021 0.032407
