0.0 0.434375 0.945370 0.018750 0.031481
0.0 0.240365 0.622685 0.014063 0.036111
0.0 0.287760 0.394907 0.013021 0.034259
0.0 0.669792 0.543519 0.016667 0.035185
0.0 0.423438 0.847685 0.020833 0.021296
0.0 0.505729 0.901852 0.019792 0.029630
0.0 0.501042 0.762963 0.018750 0.027778
0.0 0.488281 0.356481 0.017188 0.022222
0.0 0.228646 0.382407 0.017708 0.024074
0.0 0.721615 0.453241 0.017188 0.045370
0.0 0.650260 0.803241 0.022396 0.034259
0.0 0.636198 0.778241 0.016146 0.023148
0.0 0.679948 0.503704 0.018229 0.033333
0.0 0.276302 0.703241 0.017188 0.028704
0.0 0.292187 0.832407 0.015625 0.033333
0.0 0.523698 0.617130 0.017188 0.039815
0.0 0.303646 0.777778 0.020833 0.027778
0.0 0.527604 0.960648 0.020833 0.032407
0.0 0.472135 0.439815 0.021354 0.027778
0.0 0.342448 0.217593 0.019271 0.025926
0.0 0.433854 0.766667 0.014583 0.020370
0.0 0.564583 0.937500 0.017708 0.041667
0.0 0.219792 0.600000 0.017708 0.033333
0.0 0.282552 0.619444 0.018229 0.029630
0.0 0.297396 0.166204 0.020833 0.030556
0.0 0.328646 0.893056 0.015625 0.036111
0.0 0.416927 0.937037 0.021354 0.044444
0.0 0.557292 0.921759 0.019792 0.026852
