0.0 0.450293 0.998153 0.021736 0.003694
0.0 0.578545 0.865708 0.023408 0.032303
0.0 0.641814 0.513989 0.021181 0.037589
0.0 0.325647 0.191596 0.020304 0.031602
0.0 0.660504 0.401664 0.015911 0.043152
0.0 0.580769 0.500196 0.022696 0.045650
0.0 0.643095 0.869381 0.013818 0.033996
0.0 0.325610 0.940479 0.023010 0.034143
0.0 0.429008 0.674204 0.015888 0.034464
0.0 0.499632 0.946571 0.022313 0.031091
0.0 0.639839 0.815579 0.022313 0.031091
0.0 0.616881 0.987388 0.018572 0.025223
0.0 0.619512 0.214849 0.023828 0.039151
0.0 0.492451 0.875514 0.023348 0.031325
0.0 0.595263 0.952309 0.024623 0.035473
0.0 0.652693 0.216891 0.016248 0.040333
0.0 0.291358 0.806270 0.020881 0.032697
0.0 0.228584 0.658179 0.019292 0.040056
0.0 0.659259 0.721273 0.021459 0.033793
0.0 0.679059 0.466858 0.015731 0.040216
0.0 0.735569 0.601632 0.014178 0.039866
0.0 0.551701 0.204487 0.021001 0.034654
0.0 0.593883 0.974811 0.019449 0.034304
0.0 0.477544 0.981752 0.015131 0.030433
0.0 0.564335 0.969127 0.024503 0.033516
