0.0 0.468065 0.990056 0.022341 0.019889
0.0 0.599022 0.832766 0.024059 0.027835
0.0 0.652853 0.484866 0.021440 0.033380
0.0 0.303799 0.225557 0.020727 0.027655
0.0 0.668431 0.374001 0.015515 0.039697
0.0 0.587323 0.481339 0.022761 0.041035
0.0 0.667895 0.826015 0.013612 0.031064
0.0 0.332580 0.944863 0.023556 0.029704
0.0 0.432428 0.672641 0.015834 0.031184
0.0 0.518108 0.923002 0.022922 0.026826
0.0 0.662357 0.774856 0.022922 0.026826
0.0 0.644583 0.945020 0.018983 0.024718
0.0 0.617594 0.201094 0.024242 0.034479
0.0 0.507728 0.855896 0.024033 0.026885
0.0 0.598475 0.986953 0.019931 0.026094
0.0 0.620155 0.913284 0.025248 0.030743
0.0 0.653003 0.197771 0.015992 0.036879
0.0 0.290944 0.821410 0.021309 0.028635
0.0 0.218405 0.689165 0.019297 0.036109
0.0 0.679406 0.681183 0.021890 0.029614
0.0 0.690697 0.433665 0.015436 0.036849
0.0 0.756054 0.554116 0.013770 0.036759
0.0 0.544992 0.201940 0.021361 0.030533
0.0 0.528070 0.992159 0.022231 0.015681
0.0 0.619552 0.935117 0.019694 0.030444
0.0 0.495944 0.960311 0.015174 0.027357
0.0 0.587871 0.934363 0.025196 0.028844
