0 0.330990 0.248611 0.019271 0.025000
0 0.394531 0.373148 0.020313 0.024074
0 0.337500 0.123148 0.022917 0.037037
0 0.242188 0.512037 0.018750 0.024074
0 0.444531 0.410648 0.020313 0.021296
0 0.688021 0.666204 0.017708 0.030556
0 0.351562 0.241667 0.020833 0.024074
0 0.402604 0.812500 0.019792 0.025000
0 0.215885 0.542593 0.014063 0.029630
0 0.485417 0.691667 0.021875 0.027778
0 0.710938 0.386574 0.019792 0.037963
0 0.261979 0.681019 0.012500 0.039815
0 0.459635 0.799537 0.019271 0.030556
0 0.421615 0.963426 0.019271 0.023148
0 0.649219 0.738426 0.019271 0.043519
0 0.591667 0.442130 0.019792 0.026852
0 0.601823 0.778704 0.019271 0.025926
0 0.560156 0.944444 0.020313 0.031481
0 0.304688 0.336111 0.017708 0.035185
0 0.619531 0.578241 0.018229 0.025000
0 0.486979 0.091204 0.021875 0.030556
0 0.334896 0.444907 0.018750 0.032407
0 0.496354 0.879630 0.018750 0.024074
0 0.716406 0.575926 0.016146 0.037037
0 0.294531 0.824537 0.018229 0.032407
0 0.438542 0.844444 0.021875 0.029630
0 0.351823 0.911111 0.020313 0.042593
0 0.649479 0.499537 0.018750 0.025000
0 0.267708 0.684259 0.009375 0.038889
