0.0 0.516991 0.204464 0.014015 0.027381
0.0 0.439978 0.230317 0.023349 0.038081
0.0 0.520050 0.774297 0.019767 0.025966
0.0 0.549116 0.855203 0.021437 0.027368
0.0 0.417407 0.662606 0.016785 0.033350
0.0 0.276186 0.623680 0.023064 0.039663
0.0 0.618112 0.912425 0.022885 0.034569
0.0 0.447122 0.658869 0.023572 0.032284
0.0 0.652378 0.786371 0.023064 0.039663
0.0 0.476372 0.988254 0.028868 0.023491
0.0 0.277459 0.475028 0.020179 0.032817
0.0 0.505969 0.968628 0.023160 0.025432
0.0 0.295977 0.709254 0.018170 0.036334
0.0 0.415479 0.470673 0.021795 0.037557
0.0 0.304463 0.810740 0.020179 0.032817
0.0 0.719034 0.801977 0.018677 0.028954
0.0 0.579887 0.978427 0.020760 0.037208
0.0 0.295281 0.330124 0.022420 0.031056
0.0 0.644003 0.688133 0.020919 0.027193
0.0 0.412791 0.887652 0.023287 0.033866
0.0 0.499835 0.802339 0.029163 0.040882
0.0 0.361823 0.896604 0.021669 0.029125
0.0 0.423945 0.204265 0.024840 0.034390
0.0 0.765300 0.703825 0.018286 0.037212
0.0 0.367586 0.795797 0.021669 0.029125
0.0 0.407885 0.297013 0.018392 0.030536
0.0 0.374120 0.341584 0.019839 0.037736
0.0 0.293801 0.531458 0.025939 0.038955
0.0 0.714878 0.258838 0.022081 0.035975
