0.0 0.630304 0.433547 0.015413 0.031259
0.0 0.488486 0.802410 0.015179 0.024786
0.0 0.520428 0.813937 0.019233 0.034942
0.0 0.456516 0.992449 0.013487 0.015101
0.0 0.390258 0.886186 0.017005 0.024315
0.0 0.314483 0.874223 0.019068 0.043151
0.0 0.577416 0.378659 0.018202 0.031940
0.0 0.613029 0.470378 0.018269 0.033790
0.0 0.592003 0.253947 0.018634 0.031129
0.0 0.545864 0.161526 0.014650 0.035656
0.0 0.318064 0.820523 0.018035 0.027316
0.0 0.698655 0.540719 0.020395 0.041641
0.0 0.261624 0.435458 0.015714 0.039582
0.0 0.403810 0.381069 0.015413 0.031259
0.0 0.677239 0.367572 0.017072 0.026164
0.0 0.285812 0.531852 0.018436 0.038413
0.0 0.623424 0.870792 0.017506 0.038186
0.0 0.591140 0.336297 0.018999 0.028468
0.0 0.566811 0.769751 0.014152 0.034617
0.0 0.547252 0.998953 0.019496 0.002094
0.0 0.644690 0.723455 0.012557 0.028729
0.0 0.499998 0.931627 0.018601 0.030204
0.0 0.672802 0.795618 0.016012 0.035071
0.0 0.639370 0.266906 0.018801 0.035752
0.0 0.640119 0.830554 0.022920 0.047757
0.0 0.624958 0.516669 0.011861 0.034975
0.0 0.355369 0.832893 0.018534 0.028354
0.0 0.271480 0.467717 0.013323 0.037165
0.0 0.450397 0.149421 0.018834 0.036677
