0.0 0.639963 0.424727 0.016346 0.032149
0.0 0.488470 0.811262 0.016052 0.025419
0.0 0.521883 0.822471 0.020365 0.035887
0.0 0.384829 0.900630 0.017956 0.024885
0.0 0.305451 0.890016 0.020256 0.044432
0.0 0.584909 0.368979 0.019266 0.032789
0.0 0.621570 0.463396 0.019350 0.034712
0.0 0.601140 0.239090 0.019711 0.031935
0.0 0.553446 0.144194 0.015582 0.036742
0.0 0.309608 0.834151 0.019056 0.027982
0.0 0.710842 0.534413 0.021632 0.042829
0.0 0.253302 0.435529 0.016723 0.040801
0.0 0.402825 0.375634 0.016346 0.032149
0.0 0.689679 0.355075 0.018040 0.026807
0.0 0.277947 0.535076 0.019559 0.039518
0.0 0.629472 0.879064 0.018586 0.039305
0.0 0.599618 0.324649 0.020072 0.029157
0.0 0.570857 0.775465 0.015053 0.035673
0.0 0.652878 0.725514 0.013342 0.029586
0.0 0.499576 0.945205 0.019669 0.030973
0.0 0.681819 0.799799 0.017000 0.036100
0.0 0.650719 0.251418 0.019920 0.036741
0.0 0.647282 0.836869 0.024317 0.049131
0.0 0.633733 0.511194 0.012662 0.036101
0.0 0.348639 0.846108 0.019585 0.029050
0.0 0.263397 0.468800 0.014206 0.038344
0.0 0.453417 0.133904 0.019962 0.037702
