0 0.486719 0.921296 0.018229 0.031481
0 0.244531 0.293056 0.020313 0.025000
0 0.383073 0.370833 0.011979 0.032407
0 0.660937 0.530093 0.012500 0.036111
0 0.348958 0.235185 0.018750 0.027778
0 0.221615 0.422222 0.013021 0.027778
0 0.257812 0.500463 0.015625 0.026852
0 0.336198 0.847685 0.019271 0.034259
0 0.695573 0.752778 0.016146 0.038889
0 0.284115 0.227315 0.015104 0.036111
0 0.375000 0.113426 0.019792 0.030556
0 0.452604 0.660185 0.019792 0.031481
0 0.334635 0.709259 0.018229 0.025926
0 0.266667 0.388426 0.015625 0.036111
0 0.259896 0.607407 0.019792 0.029630
0 0.625260 0.868519 0.020313 0.027778
0 0.394010 0.951852 0.018229 0.033333
0 0.243490 0.420833 0.013021 0.030556
0 0.496875 0.951852 0.020833 0.029630
0 0.507031 0.859722 0.017188 0.021296
0 0.413021 0.177778 0.022917 0.033333
0 0.340625 0.906481 0.022917 0.035185
0 0.289323 0.840741 0.016146 0.048148
0 0.321875 0.309259 0.013542 0.029630
0 0.271875 0.819907 0.017708 0.032407
0 0.339583 0.867130 0.022917 0.034259
0 0.685417 0.731481 0.020833 0.040741
