0.0 0.683108 0.600323 0.018104 0.034067
0.0 0.371865 0.882843 0.015957 0.024267
0.0 0.713891 0.361558 0.020101 0.024350
0.0 0.660542 0.759097 0.013583 0.027768
0.0 0.268421 0.601089 0.017640 0.034945
0.0 0.465128 0.735514 0.021461 0.029700
0.0 0.228343 0.519848 0.015730 0.037567
0.0 0.558294 0.453370 0.024394 0.043949
0.0 0.428262 0.985045 0.017155 0.026953
0.0 0.277554 0.714880 0.017586 0.034056
0.0 0.357810 0.880021 0.016033 0.034025
0.0 0.318036 0.900330 0.024515 0.028874
0.0 0.627808 0.318047 0.022087 0.031485
0.0 0.241948 0.504497 0.017996 0.032291
0.0 0.501994 0.784446 0.020532 0.031454
0.0 0.404004 0.672878 0.019691 0.026116
0.0 0.406984 0.815619 0.019496 0.031434
0.0 0.533946 0.146971 0.021892 0.036804
0.0 0.376330 0.986283 0.021568 0.027435
0.0 0.739134 0.529575 0.018050 0.033179
0.0 0.644538 0.681809 0.016422 0.023390
0.0 0.538461 0.208967 0.022927 0.036824
0.0 0.375266 0.912045 0.023425 0.027965
0.0 0.719995 0.584950 0.028000 0.035152
0.0 0.468059 0.993780 0.023566 0.012440
0.0 0.630673 0.884757 0.024374 0.035079
0.0 0.529216 0.241970 0.018957 0.022553
0.0 0.301037 0.353418 0.013832 0.023338
0.0 0.369890 0.940978 0.018084 0.025197
