0 0.675000 0.769444 0.016667 0.027778
0 0.631771 0.692593 0.017708 0.020370
0 0.562760 0.815741 0.020313 0.024074
0 0.541146 0.930556 0.023958 0.037037
0 0.339062 0.862037 0.015625 0.025926
0 0.238021 0.459259 0.008333 0.031481
0 0.592969 0.808796 0.015104 0.021296
0 0.249740 0.529167 0.011979 0.032407
0 0.298177 0.361111 0.013021 0.029630
0 0.392188 0.270833 0.013542 0.034259
0 0.404427 0.803704 0.014063 0.024074
0 0.551302 0.956019 0.019271 0.023148
0 0.449479 0.854167 0.018750 0.017593
0 0.590365 0.926389 0.018229 0.025000
0 0.273177 0.221296 0.021354 0.024074
0 0.687500 0.742130 0.015625 0.028704
0 0.321094 0.856481 0.018229 0.037037
0 0.335156 0.129630 0.016146 0.042593
0 0.448177 0.777315 0.018229 0.030556
0 0.631771 0.884722 0.016667 0.032407
0 0.409375 0.948148 0.019792 0.025926
0 0.232031 0.687500 0.017188 0.032407
0 0.302865 0.511574 0.021354 0.026852
0 0.398958 0.619907 0.018750 0.023148
0 0.226823 0.427315 0.015104 0.026852
0 0.240625 0.327778 0.017708 0.033333
0 0.470313 0.067593 0.022917 0.031481
0 0.633594 0.851389 0.017188 0.034259
