0.0 0.284680 0.813291 0.015802 0.031711
0.0 0.325795 0.737315 0.016543 0.023976
0.0 0.384802 0.877256 0.018995 0.028254
0.0 0.401226 0.990425 0.022637 0.019149
0.0 0.585589 0.955886 0.014811 0.029606
0.0 0.687708 0.541179 0.008375 0.034549
0.0 0.357706 0.865901 0.014216 0.024617
0.0 0.675239 0.613923 0.011693 0.036013
0.0 0.636025 0.428969 0.012559 0.033199
0.0 0.553552 0.320668 0.013155 0.038186
0.0 0.528127 0.885299 0.013350 0.027432
0.0 0.486077 0.932994 0.017409 0.021162
0.0 0.356886 0.988359 0.017138 0.023281
0.0 0.662375 0.283688 0.019935 0.028391
0.0 0.274127 0.782622 0.014886 0.032558
0.0 0.601967 0.952346 0.017463 0.041755
0.0 0.608870 0.178126 0.015731 0.047385
0.0 0.489325 0.851501 0.017288 0.034868
0.0 0.320613 0.941476 0.015927 0.036630
0.0 0.686962 0.784502 0.016398 0.036698
0.0 0.627733 0.588238 0.020010 0.031343
0.0 0.538023 0.690711 0.017559 0.027065
0.0 0.698683 0.508708 0.014366 0.030521
0.0 0.688902 0.401122 0.016892 0.037750
0.0 0.488474 0.094420 0.021547 0.036468
0.0 0.319866 0.905816 0.016447 0.038666
