0.0 0.739063 0.384722 0.014583 0.023148
0.0 0.646875 0.104167 0.020833 0.026852
0.0 0.625521 0.781019 0.020833 0.028704
0.0 0.619792 0.795370 0.019792 0.029630
0.0 0.713802 0.197222 0.013021 0.031481
0.0 0.591406 0.215278 0.017188 0.021296
0.0 0.558073 0.867593 0.017188 0.029630
0.0 0.648177 0.750926 0.020313 0.024074
0.0 0.672917 0.667593 0.016667 0.029630
0.0 0.739583 0.494444 0.018750 0.024074
0.0 0.335417 0.651389 0.017708 0.028704
0.0 0.701823 0.506019 0.011979 0.036111
0.0 0.614583 0.853704 0.016667 0.029630
0.0 0.524740 0.968056 0.019271 0.025000
0.0 0.402083 0.913889 0.022917 0.035185
0.0 0.406250 0.875000 0.022917 0.042593
0.0 0.315104 0.678241 0.019792 0.032407
0.0 0.655729 0.498148 0.017708 0.031481
0.0 0.494792 0.629167 0.018750 0.043519
0.0 0.277344 0.417130 0.020313 0.037963
0.0 0.744792 0.769907 0.018750 0.030556
0.0 0.574740 0.960648 0.018229 0.034259
0.0 0.678385 0.483796 0.010937 0.036111
0.0 0.578906 0.121296 0.023438 0.031481
0.0 0.334896 0.384722 0.017708 0.037963
0.0 0.725781 0.238426 0.022396 0.026852
0.0 0.713021 0.791204 0.013542 0.034259
0.0 0.646094 0.798148 0.015104 0.025926
0.0 0.313542 0.632407 0.015625 0.033333
0.0 0.359115 0.853704 0.021354 0.037037
