0 0.398438 0.272685 0.021875 0.019444
0 0.683073 0.328241 0.014063 0.023148
0 0.699479 0.324537 0.019792 0.039815
0 0.288281 0.737963 0.016146 0.029630
0 0.270573 0.243981 0.010937 0.021296
0 0.513281 0.128704 0.018229 0.024074
0 0.328906 0.802778 0.021354 0.020370
0 0.295312 0.177315 0.015625 0.021296
0 0.407552 0.821759 0.016146 0.023148
0 0.420833 0.135648 0.018750 0.032407
0 0.334896 0.414352 0.013542 0.026852
0 0.330469 0.619444 0.014063 0.031481
0 0.271875 0.356481 0.012500 0.029630
0 0.321094 0.282870 0.018229 0.028704
0 0.628385 0.864352 0.020313 0.032407
0 0.380469 0.923611 0.021354 0.039815
0 0.238802 0.485648 0.021354 0.026852
0 0.547656 0.950000 0.020313 0.027778
0 0.240885 0.546296 0.015104 0.029630
0 0.495833 0.962037 0.019792 0.029630
0 0.338281 0.512037 0.014063 0.027778
0 0.657813 0.822685 0.016667 0.043519
0 0.451302 0.066667 0.022396 0.033333
0 0.278125 0.647222 0.014583 0.024074
0 0.274740 0.670833 0.014063 0.023148
0 0.256510 0.755093 0.017188 0.028704
0 0.249740 0.746759 0.017188 0.030556
0 0.378646 0.891204 0.013542 0.023148
