0.0 0.557614 0.351803 0.021979 0.022687
0.0 0.279660 0.351499 0.014562 0.024762
0.0 0.263920 0.344881 0.020789 0.041765
0.0 0.645394 0.817148 0.016844 0.031347
0.0 0.682631 0.348358 0.011459 0.022405
0.0 0.452232 0.192651 0.018635 0.026428
0.0 0.603410 0.871472 0.021512 0.023474
0.0 0.661379 0.280002 0.016000 0.023285
0.0 0.526462 0.874858 0.016580 0.025152
0.0 0.541495 0.216631 0.019479 0.034490
0.0 0.613401 0.499119 0.014208 0.028204
0.0 0.609350 0.695961 0.014901 0.032726
0.0 0.676795 0.455633 0.013312 0.030663
0.0 0.632115 0.376047 0.018824 0.030853
0.0 0.310833 0.874135 0.020993 0.034783
0.0 0.548553 0.977282 0.022302 0.042058
0.0 0.703578 0.585286 0.021775 0.029669
0.0 0.385544 0.971137 0.020804 0.030359
0.0 0.699094 0.642858 0.015834 0.031152
0.0 0.435250 0.988174 0.020375 0.023652
0.0 0.606150 0.591844 0.014751 0.029187
0.0 0.284024 0.828792 0.017913 0.044719
0.0 0.514787 0.144988 0.023048 0.036059
0.0 0.658921 0.732329 0.015104 0.025744
0.0 0.661239 0.755530 0.014562 0.024762
0.0 0.675471 0.839480 0.017815 0.030658
0.0 0.682367 0.832785 0.017891 0.032428
0.0 0.551637 0.946651 0.014058 0.024664
