0 0.328906 0.773148 0.009896 0.022222
0 0.275521 0.423148 0.009375 0.035185
0 0.657813 0.657407 0.016667 0.033333
0 0.658594 0.627315 0.018229 0.025000
0 0.289323 0.570370 0.011979 0.037037
0 0.344010 0.312037 0.014063 0.020370
0 0.399219 0.865278 0.021354 0.032407
0 0.560417 0.479630 0.014583 0.037037
0 0.313542 0.262037 0.016667 0.024074
0 0.269271 0.229630 0.014583 0.027778
0 0.600521 0.587500 0.018750 0.025000
0 0.303125 0.809722 0.014583 0.026852
0 0.393229 0.825926 0.018750 0.027778
0 0.344792 0.617593 0.014583 0.033333
0 0.296875 0.737963 0.017708 0.040741
0 0.313802 0.145833 0.021354 0.028704
0 0.399479 0.779167 0.017708 0.026852
0 0.267708 0.294444 0.016667 0.033333
0 0.455469 0.967593 0.019271 0.029630
0 0.391927 0.557407 0.020313 0.027778
0 0.376823 0.094444 0.023438 0.031481
0 0.708854 0.354630 0.026042 0.031481
0 0.707292 0.558796 0.017708 0.032407
0 0.620833 0.821296 0.017708 0.024074
0 0.438802 0.086574 0.021354 0.034259
0 0.324479 0.869907 0.021875 0.047222
0 0.484635 0.610185 0.015104 0.024074
0 0.678646 0.702778 0.015625 0.031481
0 0.416406 0.940278 0.015104 0.026852
