0.0 0.534051 0.388517 0.018450 0.027582
0.0 0.630056 0.331704 0.018330 0.025585
0.0 0.341973 0.910265 0.018630 0.030578
0.0 0.514134 0.335604 0.016927 0.034160
0.0 0.608479 0.885493 0.020749 0.041873
0.0 0.587973 0.364415 0.019357 0.034677
0.0 0.539269 0.307505 0.016141 0.029063
0.0 0.517592 0.208947 0.019177 0.031680
0.0 0.335583 0.840823 0.016921 0.042046
0.0 0.650703 0.204429 0.014377 0.031646
0.0 0.531048 0.072579 0.018084 0.029476
0.0 0.416850 0.796751 0.022819 0.036398
0.0 0.597588 0.994608 0.019423 0.010784
0.0 0.705040 0.416407 0.020695 0.032989
0.0 0.287685 0.760480 0.024392 0.046591
0.0 0.571653 0.113510 0.019051 0.037568
0.0 0.705002 0.473055 0.021055 0.038980
0.0 0.535410 0.177852 0.019297 0.033678
0.0 0.401791 0.435839 0.022213 0.034297
0.0 0.328118 0.565280 0.017167 0.038154
0.0 0.565192 0.902277 0.019969 0.028891
0.0 0.272554 0.770776 0.020023 0.037775
0.0 0.354860 0.895390 0.019603 0.030785
0.0 0.646582 0.901165 0.019832 0.050552
0.0 0.299675 0.902566 0.020023 0.037775
0.0 0.664938 0.437066 0.014743 0.029752
0.0 0.662950 0.281223 0.012739 0.028340
0.0 0.263264 0.411671 0.018560 0.045352
