0.0 0.333897 0.402245 0.020069 0.030008
0.0 0.346858 0.330689 0.012795 0.036372
0.0 0.321237 0.791317 0.019879 0.036764
0.0 0.436094 0.760968 0.012611 0.032414
0.0 0.694304 0.809131 0.019089 0.030659
0.0 0.384229 0.863362 0.017316 0.035918
0.0 0.416039 0.985355 0.015963 0.029289
0.0 0.719343 0.623541 0.016055 0.041344
0.0 0.715456 0.813108 0.017040 0.029981
0.0 0.388379 0.779854 0.016757 0.034759
0.0 0.592286 0.943669 0.020529 0.039901
0.0 0.392756 0.959597 0.019642 0.042530
0.0 0.321774 0.841216 0.019228 0.033627
0.0 0.668947 0.962473 0.017593 0.041852
0.0 0.706856 0.573208 0.016475 0.039535
0.0 0.514413 0.833558 0.017783 0.035098
0.0 0.266916 0.505168 0.019038 0.040382
0.0 0.277011 0.662692 0.016521 0.040524
0.0 0.378363 0.129155 0.017973 0.028342
0.0 0.464458 0.425803 0.021324 0.035294
0.0 0.770143 0.488149 0.015866 0.048100
0.0 0.634771 0.989096 0.017973 0.021808
0.0 0.382567 0.105935 0.019135 0.031648
0.0 0.341740 0.434971 0.017178 0.032949
0.0 0.317634 0.667579 0.016988 0.039704
0.0 0.427997 0.962705 0.014287 0.035891
0.0 0.747417 0.361608 0.014990 0.029304
0.0 0.468546 0.449754 0.016153 0.032611
