0.0 0.320946 0.451950 0.021218 0.024275
0.0 0.334545 0.384758 0.013498 0.031415
0.0 0.308210 0.807607 0.021004 0.030554
0.0 0.429764 0.760785 0.013309 0.027789
0.0 0.703228 0.761284 0.020179 0.025046
0.0 0.375028 0.862517 0.018290 0.030214
0.0 0.408925 0.972616 0.016849 0.033636
0.0 0.729419 0.588449 0.016943 0.035449
0.0 0.725629 0.761354 0.018007 0.024774
0.0 0.379278 0.785941 0.017700 0.029240
0.0 0.595447 0.900628 0.021689 0.033341
0.0 0.384221 0.948534 0.020744 0.035925
0.0 0.308865 0.852859 0.020320 0.027766
0.0 0.676645 0.904869 0.018572 0.035653
0.0 0.716112 0.544805 0.017392 0.033704
0.0 0.512810 0.813622 0.018786 0.029376
0.0 0.250206 0.556696 0.020106 0.034044
0.0 0.538575 0.997191 0.023389 0.005619
0.0 0.261165 0.698141 0.017439 0.034611
0.0 0.367556 0.196352 0.018999 0.023097
0.0 0.459219 0.451480 0.022539 0.028945
0.0 0.782971 0.456911 0.016731 0.041728
0.0 0.640512 0.937755 0.018999 0.023097
0.0 0.371967 0.174548 0.020226 0.025953
0.0 0.329306 0.480373 0.018149 0.027494
0.0 0.304183 0.695775 0.017935 0.033772
0.0 0.421538 0.945453 0.015080 0.030713
0.0 0.758692 0.345736 0.015836 0.024502
0.0 0.463588 0.472559 0.017063 0.027358
