0.0 0.584449 0.793543 0.016702 0.031638
0.0 0.280616 0.618099 0.017110 0.024289
0.0 0.568290 0.521651 0.017583 0.029818
0.0 0.680490 0.785918 0.021581 0.028066
0.0 0.658856 0.205109 0.022101 0.028078
0.0 0.561208 0.722773 0.018590 0.023402
0.0 0.578803 0.347128 0.014341 0.034345
0.0 0.309645 0.748527 0.019220 0.030774
0.0 0.708812 0.506152 0.017930 0.039943
0.0 0.697940 0.745526 0.017662 0.030740
0.0 0.584514 0.668456 0.016498 0.035312
0.0 0.258334 0.854505 0.020055 0.034471
0.0 0.665691 0.352580 0.014230 0.026985
0.0 0.698931 0.269992 0.018181 0.030751
0.0 0.240372 0.706819 0.026603 0.038294
0.0 0.602869 0.923745 0.022778 0.029932
0.0 0.239412 0.802954 0.020134 0.035392
0.0 0.494609 0.113059 0.023454 0.031786
0.0 0.559550 0.205449 0.017992 0.022469
0.0 0.554680 0.565639 0.019331 0.038134
0.0 0.596597 0.827307 0.025958 0.042879
0.0 0.487116 0.994288 0.022902 0.011424
0.0 0.495124 0.950022 0.017315 0.020614
0.0 0.374006 0.991384 0.024084 0.017233
0.0 0.642179 0.224330 0.015947 0.028862
0.0 0.697156 0.709213 0.014671 0.026075
0.0 0.441056 0.990216 0.018952 0.019568
0.0 0.247481 0.769206 0.023171 0.034539
0.0 0.283363 0.319120 0.022369 0.037281
