0.0 0.486458 0.916204 0.014583 0.032407
0.0 0.725521 0.640278 0.029167 0.037963
0.0 0.621354 0.471296 0.017708 0.033333
0.0 0.495313 0.962963 0.015625 0.027778
0.0 0.390885 0.774074 0.020313 0.035185
0.0 0.714062 0.204167 0.020833 0.032407
0.0 0.512760 0.795833 0.016146 0.026852
0.0 0.376042 0.820370 0.019792 0.024074
0.0 0.677083 0.154630 0.017708 0.025926
0.0 0.428646 0.935648 0.016667 0.037963
0.0 0.391146 0.905093 0.017708 0.032407
0.0 0.747135 0.613889 0.016146 0.038889
0.0 0.564323 0.904630 0.017188 0.025926
0.0 0.744010 0.778241 0.014063 0.030556
0.0 0.626563 0.092593 0.022917 0.025926
0.0 0.537760 0.673611 0.022396 0.030556
0.0 0.451562 0.946759 0.021875 0.037963
0.0 0.706510 0.840741 0.018229 0.029630
0.0 0.601823 0.436111 0.024479 0.033333
0.0 0.693490 0.719444 0.013021 0.025926
0.0 0.329688 0.681019 0.016667 0.032407
0.0 0.734375 0.580093 0.015625 0.032407
0.0 0.675521 0.841204 0.020833 0.030556
0.0 0.485938 0.949537 0.021875 0.028704
0.0 0.464063 0.899537 0.014583 0.017593
0.0 0.390625 0.862500 0.016667 0.021296
0.0 0.314844 0.264352 0.020313 0.036111
