0 0.342187 0.732870 0.017708 0.030556
0 0.271094 0.355556 0.008854 0.024074
0 0.313542 0.857407 0.016667 0.051852
0 0.685937 0.264815 0.022917 0.031481
0 0.698958 0.385185 0.013542 0.035185
0 0.346354 0.862500 0.017708 0.021296
0 0.417969 0.890278 0.019271 0.019444
0 0.440365 0.920370 0.022396 0.022222
0 0.301042 0.751389 0.022917 0.030556
0 0.571875 0.882407 0.012500 0.020370
0 0.486458 0.963889 0.015625 0.038889
0 0.370573 0.433333 0.020313 0.031481
0 0.315885 0.892593 0.015104 0.022222
0 0.730208 0.487500 0.013542 0.034259
0 0.220833 0.432407 0.016667 0.029630
0 0.304688 0.402778 0.015625 0.031481
0 0.419010 0.824074 0.016146 0.018519
0 0.688281 0.620833 0.018229 0.034259
0 0.573177 0.934722 0.022396 0.034259
0 0.478646 0.063426 0.021875 0.030556
0 0.463021 0.819444 0.021875 0.022222
0 0.313802 0.157870 0.017188 0.043519
0 0.352865 0.625463 0.019271 0.032407
0 0.491667 0.102315 0.019792 0.023148
0 0.509896 0.532407 0.014583 0.033333
0 0.308854 0.700926 0.017708 0.025926
0 0.357552 0.871296 0.019271 0.020370
