0.0 0.699740 0.711111 0.014063 0.027778
0.0 0.667448 0.250926 0.016146 0.027778
0.0 0.701302 0.849074 0.019271 0.027778
0.0 0.631771 0.832870 0.020833 0.034259
0.0 0.317187 0.266204 0.022917 0.036111
0.0 0.716927 0.842130 0.018229 0.030556
0.0 0.585417 0.350926 0.014583 0.031481
0.0 0.632552 0.912500 0.018229 0.028704
0.0 0.785156 0.542593 0.019271 0.027778
0.0 0.315104 0.615741 0.014583 0.027778
0.0 0.607552 0.208796 0.019271 0.023148
0.0 0.628125 0.412037 0.023958 0.033333
0.0 0.582292 0.684259 0.017708 0.018519
0.0 0.788802 0.501852 0.015104 0.027778
0.0 0.513802 0.089352 0.021354 0.034259
0.0 0.732812 0.278241 0.016667 0.034259
0.0 0.515365 0.818056 0.020313 0.025000
0.0 0.534115 0.679630 0.020313 0.031481
0.0 0.626302 0.088426 0.021354 0.032407
0.0 0.277083 0.442130 0.025000 0.034259
0.0 0.652604 0.886574 0.022917 0.045370
0.0 0.750781 0.713889 0.014063 0.029630
0.0 0.777344 0.645370 0.017188 0.035185
0.0 0.417708 0.885185 0.018750 0.024074
0.0 0.327604 0.262963 0.023958 0.035185
0.0 0.689844 0.270833 0.018229 0.032407
0.0 0.671354 0.449537 0.013542 0.026852
0.0 0.324740 0.540741 0.013021 0.029630
