0.0 0.729427 0.774537 0.015104 0.025000
0.0 0.705469 0.767130 0.013021 0.034259
0.0 0.341146 0.547685 0.015625 0.030556
0.0 0.487500 0.424074 0.014583 0.033333
0.0 0.713281 0.343981 0.014063 0.030556
0.0 0.413021 0.862500 0.017708 0.028704
0.0 0.769531 0.673148 0.018229 0.033333
0.0 0.768490 0.652778 0.013021 0.029630
0.0 0.667969 0.904167 0.015104 0.036111
0.0 0.644792 0.913426 0.019792 0.039815
0.0 0.395052 0.776852 0.021354 0.031481
0.0 0.605469 0.853241 0.020313 0.023148
0.0 0.632031 0.405556 0.020313 0.024074
0.0 0.734375 0.515278 0.015625 0.034259
0.0 0.304948 0.672222 0.014063 0.038889
0.0 0.716146 0.206944 0.020833 0.025000
0.0 0.662240 0.126852 0.018229 0.031481
0.0 0.786979 0.488889 0.012500 0.037037
0.0 0.559896 0.443056 0.020833 0.036111
0.0 0.743490 0.591204 0.015104 0.032407
0.0 0.600000 0.959259 0.021875 0.035185
0.0 0.286198 0.638889 0.016146 0.029630
0.0 0.541406 0.816204 0.019271 0.032407
0.0 0.315365 0.456019 0.018229 0.039815
0.0 0.665365 0.168519 0.013021 0.025926
0.0 0.414583 0.122685 0.016667 0.026852
0.0 0.408333 0.790278 0.017708 0.021296
0.0 0.464323 0.789815 0.016146 0.027778
