0.0 0.679108 0.897018 0.017985 0.029986
0.0 0.653751 0.882700 0.016360 0.038950
0.0 0.275350 0.554854 0.018921 0.035859
0.0 0.441624 0.468239 0.017984 0.038431
0.0 0.690686 0.448641 0.017235 0.035423
0.0 0.331712 0.899453 0.021044 0.034531
0.0 0.729219 0.803679 0.021918 0.039448
0.0 0.729468 0.782388 0.016048 0.034178
0.0 0.604050 0.996398 0.018733 0.007204
0.0 0.578413 0.996657 0.024042 0.006686
0.0 0.318089 0.806144 0.025166 0.038411
0.0 0.540029 0.943583 0.023481 0.029529
0.0 0.598852 0.489460 0.023544 0.030484
0.0 0.701912 0.631120 0.019170 0.039677
0.0 0.227895 0.673147 0.017797 0.044014
0.0 0.703009 0.308165 0.024167 0.031584
0.0 0.650228 0.210561 0.021794 0.037539
0.0 0.760461 0.618587 0.015985 0.041669
0.0 0.518477 0.508000 0.024916 0.043038
0.0 0.706635 0.711937 0.018483 0.037622
0.0 0.209906 0.633553 0.019421 0.035050
0.0 0.473386 0.887533 0.022981 0.038784
0.0 0.253701 0.453162 0.022355 0.046131
0.0 0.650794 0.254388 0.015799 0.030360
0.0 0.383233 0.137191 0.019796 0.032331
0.0 0.331518 0.823690 0.020545 0.026894
0.0 0.391974 0.838829 0.019296 0.033140
