0.0 0.311800 0.830502 0.015820 0.025544
0.0 0.336742 0.822934 0.013679 0.035004
0.0 0.715692 0.598725 0.016381 0.031221
0.0 0.562782 0.472423 0.015304 0.034058
0.0 0.327244 0.390585 0.014753 0.031221
0.0 0.641802 0.920383 0.018545 0.029328
0.0 0.269683 0.726908 0.019103 0.034058
0.0 0.270702 0.706095 0.013664 0.030274
0.0 0.376260 0.962951 0.015855 0.036896
0.0 0.400442 0.972412 0.020753 0.040681
0.0 0.660253 0.832873 0.022354 0.032166
0.0 0.441226 0.910919 0.021242 0.023652
0.0 0.412110 0.453500 0.021245 0.024598
0.0 0.305812 0.565606 0.016392 0.035004
0.0 0.753812 0.725970 0.014780 0.039735
0.0 0.323818 0.250568 0.021790 0.025544
0.0 0.379736 0.168736 0.019097 0.032166
0.0 0.250909 0.538642 0.013145 0.037842
0.0 0.487401 0.491817 0.021826 0.036897
0.0 0.296557 0.643182 0.015844 0.033112
0.0 0.773244 0.691913 0.016920 0.030274
0.0 0.507866 0.873078 0.020186 0.033112
0.0 0.742263 0.505066 0.019124 0.040681
0.0 0.376613 0.211309 0.013652 0.026490
0.0 0.637801 0.164483 0.017455 0.027436
0.0 0.646456 0.846591 0.018521 0.021759
0.0 0.588108 0.846117 0.016914 0.028382
