0.0 0.347898 0.902007 0.016069 0.023527
0.0 0.644288 0.427982 0.017481 0.024602
0.0 0.686259 0.413192 0.015159 0.026986
0.0 0.645298 0.517710 0.013285 0.026745
0.0 0.471342 0.976362 0.020921 0.047277
0.0 0.662441 0.742158 0.012368 0.029309
0.0 0.521378 0.845702 0.015133 0.023406
0.0 0.557502 0.897828 0.014203 0.024181
0.0 0.327678 0.816540 0.016607 0.033431
0.0 0.570360 0.162561 0.013778 0.030385
0.0 0.620782 0.277222 0.013279 0.025850
0.0 0.698626 0.417411 0.014746 0.034980
0.0 0.663255 0.558762 0.014291 0.036709
0.0 0.697097 0.636217 0.013803 0.033964
0.0 0.248923 0.639363 0.017537 0.032656
0.0 0.265035 0.743687 0.014740 0.034085
0.0 0.426599 0.953123 0.020758 0.025024
0.0 0.352018 0.948417 0.014709 0.029611
0.0 0.643596 0.761124 0.017993 0.030928
0.0 0.508710 0.917967 0.015133 0.023406
0.0 0.637065 0.858975 0.015646 0.029731
0.0 0.595696 0.887994 0.021208 0.022400
0.0 0.524074 0.158684 0.021321 0.038508
0.0 0.578918 0.678251 0.017499 0.027287
0.0 0.406575 0.739328 0.017050 0.029912
0.0 0.420915 0.990385 0.019403 0.019230
0.0 0.693214 0.622858 0.015152 0.026091
0.0 0.334163 0.792459 0.014216 0.025970
0.0 0.304479 0.421203 0.011450 0.031873
