0 0.418750 0.877778 0.013542 0.016667
0 0.243490 0.497685 0.009896 0.023148
0 0.396615 0.742130 0.013021 0.030556
0 0.433594 0.941667 0.015104 0.040741
0 0.271094 0.756944 0.019271 0.023148
0 0.356771 0.646759 0.017708 0.023148
0 0.221615 0.407870 0.018229 0.023148
0 0.230469 0.350000 0.017188 0.024074
0 0.317969 0.479167 0.021354 0.028704
0 0.567448 0.839815 0.018229 0.031481
0 0.662500 0.816204 0.015625 0.036111
0 0.360417 0.929167 0.016667 0.025000
0 0.294010 0.623611 0.017188 0.032407
0 0.683073 0.757407 0.019271 0.035185
0 0.384896 0.768519 0.018750 0.024074
0 0.708333 0.705093 0.018750 0.025000
0 0.535677 0.401389 0.017188 0.037963
0 0.330990 0.586574 0.018229 0.026852
0 0.215365 0.490741 0.016146 0.029630
0 0.708073 0.444907 0.015104 0.034259
0 0.249219 0.600926 0.013021 0.031481
0 0.600260 0.556019 0.022396 0.034259
0 0.394271 0.957407 0.018750 0.025926
0 0.338802 0.155093 0.021354 0.039815
0 0.294531 0.720370 0.019271 0.029630
0 0.259896 0.328241 0.010417 0.025000
0 0.219792 0.490741 0.012500 0.031481
0 0.421875 0.922685 0.015625 0.017593
