0.0 0.463828 0.916760 0.014344 0.017923
0.0 0.278434 0.592709 0.010486 0.023333
0.0 0.440448 0.794043 0.013798 0.030793
0.0 0.479517 0.973785 0.016007 0.040662
0.0 0.307553 0.829824 0.020412 0.024973
0.0 0.398304 0.712011 0.018757 0.024699
0.0 0.255311 0.512718 0.019308 0.024791
0.0 0.264709 0.457165 0.018207 0.025473
0.0 0.357292 0.562399 0.022619 0.030522
0.0 0.621269 0.855322 0.019312 0.032567
0.0 0.721911 0.816661 0.016557 0.036432
0.0 0.402050 0.974920 0.017655 0.026246
0.0 0.331869 0.701387 0.018210 0.033249
0.0 0.743715 0.758192 0.020416 0.036206
0.0 0.428031 0.820720 0.019860 0.025746
0.0 0.770479 0.704954 0.019861 0.026610
0.0 0.587811 0.451734 0.018212 0.038434
0.0 0.371034 0.660355 0.019310 0.028247
0.0 0.248661 0.591148 0.017106 0.030475
0.0 0.770309 0.462190 0.016005 0.034613
0.0 0.284458 0.688052 0.013798 0.031656
0.0 0.656123 0.584740 0.023724 0.035888
0.0 0.437879 0.990808 0.019861 0.018384
0.0 0.379480 0.256325 0.022624 0.040891
0.0 0.332381 0.791593 0.020414 0.031022
0.0 0.295872 0.431711 0.011039 0.025152
0.0 0.253348 0.590374 0.013246 0.031565
0.0 0.467118 0.958121 0.016549 0.019151
