0.0 0.309372 0.801475 0.015903 0.023118
0.0 0.598643 0.597565 0.018704 0.036638
0.0 0.554094 0.937717 0.027728 0.030796
0.0 0.272059 0.837848 0.018312 0.025186
0.0 0.723411 0.574808 0.016811 0.040778
0.0 0.268415 0.775086 0.018509 0.020826
0.0 0.651296 0.551984 0.015756 0.021345
0.0 0.746428 0.394073 0.020204 0.041219
0.0 0.247188 0.641923 0.018754 0.030506
0.0 0.576493 0.719708 0.018188 0.030432
0.0 0.544030 0.965984 0.021802 0.033533
0.0 0.634159 0.792634 0.026965 0.035081
0.0 0.402901 0.965552 0.024605 0.026881
0.0 0.717875 0.380053 0.021655 0.031760
0.0 0.752130 0.655619 0.015633 0.026591
0.0 0.604521 0.351417 0.023867 0.038187
0.0 0.243776 0.827448 0.021926 0.028287
0.0 0.663150 0.887372 0.022491 0.028361
0.0 0.631233 0.927585 0.021482 0.043140
0.0 0.285134 0.532590 0.023375 0.039000
0.0 0.267798 0.875384 0.022515 0.035380
0.0 0.317853 0.929843 0.019614 0.034125
0.0 0.726438 0.335459 0.022615 0.023114
0.0 0.588154 0.954246 0.024851 0.036561
0.0 0.364639 0.978948 0.023007 0.034567
0.0 0.746705 0.597106 0.020525 0.031613
0.0 0.594349 0.264056 0.023549 0.027621
0.0 0.644283 0.894330 0.020009 0.025406
0.0 0.626216 0.895116 0.020106 0.033312
