0.0 0.330112 0.831606 0.014116 0.027191
0.0 0.596171 0.612289 0.016003 0.042751
0.0 0.574359 0.991207 0.025215 0.017585
0.0 0.296418 0.871462 0.016345 0.029674
0.0 0.714973 0.592575 0.013886 0.047370
0.0 0.289012 0.799185 0.016815 0.024714
0.0 0.644073 0.562645 0.014085 0.025161
0.0 0.725933 0.386166 0.017182 0.048052
0.0 0.260295 0.645140 0.016441 0.035762
0.0 0.582410 0.751444 0.015892 0.035649
0.0 0.642497 0.838177 0.024196 0.041411
0.0 0.697551 0.368592 0.019204 0.037345
0.0 0.747660 0.686875 0.013631 0.031136
0.0 0.586557 0.329863 0.020964 0.044788
0.0 0.268522 0.858060 0.019689 0.033400
0.0 0.676311 0.948488 0.020239 0.033514
0.0 0.648054 0.983939 0.018313 0.032121
0.0 0.290070 0.521512 0.020430 0.045689
0.0 0.294642 0.914357 0.019817 0.041516
0.0 0.346250 0.979487 0.017054 0.039934
0.0 0.703034 0.317812 0.020693 0.027539
0.0 0.608202 0.999972 0.022031 0.000055
0.0 0.738800 0.619387 0.018106 0.037118
0.0 0.571334 0.228994 0.021322 0.032726
0.0 0.658564 0.955507 0.017994 0.030015
0.0 0.641204 0.955480 0.017588 0.039033
