0.0 0.355006 0.234606 0.012962 0.026028
0.0 0.528822 0.748409 0.012953 0.024014
0.0 0.303859 0.280579 0.012997 0.034082
0.0 0.365733 0.494057 0.011968 0.033933
0.0 0.289538 0.319806 0.017608 0.030726
0.0 0.426423 0.623749 0.011950 0.029906
0.0 0.394685 0.704271 0.011963 0.032926
0.0 0.309444 0.238071 0.016563 0.026550
0.0 0.339744 0.794524 0.010913 0.027743
0.0 0.349633 0.648374 0.007865 0.036356
0.0 0.560123 0.108715 0.020707 0.034195
0.0 0.368200 0.879747 0.019164 0.033971
0.0 0.448869 0.189287 0.020168 0.028079
0.0 0.430339 0.911427 0.019151 0.030950
0.0 0.765797 0.453864 0.023297 0.038594
0.0 0.347966 0.917612 0.020232 0.043181
0.0 0.456432 0.767123 0.019718 0.043106
0.0 0.754909 0.773144 0.021783 0.045418
0.0 0.452671 0.864296 0.018148 0.036841
0.0 0.543946 0.160768 0.016636 0.043665
0.0 0.652713 0.901875 0.018161 0.039862
0.0 0.773895 0.666091 0.013563 0.046238
0.0 0.697639 0.927029 0.018663 0.036916
0.0 0.323393 0.826907 0.014535 0.033299
0.0 0.316552 0.260762 0.016558 0.025543
0.0 0.296617 0.349040 0.013494 0.030130
0.0 0.323682 0.819394 0.013031 0.042136
