0.0 0.287240 0.395833 0.013021 0.036111
0.0 0.702083 0.510185 0.010417 0.040741
0.0 0.373177 0.942130 0.017188 0.021296
0.0 0.420312 0.943519 0.018750 0.022222
0.0 0.478385 0.156481 0.019271 0.025926
0.0 0.233333 0.490741 0.016667 0.029630
0.0 0.595833 0.693519 0.015625 0.022222
0.0 0.496354 0.739352 0.018750 0.025000
0.0 0.476042 0.916667 0.021875 0.029630
0.0 0.519271 0.920833 0.022917 0.025000
0.0 0.517448 0.179630 0.016146 0.022222
0.0 0.342969 0.475926 0.021354 0.031481
0.0 0.669271 0.665278 0.019792 0.034259
0.0 0.708594 0.450000 0.020313 0.037037
0.0 0.268490 0.363889 0.013021 0.027778
0.0 0.408073 0.079630 0.021354 0.031481
0.0 0.596094 0.875463 0.016146 0.023148
0.0 0.677344 0.776852 0.019271 0.025926
0.0 0.272656 0.726852 0.015104 0.027778
0.0 0.229687 0.397685 0.013542 0.034259
0.0 0.320833 0.173148 0.017708 0.035185
0.0 0.315104 0.755093 0.020833 0.025000
0.0 0.709635 0.673611 0.021354 0.034259
0.0 0.445052 0.923148 0.018229 0.044444
0.0 0.247396 0.286111 0.015625 0.025926
0.0 0.671875 0.541204 0.014583 0.036111
0.0 0.539062 0.934722 0.019792 0.021296
0.0 0.514323 0.861574 0.017188 0.019444
0.0 0.459635 0.908796 0.017188 0.019444
0.0 0.276042 0.378704 0.011458 0.031481
