0.0 0.326060 0.455479 0.015123 0.036326
0.0 0.758471 0.551807 0.012664 0.040808
0.0 0.440552 0.991261 0.018705 0.017479
0.0 0.489130 0.990737 0.020357 0.018526
0.0 0.511376 0.210401 0.021070 0.026487
0.0 0.275103 0.551760 0.018566 0.030052
0.0 0.657858 0.737880 0.017141 0.022667
0.0 0.557659 0.787388 0.020490 0.025548
0.0 0.545207 0.963971 0.023927 0.030265
0.0 0.589898 0.966327 0.024778 0.025719
0.0 0.552684 0.231743 0.017677 0.022688
0.0 0.387235 0.532579 0.023479 0.032079
0.0 0.732095 0.706876 0.022003 0.034768
0.0 0.762303 0.491886 0.022672 0.037543
0.0 0.305239 0.424586 0.014726 0.028067
0.0 0.435347 0.137112 0.023479 0.032079
0.0 0.666801 0.918207 0.017721 0.023606
0.0 0.745723 0.817134 0.021070 0.026487
0.0 0.326831 0.784173 0.016869 0.028152
0.0 0.266914 0.459675 0.015571 0.034512
0.0 0.350017 0.233382 0.019903 0.035601
0.0 0.371865 0.810424 0.022633 0.025634
0.0 0.774035 0.713480 0.023611 0.034832
0.0 0.513621 0.971665 0.020880 0.044799
0.0 0.279821 0.348360 0.017317 0.026338
0.0 0.728859 0.583791 0.016731 0.036390
0.0 0.610929 0.979281 0.021385 0.021920
0.0 0.581980 0.907794 0.018617 0.019977
0.0 0.527946 0.956842 0.018617 0.019977
0.0 0.313718 0.438960 0.013294 0.031673
