0.0 0.334639 0.456403 0.014067 0.034842
0.0 0.751907 0.554147 0.011607 0.039192
0.0 0.436662 0.975696 0.017782 0.020810
0.0 0.483726 0.975721 0.019368 0.021738
0.0 0.518193 0.222567 0.019998 0.025289
0.0 0.283690 0.548520 0.017511 0.028754
0.0 0.651376 0.732148 0.016251 0.021651
0.0 0.553500 0.778660 0.019451 0.024390
0.0 0.538523 0.948541 0.022707 0.028898
0.0 0.581774 0.951326 0.023608 0.024505
0.0 0.557854 0.243594 0.016770 0.021666
0.0 0.392624 0.531346 0.022242 0.030651
0.0 0.723797 0.703153 0.020766 0.033261
0.0 0.756608 0.496496 0.021369 0.035928
0.0 0.314981 0.426417 0.013818 0.026885
0.0 0.445757 0.151122 0.022242 0.030651
0.0 0.657061 0.905881 0.016798 0.022550
0.0 0.735178 0.809473 0.019998 0.025289
0.0 0.329960 0.772899 0.015896 0.026942
0.0 0.277278 0.459760 0.014531 0.033088
0.0 0.361512 0.242832 0.018715 0.034087
0.0 0.373149 0.798695 0.021529 0.024448
0.0 0.764314 0.709996 0.022325 0.033304
0.0 0.507800 0.955585 0.019511 0.042943
0.0 0.291618 0.352728 0.016361 0.025188
0.0 0.722695 0.584601 0.015625 0.034885
0.0 0.601932 0.964042 0.020380 0.020882
0.0 0.575070 0.894875 0.017727 0.019042
0.0 0.521920 0.941478 0.017727 0.019042
0.0 0.322957 0.440356 0.012369 0.030378
