0.0 0.680400 0.623035 0.015094 0.033701
0.0 0.222982 0.639313 0.015341 0.039588
0.0 0.672228 0.478875 0.014686 0.036518
0.0 0.653201 0.925795 0.018365 0.036421
0.0 0.627474 0.253681 0.018814 0.034584
0.0 0.512977 0.871691 0.019711 0.030911
0.0 0.379829 0.990816 0.016852 0.018368
0.0 0.716965 0.372054 0.020610 0.027238
0.0 0.386466 0.893686 0.020651 0.028219
0.0 0.574465 0.148430 0.022291 0.042210
0.0 0.356575 0.915331 0.018443 0.025752
0.0 0.486483 0.882745 0.019221 0.031766
0.0 0.670536 0.921981 0.020251 0.056298
0.0 0.246677 0.688547 0.015259 0.037625
0.0 0.250016 0.794394 0.018163 0.044144
0.0 0.439915 0.962868 0.017380 0.025499
0.0 0.726660 0.550272 0.017710 0.033350
0.0 0.536480 0.362901 0.020774 0.031163
0.0 0.293109 0.848232 0.019262 0.032747
0.0 0.627844 0.960903 0.019432 0.049304
0.0 0.484851 0.160852 0.021796 0.030434
0.0 0.652887 0.236425 0.023188 0.038536
0.0 0.272621 0.607492 0.015012 0.031738
0.0 0.261058 0.652813 0.018488 0.039364
0.0 0.231297 0.524341 0.015708 0.035790
0.0 0.429969 0.992141 0.019344 0.015719
