0.0 0.700125 0.569714 0.015701 0.031519
0.0 0.214872 0.695762 0.015852 0.037608
0.0 0.681313 0.424013 0.015202 0.034561
0.0 0.692464 0.886315 0.019195 0.033562
0.0 0.617909 0.204062 0.019719 0.031534
0.0 0.539557 0.864429 0.020765 0.027479
0.0 0.721383 0.303905 0.021813 0.023423
0.0 0.406575 0.917209 0.021838 0.024438
0.0 0.554151 0.108935 0.023338 0.038651
0.0 0.376311 0.946526 0.019493 0.022399
0.0 0.512160 0.882087 0.020216 0.028491
0.0 0.710629 0.878264 0.020844 0.053865
0.0 0.243525 0.740523 0.015802 0.035578
0.0 0.254509 0.848137 0.018822 0.041679
0.0 0.468269 0.975287 0.018345 0.022395
0.0 0.744206 0.484125 0.018545 0.030515
0.0 0.528821 0.337687 0.021914 0.027483
0.0 0.304112 0.892976 0.020242 0.029507
0.0 0.667966 0.928338 0.020095 0.046759
0.0 0.459732 0.143086 0.023037 0.026472
0.0 0.643721 0.180310 0.024385 0.034596
0.0 0.265421 0.651299 0.015651 0.029489
0.0 0.256308 0.700484 0.019270 0.036606
0.0 0.215640 0.576014 0.016325 0.033551
