0.0 0.539305 0.884158 0.016241 0.024741
0.0 0.451426 0.968455 0.017700 0.025822
0.0 0.578132 0.965310 0.016310 0.029330
0.0 0.566388 0.286438 0.013818 0.023551
0.0 0.471574 0.988930 0.021113 0.022141
0.0 0.694925 0.434270 0.013873 0.027222
0.0 0.651488 0.627475 0.012099 0.037100
0.0 0.633272 0.812040 0.011933 0.026086
0.0 0.705611 0.445590 0.018320 0.035054
0.0 0.386699 0.844844 0.015759 0.024686
0.0 0.624328 0.781150 0.016504 0.042179
0.0 0.548655 0.743638 0.016214 0.022905
0.0 0.640231 0.301220 0.018237 0.029548
0.0 0.592480 0.171714 0.020246 0.035272
0.0 0.440927 0.928656 0.015746 0.023769
0.0 0.375237 0.965360 0.019681 0.029711
0.0 0.241720 0.635398 0.013915 0.029976
0.0 0.579864 0.866219 0.015801 0.027440
0.0 0.603700 0.564615 0.014975 0.036508
0.0 0.641601 0.434677 0.016448 0.038507
0.0 0.616215 0.470420 0.016764 0.027549
0.0 0.676107 0.835268 0.015416 0.033809
0.0 0.257420 0.714396 0.017824 0.034082
0.0 0.303731 0.859369 0.016352 0.032084
0.0 0.690979 0.504152 0.011933 0.026086
0.0 0.669539 0.758681 0.017466 0.042288
0.0 0.596328 0.926457 0.015870 0.032029
0.0 0.399845 0.179357 0.016283 0.027494
0.0 0.307440 0.388173 0.013434 0.029921
