0.0 0.704275 0.414700 0.016652 0.025637
0.0 0.586053 0.364653 0.016645 0.024778
0.0 0.303647 0.766368 0.015201 0.037342
0.0 0.284415 0.686841 0.018711 0.026052
0.0 0.437357 0.781281 0.018738 0.029485
0.0 0.653785 0.901841 0.021400 0.041162
0.0 0.486879 0.187347 0.019748 0.027118
0.0 0.274057 0.758255 0.019802 0.033984
0.0 0.664043 0.316756 0.016211 0.034974
0.0 0.518696 0.207514 0.015629 0.026288
0.0 0.692439 0.608748 0.017769 0.037002
0.0 0.248415 0.707095 0.020283 0.029797
0.0 0.232814 0.624862 0.015662 0.030579
0.0 0.669528 0.505269 0.016686 0.029929
0.0 0.478326 0.982533 0.017147 0.023166
0.0 0.390599 0.924018 0.018237 0.031098
0.0 0.431977 0.875620 0.019768 0.029693
0.0 0.586926 0.286170 0.025445 0.032551
0.0 0.686685 0.684958 0.015682 0.033154
0.0 0.238013 0.422168 0.020945 0.048783
0.0 0.625402 0.246213 0.020304 0.032372
0.0 0.502225 0.927173 0.019735 0.025401
0.0 0.681629 0.408846 0.010493 0.026967
0.0 0.558377 0.408506 0.013603 0.030164
0.0 0.704421 0.790833 0.011523 0.027174
0.0 0.694263 0.803830 0.016177 0.030683
0.0 0.469156 0.968219 0.017167 0.025741
0.0 0.370014 0.819718 0.015642 0.028004
