0.0 0.648492 0.628822 0.015763 0.032747
0.0 0.641083 0.542149 0.014680 0.027746
0.0 0.288688 0.253090 0.016815 0.036801
0.0 0.281563 0.319710 0.026541 0.039682
0.0 0.447651 0.444779 0.016195 0.031939
0.0 0.615467 0.377059 0.013542 0.034897
0.0 0.668522 0.349814 0.016469 0.026404
0.0 0.637222 0.763898 0.014248 0.028554
0.0 0.342001 0.478405 0.015858 0.035583
0.0 0.676867 0.556086 0.013825 0.043404
0.0 0.655270 0.685240 0.009679 0.029073
0.0 0.635957 0.267146 0.019257 0.041269
0.0 0.519658 0.431259 0.017828 0.025870
0.0 0.702803 0.620085 0.013448 0.032061
0.0 0.351556 0.950885 0.018574 0.034515
0.0 0.266341 0.397773 0.017247 0.035994
0.0 0.661462 0.850783 0.015520 0.039226
0.0 0.456488 0.847361 0.017458 0.028569
0.0 0.537466 0.943887 0.017647 0.034241
0.0 0.420313 0.978881 0.018574 0.034515
0.0 0.335944 0.815485 0.018448 0.030734
0.0 0.627145 0.863053 0.012796 0.026252
0.0 0.475554 0.987020 0.013079 0.025961
0.0 0.590406 0.955268 0.014224 0.041651
0.0 0.255940 0.689656 0.018762 0.040186
0.0 0.496920 0.200679 0.016635 0.045173
0.0 0.472948 0.929078 0.018417 0.029788
0.0 0.414627 0.960014 0.016132 0.030048
0.0 0.382270 0.948524 0.022679 0.033859
0.0 0.334120 0.215951 0.017152 0.033158
