0.0 0.723958 0.519444 0.016667 0.027778
0.0 0.712500 0.437500 0.015625 0.023148
0.0 0.309375 0.258333 0.017708 0.031481
0.0 0.303906 0.325000 0.028646 0.031481
0.0 0.493490 0.398611 0.017188 0.026852
0.0 0.677865 0.284722 0.014063 0.030556
0.0 0.735938 0.243056 0.017708 0.021296
0.0 0.716406 0.653704 0.015104 0.024074
0.0 0.377083 0.461574 0.016667 0.030556
0.0 0.752865 0.440741 0.014063 0.038889
0.0 0.733594 0.572222 0.009896 0.025926
0.0 0.696615 0.172222 0.020313 0.035185
0.0 0.573177 0.364815 0.019271 0.020370
0.0 0.784115 0.495370 0.014063 0.027778
0.0 0.405208 0.917130 0.019792 0.028704
0.0 0.289844 0.405093 0.018229 0.030556
0.0 0.746615 0.731019 0.016146 0.034259
0.0 0.518229 0.786574 0.018750 0.023148
0.0 0.611979 0.856944 0.018750 0.028704
0.0 0.482812 0.924537 0.019792 0.028704
0.0 0.382812 0.790278 0.019792 0.025000
0.0 0.708854 0.752778 0.013542 0.022222
0.0 0.544792 0.920833 0.013542 0.030556
0.0 0.671354 0.852778 0.014583 0.037037
0.0 0.289062 0.691204 0.019792 0.034259
0.0 0.539323 0.147685 0.017188 0.039815
0.0 0.539583 0.861111 0.019792 0.024074
0.0 0.475781 0.907870 0.017188 0.025000
0.0 0.439323 0.906019 0.024479 0.026852
0.0 0.358594 0.209259 0.018229 0.027778
