0.0 0.752344 0.284722 0.016146 0.019444
0.0 0.560937 0.135185 0.012500 0.033333
0.0 0.556250 0.058333 0.025000 0.022222
0.0 0.614844 0.669907 0.019271 0.019444
0.0 0.661979 0.265278 0.015625 0.026852
0.0 0.416927 0.113426 0.015104 0.026852
0.0 0.446354 0.725926 0.018750 0.027778
0.0 0.463021 0.939352 0.018750 0.028704
0.0 0.715885 0.698148 0.015104 0.025926
0.0 0.757292 0.351852 0.016667 0.022222
0.0 0.617448 0.456019 0.021354 0.032407
0.0 0.617969 0.392593 0.015104 0.031481
0.0 0.624479 0.330556 0.018750 0.025926
0.0 0.605208 0.949074 0.019792 0.022222
0.0 0.583073 0.174537 0.021354 0.032407
0.0 0.359115 0.844444 0.019271 0.029630
0.0 0.727865 0.575000 0.020313 0.037037
0.0 0.317448 0.688889 0.017188 0.033333
0.0 0.741146 0.755093 0.016667 0.036111
0.0 0.775260 0.376389 0.015104 0.036111
0.0 0.687760 0.862037 0.019271 0.040741
0.0 0.293229 0.512963 0.018750 0.031481
0.0 0.734635 0.269444 0.017188 0.022222
0.0 0.730729 0.315278 0.012500 0.030556
0.0 0.715104 0.288889 0.017708 0.024074
0.0 0.534115 0.075463 0.020313 0.032407
0.0 0.335156 0.580556 0.014063 0.033333
0.0 0.336198 0.720370 0.013021 0.029630
0.0 0.469010 0.906019 0.020313 0.026852
0.0 0.663802 0.857407 0.011979 0.022222
