0.0 0.538404 0.466648 0.023437 0.035352
0.0 0.603209 0.187536 0.022126 0.033118
0.0 0.588356 0.982226 0.021482 0.035548
0.0 0.218549 0.666461 0.022136 0.036973
0.0 0.603743 0.963941 0.018995 0.032384
0.0 0.570097 0.991266 0.022915 0.017468
0.0 0.699089 0.480745 0.022414 0.042816
0.0 0.589611 0.403797 0.023181 0.037218
0.0 0.612062 0.588007 0.020724 0.045309
0.0 0.614510 0.340417 0.026701 0.037080
0.0 0.683418 0.274027 0.023979 0.043183
0.0 0.229346 0.656175 0.032452 0.042281
0.0 0.655657 0.775124 0.017962 0.035994
0.0 0.255820 0.850557 0.021625 0.040705
0.0 0.458389 0.823204 0.020059 0.040337
0.0 0.601690 0.116422 0.026599 0.047650
0.0 0.360243 0.939137 0.023826 0.034480
0.0 0.320468 0.894431 0.022136 0.036973
0.0 0.225986 0.486184 0.022802 0.041944
0.0 0.226642 0.797055 0.023058 0.040077
0.0 0.663621 0.202729 0.023682 0.029630
0.0 0.645701 0.215959 0.023437 0.035352
0.0 0.644287 0.337146 0.019916 0.035489
