0.0 0.572547 0.390913 0.020707 0.031261
0.0 0.584228 0.954796 0.012043 0.016617
0.0 0.544428 0.999247 0.025927 0.001506
0.0 0.568563 0.369995 0.022995 0.034194
0.0 0.601898 0.208608 0.016685 0.025398
0.0 0.419170 0.686160 0.021798 0.030301
0.0 0.620142 0.201012 0.021776 0.029329
0.0 0.506020 0.682125 0.019659 0.034163
0.0 0.570953 0.976523 0.016987 0.038992
0.0 0.565218 0.357824 0.023358 0.025461
0.0 0.297090 0.861761 0.020215 0.034168
0.0 0.266993 0.839625 0.018056 0.037060
0.0 0.558506 0.848208 0.015147 0.031208
0.0 0.619516 0.304437 0.019573 0.030279
0.0 0.573879 0.230680 0.023060 0.037107
0.0 0.650962 0.767018 0.020815 0.036115
0.0 0.552665 0.096457 0.026866 0.033260
0.0 0.661174 0.895796 0.022376 0.031277
0.0 0.231203 0.585322 0.015212 0.034121
0.0 0.736528 0.382266 0.019147 0.036100
0.0 0.685503 0.751805 0.015768 0.034126
0.0 0.744821 0.472179 0.023017 0.035165
0.0 0.703523 0.804420 0.016409 0.038015
0.0 0.617671 0.976479 0.017819 0.026379
0.0 0.592571 0.227944 0.017841 0.027351
0.0 0.242289 0.599509 0.019212 0.039013
0.0 0.576121 0.831379 0.018419 0.028327
0.0 0.579230 0.979514 0.019126 0.035128
0.0 0.553326 0.995896 0.022888 0.008208
