0.0 0.388542 0.347222 0.018750 0.029630
0.0 0.365885 0.884722 0.010937 0.015741
0.0 0.401823 0.946296 0.023438 0.038889
0.0 0.392708 0.327315 0.020833 0.032407
0.0 0.364844 0.173148 0.015104 0.024074
0.0 0.526042 0.630093 0.019792 0.028704
0.0 0.347917 0.165741 0.019792 0.027778
0.0 0.444792 0.625463 0.017708 0.032407
0.0 0.377865 0.905556 0.015104 0.037037
0.0 0.396094 0.315741 0.021354 0.024074
0.0 0.636719 0.798611 0.018229 0.032407
0.0 0.665365 0.777778 0.016146 0.035185
0.0 0.392188 0.783333 0.013542 0.029630
0.0 0.346354 0.264352 0.017708 0.028704
0.0 0.390625 0.194444 0.020833 0.035185
0.0 0.307292 0.705093 0.018750 0.034259
0.0 0.413281 0.066667 0.024479 0.031481
0.0 0.295052 0.827778 0.020313 0.029630
0.0 0.542708 0.946759 0.018750 0.032407
0.0 0.704167 0.535648 0.013542 0.032407
0.0 0.235156 0.337500 0.017188 0.034259
0.0 0.275260 0.690278 0.014063 0.032407
0.0 0.225521 0.423148 0.020833 0.033333
0.0 0.257292 0.740278 0.014583 0.036111
0.0 0.334115 0.905093 0.016146 0.025000
0.0 0.373177 0.191667 0.016146 0.025926
0.0 0.693490 0.549074 0.017188 0.037037
0.0 0.376042 0.767130 0.016667 0.026852
0.0 0.370052 0.908333 0.017188 0.033333
0.0 0.393750 0.934259 0.020833 0.027778
