0.0 0.562185 0.342983 0.020020 0.033608
0.0 0.676087 0.409802 0.017739 0.030518
0.0 0.616438 0.649329 0.018837 0.025736
0.0 0.245449 0.679708 0.020442 0.038503
0.0 0.702202 0.591137 0.018923 0.038389
0.0 0.636652 0.487667 0.018246 0.030556
0.0 0.504229 0.165030 0.021033 0.027847
0.0 0.460762 0.928601 0.020611 0.028788
0.0 0.424046 0.730819 0.017823 0.025660
0.0 0.650885 0.950759 0.019428 0.026754
0.0 0.700277 0.781480 0.029395 0.043068
0.0 0.705613 0.485926 0.016979 0.033379
0.0 0.472731 0.225543 0.023736 0.035832
0.0 0.548446 0.629807 0.017485 0.021743
0.0 0.632802 0.862439 0.014023 0.028293
0.0 0.670167 0.326482 0.020442 0.032667
0.0 0.688586 0.846909 0.018162 0.029577
0.0 0.360341 0.949954 0.020949 0.038541
0.0 0.562217 0.222259 0.018922 0.026715
0.0 0.354860 0.151140 0.016725 0.030442
0.0 0.307792 0.796231 0.018922 0.026715
0.0 0.327346 0.812992 0.021878 0.031802
0.0 0.378532 0.838705 0.016810 0.031421
0.0 0.622918 0.848402 0.016389 0.032362
0.0 0.635552 0.920869 0.018669 0.029615
0.0 0.679369 0.737229 0.016303 0.025545
0.0 0.557962 0.338373 0.017824 0.037333
