0 0.425521 0.824537 0.014583 0.015741
0 0.409375 0.089815 0.019792 0.035185
0 0.252865 0.736111 0.017188 0.027778
0 0.461458 0.957870 0.017708 0.026852
0 0.686458 0.585185 0.019792 0.031481
0 0.649479 0.449074 0.021875 0.031481
0 0.224740 0.393981 0.015104 0.041667
0 0.399740 0.251389 0.020313 0.026852
0 0.510156 0.688426 0.020313 0.036111
0 0.300781 0.446759 0.011979 0.030556
0 0.367969 0.864352 0.015104 0.026852
0 0.230990 0.535185 0.017188 0.031481
0 0.301563 0.849537 0.018750 0.023148
0 0.553906 0.853704 0.017188 0.020370
0 0.407031 0.929630 0.018229 0.035185
0 0.251563 0.696296 0.023958 0.033333
0 0.329167 0.219444 0.018750 0.033333
0 0.266927 0.240741 0.014063 0.033333
0 0.273958 0.801852 0.021875 0.029630
0 0.331510 0.516204 0.017188 0.034259
0 0.438542 0.963889 0.020833 0.033333
0 0.695312 0.749074 0.020833 0.035185
0 0.468229 0.105093 0.020833 0.026852
0 0.532292 0.925926 0.016667 0.022222
0 0.383854 0.855556 0.016667 0.025926
0 0.652083 0.187500 0.017708 0.025000
0 0.670312 0.338426 0.013542 0.034259
