0.0 0.475507 0.846218 0.014356 0.014839
0.0 0.463233 0.170817 0.019550 0.032837
0.0 0.306866 0.760505 0.016964 0.025965
0.0 0.510055 0.969641 0.017469 0.025128
0.0 0.732172 0.633094 0.019532 0.029435
0.0 0.696617 0.507091 0.021572 0.029489
0.0 0.280973 0.445464 0.014991 0.038671
0.0 0.453021 0.319004 0.020020 0.025195
0.0 0.559038 0.723368 0.020065 0.033702
0.0 0.355179 0.495922 0.011877 0.028382
0.0 0.418960 0.881303 0.014919 0.025060
0.0 0.286413 0.575349 0.016982 0.029367
0.0 0.354006 0.865971 0.018472 0.021752
0.0 0.601083 0.876342 0.016929 0.019159
0.0 0.456896 0.942286 0.018019 0.032797
0.0 0.305783 0.723893 0.023620 0.031244
0.0 0.384069 0.287826 0.018521 0.031109
0.0 0.323020 0.305778 0.013931 0.030987
0.0 0.327204 0.821447 0.021563 0.027788
0.0 0.384935 0.560517 0.016996 0.031919
0.0 0.487587 0.974577 0.020560 0.031163
0.0 0.740053 0.783886 0.020569 0.032864
0.0 0.520790 0.186379 0.020529 0.025209
0.0 0.579571 0.942131 0.016427 0.020847
0.0 0.434557 0.873634 0.016445 0.024250
0.0 0.700425 0.266853 0.017460 0.023426
0.0 0.717549 0.405980 0.013425 0.031825
