0.0 0.507516 0.890022 0.015043 0.020546
0.0 0.430022 0.188513 0.021589 0.041193
0.0 0.337721 0.868673 0.018513 0.033099
0.0 0.552606 0.994466 0.018923 0.011068
0.0 0.732495 0.563129 0.021274 0.037627
0.0 0.686190 0.445729 0.023233 0.038397
0.0 0.282265 0.549623 0.017732 0.045703
0.0 0.434670 0.347655 0.021372 0.033362
0.0 0.575528 0.727686 0.022157 0.042278
0.0 0.358220 0.572346 0.013852 0.033849
0.0 0.456795 0.949627 0.016475 0.031437
0.0 0.300116 0.683281 0.018827 0.036665
0.0 0.393117 0.959898 0.019588 0.029218
0.0 0.630672 0.870669 0.017884 0.025966
0.0 0.499050 0.988871 0.020119 0.022258
0.0 0.333120 0.830815 0.025348 0.040949
0.0 0.365622 0.342972 0.020452 0.039025
0.0 0.308923 0.386477 0.016046 0.037293
0.0 0.363124 0.924182 0.023076 0.036614
0.0 0.392995 0.627861 0.019062 0.039340
0.0 0.531576 0.999749 0.022410 0.000502
0.0 0.754718 0.717668 0.022567 0.041578
0.0 0.486641 0.181477 0.021860 0.033554
0.0 0.616480 0.948199 0.017552 0.027557
0.0 0.470981 0.935287 0.017866 0.031123
0.0 0.666452 0.192893 0.018766 0.030616
0.0 0.696388 0.331487 0.015635 0.037992
