0 0.358594 0.329167 0.020313 0.028704
0 0.464844 0.192130 0.017188 0.025000
0 0.537500 0.929167 0.019792 0.021296
0 0.267448 0.516204 0.011979 0.030556
0 0.587760 0.883796 0.015104 0.026852
0 0.236458 0.536574 0.012500 0.034259
0 0.512500 0.655556 0.017708 0.027778
0 0.297917 0.821759 0.014583 0.037963
0 0.373177 0.247222 0.019271 0.022222
0 0.675781 0.744444 0.017188 0.024074
0 0.414583 0.889815 0.018750 0.024074
0 0.283333 0.278704 0.014583 0.029630
0 0.278125 0.383796 0.020833 0.030556
0 0.269271 0.611111 0.016667 0.031481
0 0.495833 0.895370 0.018750 0.024074
0 0.253125 0.513889 0.019792 0.031481
0 0.679427 0.500926 0.018229 0.035185
0 0.333073 0.843056 0.019271 0.023148
0 0.386198 0.858796 0.017188 0.019444
0 0.588802 0.912500 0.015104 0.021296
0 0.364583 0.167593 0.017708 0.025926
0 0.260937 0.242593 0.018750 0.029630
0 0.397135 0.954167 0.020313 0.028704
0 0.330990 0.895370 0.019271 0.027778
0 0.241406 0.703241 0.018229 0.028704
0 0.552344 0.620370 0.020313 0.022222
0 0.382292 0.175000 0.015625 0.031481
0 0.690625 0.335185 0.011458 0.031481
0 0.532813 0.503241 0.010417 0.028704
0 0.502604 0.697685 0.016667 0.021296
