0.0 0.600189 0.367134 0.021727 0.030678
0.0 0.497056 0.223489 0.018411 0.026712
0.0 0.396117 0.996790 0.020926 0.006421
0.0 0.686118 0.563936 0.013312 0.032524
0.0 0.346619 0.957643 0.016357 0.028645
0.0 0.716916 0.585077 0.013978 0.036452
0.0 0.431581 0.714902 0.019042 0.029661
0.0 0.643917 0.887930 0.016234 0.040404
0.0 0.588346 0.280559 0.020429 0.023799
0.0 0.262126 0.811294 0.018377 0.025732
0.0 0.522673 0.961616 0.019967 0.025753
0.0 0.678644 0.312652 0.015929 0.031579
0.0 0.680097 0.423868 0.022324 0.032647
0.0 0.680787 0.664464 0.018118 0.033568
0.0 0.439766 0.968625 0.019967 0.025753
0.0 0.700782 0.561286 0.021299 0.033612
0.0 0.267330 0.553468 0.019843 0.037512
0.0 0.607353 0.910970 0.020463 0.024780
0.0 0.552701 0.928375 0.018207 0.020829
0.0 0.344508 0.988054 0.016154 0.022761
0.0 0.600009 0.196116 0.018974 0.027700
0.0 0.702762 0.274101 0.020170 0.031637
0.0 0.607558 0.966340 0.020633 0.029683
0.0 0.705778 0.761640 0.019606 0.030649
0.0 0.392313 0.678193 0.021490 0.023814
0.0 0.581712 0.204205 0.017057 0.033554
0.0 0.262000 0.378109 0.012816 0.033496
0.0 0.416481 0.553887 0.011654 0.030541
0.0 0.440112 0.759378 0.017745 0.022783
