0.0 0.277862 0.344893 0.020519 0.030792
0.0 0.628339 0.141929 0.016990 0.034916
0.0 0.745014 0.633769 0.015449 0.035582
0.0 0.751750 0.708711 0.016020 0.037610
0.0 0.606719 0.905368 0.018880 0.027599
0.0 0.307669 0.747938 0.015823 0.029895
0.0 0.336127 0.465536 0.014405 0.035382
0.0 0.306855 0.256908 0.011948 0.020517
0.0 0.441864 0.277850 0.018880 0.027599
0.0 0.300575 0.748521 0.025885 0.037575
0.0 0.682781 0.934917 0.020569 0.032721
0.0 0.392043 0.913789 0.018929 0.029528
0.0 0.352547 0.776863 0.016965 0.033952
0.0 0.715194 0.672169 0.017660 0.040803
0.0 0.723753 0.870542 0.017660 0.040803
0.0 0.270976 0.521901 0.019849 0.024905
0.0 0.361242 0.180557 0.014307 0.031525
0.0 0.387248 0.783491 0.016591 0.039639
0.0 0.349500 0.362937 0.018083 0.037045
0.0 0.491876 0.188065 0.018157 0.039938
0.0 0.568082 0.519534 0.017734 0.043696
0.0 0.307801 0.660740 0.018157 0.039938
0.0 0.572250 0.994391 0.017836 0.011217
0.0 0.433787 0.980121 0.020392 0.039759
