0.0 0.334352 0.204841 0.016006 0.035382
0.0 0.646363 0.901813 0.028608 0.052263
0.0 0.544951 0.245051 0.018044 0.031277
0.0 0.374886 0.877545 0.019379 0.034628
0.0 0.652294 0.933370 0.020913 0.035160
0.0 0.515520 0.912545 0.020290 0.029169
0.0 0.495479 0.961901 0.021632 0.037334
0.0 0.577014 0.993606 0.021833 0.012788
0.0 0.641366 0.173343 0.018874 0.039263
0.0 0.283089 0.639437 0.023182 0.047494
0.0 0.498817 0.122458 0.020713 0.037977
0.0 0.591919 0.765554 0.017948 0.035093
0.0 0.711323 0.489358 0.021528 0.036335
0.0 0.626261 0.308384 0.018771 0.038266
0.0 0.313869 0.160748 0.017548 0.040728
0.0 0.228074 0.604735 0.024635 0.061470
0.0 0.603460 0.219070 0.022352 0.039508
0.0 0.692698 0.774040 0.022552 0.036690
0.0 0.593655 0.621703 0.017747 0.037911
0.0 0.707759 0.607985 0.018771 0.038266
0.0 0.666069 0.691225 0.029520 0.046805
0.0 0.672247 0.893353 0.018978 0.040262
0.0 0.436442 0.129095 0.025947 0.050377
0.0 0.386706 0.134968 0.017955 0.039907
0.0 0.492253 0.184206 0.015383 0.029392
0.0 0.479512 0.255337 0.014256 0.028039
