0.0 0.421615 0.155093 0.013021 0.028704
0.0 0.657031 0.875926 0.024479 0.040741
0.0 0.624479 0.256481 0.015625 0.024074
0.0 0.392708 0.769907 0.016667 0.026852
0.0 0.659635 0.906019 0.018229 0.026852
0.0 0.527344 0.844907 0.018229 0.021296
0.0 0.502604 0.882870 0.018750 0.028704
0.0 0.578385 0.946296 0.019271 0.025926
0.0 0.726562 0.222222 0.015625 0.031481
0.0 0.326823 0.528241 0.019271 0.037963
0.0 0.591667 0.132407 0.017708 0.029630
0.0 0.617448 0.737037 0.015104 0.027778
0.0 0.763021 0.526852 0.018750 0.027778
0.0 0.697917 0.338426 0.015625 0.030556
0.0 0.405990 0.109259 0.014063 0.033333
0.0 0.276302 0.480093 0.019271 0.050926
0.0 0.684635 0.251389 0.019271 0.030556
0.0 0.715625 0.775926 0.019792 0.027778
0.0 0.633854 0.608796 0.014583 0.030556
0.0 0.747396 0.631944 0.015625 0.030556
0.0 0.697917 0.693519 0.026042 0.035185
0.0 0.683333 0.876389 0.015625 0.032407
0.0 0.529687 0.118981 0.021875 0.039815
0.0 0.480208 0.108796 0.014583 0.032407
0.0 0.578906 0.185648 0.013021 0.023148
0.0 0.559115 0.245370 0.011979 0.022222
