0.0 0.686104 0.811094 0.017029 0.036666
0.0 0.623692 0.943307 0.015907 0.034615
0.0 0.700626 0.818803 0.018082 0.036751
0.0 0.597954 0.207296 0.015598 0.025766
0.0 0.547081 0.246878 0.017841 0.029868
0.0 0.602265 0.851350 0.016090 0.024825
0.0 0.238653 0.408206 0.017029 0.036667
0.0 0.447686 0.891368 0.019774 0.025120
0.0 0.254891 0.714066 0.016606 0.039574
0.0 0.735333 0.543367 0.021000 0.030122
0.0 0.640244 0.956276 0.018299 0.027944
0.0 0.449728 0.783721 0.020256 0.038887
0.0 0.492112 0.395750 0.018082 0.036751
0.0 0.289946 0.690051 0.022613 0.031232
0.0 0.568711 0.201261 0.018859 0.028969
0.0 0.517302 0.965159 0.020793 0.024222
0.0 0.222339 0.454876 0.020896 0.027172
0.0 0.734209 0.496125 0.021000 0.030122
0.0 0.705541 0.619714 0.015691 0.043424
0.0 0.385744 0.388018 0.018756 0.026019
0.0 0.503389 0.084232 0.017304 0.044534
0.0 0.666281 0.636670 0.017979 0.033802
0.0 0.556545 0.872276 0.018093 0.022043
0.0 0.642778 0.357032 0.017029 0.036667
0.0 0.619968 0.187779 0.016719 0.027817
0.0 0.665774 0.780678 0.015003 0.023757
0.0 0.484360 0.196692 0.024044 0.042133
