0.0 0.276042 0.762963 0.015625 0.033333
0.0 0.342187 0.882407 0.014583 0.031481
0.0 0.261979 0.771296 0.016667 0.033333
0.0 0.342187 0.189352 0.014583 0.023148
0.0 0.393750 0.222685 0.016667 0.026852
0.0 0.360156 0.794444 0.015104 0.022222
0.0 0.703646 0.350926 0.015625 0.033333
0.0 0.514062 0.820370 0.018750 0.022222
0.0 0.698177 0.639352 0.015104 0.036111
0.0 0.218229 0.515278 0.019792 0.026852
0.0 0.508854 0.953704 0.017708 0.037037
0.0 0.326302 0.895833 0.017188 0.025000
0.0 0.508333 0.719444 0.018750 0.035185
0.0 0.453125 0.358333 0.016667 0.033333
0.0 0.662760 0.619444 0.021354 0.027778
0.0 0.370833 0.181481 0.017708 0.025926
0.0 0.447917 0.894907 0.019792 0.021296
0.0 0.721354 0.393519 0.019792 0.024074
0.0 0.217708 0.470833 0.019792 0.026852
0.0 0.250260 0.584722 0.014063 0.039815
0.0 0.557813 0.343056 0.017708 0.023148
0.0 0.431250 0.066667 0.015625 0.040741
0.0 0.289583 0.597685 0.016667 0.030556
0.0 0.405990 0.810648 0.017188 0.019444
0.0 0.303125 0.333333 0.015625 0.033333
0.0 0.319792 0.172685 0.015625 0.025000
0.0 0.295052 0.732870 0.014063 0.021296
0.0 0.453906 0.170833 0.022396 0.037963
