0.0 0.527535 0.396239 0.019837 0.027407
0.0 0.429451 0.106461 0.022653 0.029822
0.0 0.470067 0.999488 0.025415 0.001025
0.0 0.521438 0.886722 0.018099 0.025188
0.0 0.343541 0.229012 0.019655 0.024514
0.0 0.254591 0.637769 0.014935 0.034154
0.0 0.367736 0.757621 0.018221 0.027117
0.0 0.706662 0.783509 0.016188 0.028658
0.0 0.486233 0.083032 0.026849 0.037251
0.0 0.496872 0.805247 0.019594 0.023549
0.0 0.464168 0.853005 0.023260 0.039465
0.0 0.544114 0.937620 0.019715 0.025479
0.0 0.772616 0.579827 0.015178 0.038011
0.0 0.665887 0.950759 0.017925 0.030878
0.0 0.542036 0.999716 0.023139 0.000568
0.0 0.587543 0.948850 0.019897 0.028372
0.0 0.744950 0.651413 0.016491 0.033480
0.0 0.387780 0.538847 0.023920 0.041491
0.0 0.439264 0.996821 0.023443 0.006358
0.0 0.274537 0.394594 0.020740 0.033291
0.0 0.467751 0.328909 0.021697 0.031557
0.0 0.762063 0.764708 0.017394 0.039363
0.0 0.552624 0.227142 0.019663 0.033098
0.0 0.269932 0.623462 0.022486 0.044094
0.0 0.531213 0.969436 0.017560 0.025091
0.0 0.711666 0.210901 0.020740 0.033291
0.0 0.721108 0.264294 0.022478 0.035512
