0.0 0.478869 0.414742 0.017550 0.023549
0.0 0.585563 0.162275 0.020118 0.025576
0.0 0.501188 0.968974 0.022239 0.034397
0.0 0.459710 0.849606 0.016003 0.021648
0.0 0.659924 0.274623 0.017525 0.020978
0.0 0.722619 0.640699 0.012512 0.029784
0.0 0.610419 0.741942 0.016019 0.023362
0.0 0.291219 0.750046 0.013995 0.024828
0.0 0.533494 0.139030 0.023745 0.032012
0.0 0.486883 0.778490 0.017517 0.020120
0.0 0.515135 0.822238 0.020198 0.034147
0.0 0.435860 0.893712 0.017533 0.021835
0.0 0.239690 0.566684 0.012544 0.033212
0.0 0.320979 0.900024 0.015541 0.026729
0.0 0.433721 0.965202 0.020182 0.032433
0.0 0.394557 0.901762 0.017558 0.024407
0.0 0.262008 0.631324 0.014035 0.029114
0.0 0.602715 0.547219 0.020724 0.035924
0.0 0.530285 0.966706 0.020223 0.036719
0.0 0.716245 0.424359 0.018108 0.028755
0.0 0.538357 0.357700 0.019113 0.027165
0.0 0.240211 0.730962 0.014593 0.034319
0.0 0.463914 0.263814 0.017089 0.028631
0.0 0.708956 0.627351 0.019218 0.038309
0.0 0.446346 0.922467 0.015493 0.021585
0.0 0.315570 0.242461 0.018108 0.028755
0.0 0.304006 0.289358 0.019656 0.030657
