0.0 0.345568 0.230254 0.020818 0.044508
0.0 0.650368 0.711885 0.014519 0.032758
0.0 0.567244 0.996699 0.020288 0.006602
0.0 0.419975 0.981664 0.017143 0.029025
0.0 0.490905 0.884142 0.016724 0.029984
0.0 0.623581 0.328928 0.017309 0.032059
0.0 0.416224 0.430304 0.017309 0.032059
0.0 0.668563 0.802399 0.016162 0.036959
0.0 0.556279 0.932013 0.017704 0.022050
0.0 0.653251 0.833786 0.012612 0.049639
0.0 0.687472 0.609125 0.012335 0.044582
0.0 0.339780 0.812108 0.016558 0.026950
0.0 0.544242 0.300892 0.018731 0.032215
0.0 0.684607 0.386498 0.019570 0.030296
0.0 0.495307 0.476119 0.016194 0.028921
0.0 0.369269 0.993992 0.017981 0.012017
0.0 0.688119 0.697713 0.016779 0.030996
0.0 0.497716 0.838086 0.016835 0.032007
0.0 0.553263 0.873687 0.016867 0.023967
0.0 0.565856 0.132332 0.020739 0.034446
0.0 0.584685 0.787600 0.016581 0.036000
0.0 0.442765 0.136631 0.021886 0.029545
0.0 0.605353 0.701858 0.013713 0.026637
0.0 0.531725 0.993309 0.015775 0.013382
0.0 0.451657 0.781651 0.014882 0.030787
0.0 0.428238 0.965784 0.018510 0.028169
0.0 0.386318 0.982041 0.014550 0.024719
