0.0 0.703078 0.335303 0.023017 0.042163
0.0 0.318768 0.593668 0.016093 0.030823
0.0 0.363459 0.877595 0.022433 0.041147
0.0 0.521582 0.915245 0.018773 0.028426
0.0 0.461143 0.804445 0.018354 0.029109
0.0 0.399663 0.293191 0.019020 0.030974
0.0 0.601761 0.467285 0.019020 0.030974
0.0 0.287283 0.659456 0.017926 0.034719
0.0 0.386385 0.814659 0.019199 0.022816
0.0 0.298901 0.691803 0.014482 0.044257
0.0 0.294311 0.493511 0.014071 0.040012
0.0 0.628622 0.812337 0.018107 0.026561
0.0 0.486233 0.305309 0.020524 0.031474
0.0 0.328094 0.313230 0.021363 0.030109
0.0 0.512998 0.469777 0.017770 0.028093
0.0 0.571682 0.953806 0.019611 0.027061
0.0 0.281382 0.565466 0.018436 0.029958
0.0 0.460416 0.763885 0.018518 0.030807
0.0 0.394131 0.913644 0.022021 0.036901
0.0 0.397596 0.768426 0.018361 0.024180
0.0 0.487023 0.158325 0.022694 0.033839
0.0 0.485822 0.971726 0.018091 0.036417
0.0 0.376755 0.684371 0.018346 0.034036
0.0 0.455141 0.957146 0.020771 0.034021
0.0 0.614722 0.216102 0.023788 0.030093
0.0 0.367074 0.605339 0.015097 0.025561
0.0 0.402356 0.882196 0.017350 0.028775
0.0 0.516228 0.738173 0.016429 0.029291
0.0 0.515166 0.898652 0.020195 0.028077
0.0 0.556610 0.930392 0.015935 0.024196
