0.0 0.633073 0.219444 0.020313 0.038889
0.0 0.271615 0.627315 0.014063 0.028704
0.0 0.344271 0.911574 0.019792 0.037963
0.0 0.507031 0.895833 0.017188 0.025000
0.0 0.435417 0.800000 0.016667 0.025926
0.0 0.323698 0.281481 0.017188 0.027778
0.0 0.544010 0.394444 0.017188 0.027778
0.0 0.246354 0.707870 0.015625 0.032407
0.0 0.361198 0.837037 0.018229 0.018519
0.0 0.261198 0.737963 0.010937 0.044444
0.0 0.237240 0.530093 0.010937 0.039815
0.0 0.604688 0.749537 0.016667 0.023148
0.0 0.411979 0.263889 0.018750 0.027778
0.0 0.253646 0.327778 0.019792 0.025926
0.0 0.454948 0.428241 0.016146 0.025000
0.0 0.561198 0.918981 0.018229 0.023148
0.0 0.231250 0.610648 0.016667 0.026852
0.0 0.430729 0.757407 0.016667 0.027778
0.0 0.378646 0.938889 0.019792 0.033333
0.0 0.367969 0.784259 0.017188 0.020370
0.0 0.398438 0.108333 0.020833 0.029630
0.0 0.476562 0.968056 0.015625 0.034259
0.0 0.338802 0.702778 0.016146 0.031481
0.0 0.444271 0.963426 0.018750 0.030556
0.0 0.532552 0.124537 0.022396 0.025000
0.0 0.321354 0.622685 0.013542 0.023148
0.0 0.383854 0.902778 0.015625 0.025926
0.0 0.484375 0.710648 0.014583 0.026852
0.0 0.498958 0.880556 0.018750 0.024074
0.0 0.543750 0.899537 0.014583 0.021296
