0.0 0.690826 0.640051 0.026296 0.030822
0.0 0.593270 0.251535 0.021974 0.030130
0.0 0.732055 0.850503 0.022107 0.031925
0.0 0.300338 0.351603 0.017179 0.030249
0.0 0.257436 0.603237 0.017520 0.027642
0.0 0.335355 0.762855 0.016374 0.026572
0.0 0.625151 0.161510 0.022448 0.029319
0.0 0.295204 0.678015 0.015890 0.034476
0.0 0.712679 0.602946 0.021159 0.033546
0.0 0.254430 0.555130 0.021490 0.038035
0.0 0.435093 0.810901 0.018203 0.022429
0.0 0.680760 0.770173 0.018667 0.028713
0.0 0.451813 0.352761 0.021102 0.025555
0.0 0.771350 0.420533 0.017435 0.040933
0.0 0.304353 0.302372 0.018591 0.034909
0.0 0.340940 0.501762 0.021434 0.030043
0.0 0.393042 0.260007 0.020221 0.028075
0.0 0.359521 0.264924 0.019340 0.030595
0.0 0.583246 0.400724 0.021102 0.025555
0.0 0.743488 0.557594 0.020950 0.037948
0.0 0.495466 0.892047 0.022249 0.026626
0.0 0.745840 0.815145 0.021490 0.038035
0.0 0.575797 0.766104 0.022846 0.034704
0.0 0.695790 0.836788 0.020419 0.030768
0.0 0.398532 0.941183 0.027763 0.043475
0.0 0.572267 0.955121 0.027365 0.038089
0.0 0.652341 0.296561 0.021159 0.033546
0.0 0.728848 0.825587 0.014952 0.029005
0.0 0.375000 0.822347 0.015900 0.027383
0.0 0.326869 0.573948 0.015095 0.023705
