0.0 0.569629 0.213411 0.020317 0.035927
0.0 0.290749 0.859215 0.019785 0.040913
0.0 0.682773 0.525880 0.018068 0.033516
0.0 0.554520 0.973277 0.019695 0.024653
0.0 0.689366 0.806531 0.015841 0.035170
0.0 0.433053 0.674423 0.014136 0.029804
0.0 0.440188 0.951931 0.023130 0.039448
0.0 0.631092 0.444091 0.018673 0.041740
0.0 0.229694 0.651861 0.019740 0.032783
0.0 0.700685 0.828521 0.015881 0.042283
0.0 0.393663 0.385589 0.018035 0.027418
0.0 0.665068 0.159630 0.020294 0.031862
0.0 0.696975 0.714712 0.016401 0.035265
0.0 0.660508 0.852609 0.018119 0.042662
0.0 0.683985 0.643671 0.018057 0.031483
0.0 0.255339 0.834181 0.017520 0.035454
0.0 0.241518 0.714454 0.015864 0.039234
0.0 0.537911 0.804687 0.020854 0.031956
0.0 0.399802 0.837207 0.019735 0.031767
0.0 0.401549 0.899977 0.021402 0.030018
0.0 0.606639 0.982262 0.018594 0.027513
0.0 0.604663 0.120005 0.021973 0.032146
0.0 0.415648 0.160118 0.021995 0.036211
