0.0 0.543948 0.290816 0.017863 0.027655
0.0 0.321865 0.779678 0.017527 0.031863
0.0 0.646751 0.569711 0.015921 0.025897
0.0 0.547944 0.919474 0.017091 0.018340
0.0 0.658544 0.803980 0.014087 0.027520
0.0 0.469878 0.976617 0.013225 0.030021
0.0 0.438388 0.650467 0.012535 0.023243
0.0 0.450571 0.882218 0.020304 0.030274
0.0 0.601140 0.492942 0.016611 0.032675
0.0 0.265535 0.596999 0.017309 0.025102
0.0 0.668624 0.824180 0.014277 0.033436
0.0 0.398617 0.403800 0.015757 0.020825
0.0 0.507890 0.971224 0.012335 0.031677
0.0 0.623647 0.262435 0.017754 0.024274
0.0 0.662963 0.729004 0.014559 0.027537
0.0 0.635104 0.837331 0.016166 0.033503
0.0 0.650382 0.667769 0.015866 0.024206
0.0 0.431534 0.957092 0.021639 0.027790
0.0 0.291301 0.752836 0.015503 0.027570
0.0 0.276940 0.651016 0.014196 0.030900
0.0 0.530139 0.776586 0.018226 0.024291
0.0 0.413806 0.780018 0.017282 0.024257
0.0 0.416674 0.832461 0.018644 0.022617
0.0 0.592315 0.935838 0.016229 0.020842
0.0 0.571576 0.219203 0.019170 0.024325
0.0 0.406152 0.944786 0.020050 0.037019
0.0 0.412265 0.220250 0.019279 0.027706
0.0 0.495864 0.978392 0.015276 0.035160
0.0 0.483275 0.975408 0.014858 0.036833
