0 0.242188 0.299074 0.018750 0.020370
0 0.322656 0.200000 0.014063 0.018519
0 0.536198 0.174074 0.020313 0.024074
0 0.287760 0.681944 0.017188 0.028704
0 0.330469 0.836111 0.019271 0.025926
0 0.612500 0.901389 0.014583 0.034259
0 0.406771 0.189352 0.016667 0.021296
0 0.538281 0.916204 0.022396 0.026852
0 0.375521 0.921759 0.013542 0.037963
0 0.253385 0.279630 0.018229 0.022222
0 0.256771 0.556019 0.012500 0.034259
0 0.243229 0.340741 0.016667 0.029630
0 0.676042 0.755093 0.013542 0.026852
0 0.372135 0.884722 0.017188 0.026852
0 0.572135 0.927778 0.014063 0.038889
0 0.690104 0.771296 0.014583 0.024074
0 0.266146 0.484722 0.013542 0.028704
0 0.341146 0.438426 0.018750 0.021296
0 0.482812 0.384722 0.016667 0.036111
0 0.693490 0.566667 0.018229 0.035185
0 0.648438 0.838889 0.020833 0.027778
0 0.542448 0.351852 0.017188 0.031481
0 0.340625 0.761111 0.018750 0.024074
0 0.230469 0.441667 0.015104 0.031481
0 0.365885 0.109722 0.019271 0.026852
0 0.308073 0.824537 0.021354 0.039815
0 0.402344 0.938889 0.024479 0.031481
0 0.335417 0.247685 0.017708 0.026852
0 0.355469 0.240741 0.014063 0.027778
0 0.229167 0.486574 0.013542 0.030556
