0 0.282552 0.735185 0.021354 0.031481
0 0.419271 0.191204 0.016667 0.017593
0 0.656250 0.589815 0.012500 0.035185
0 0.287500 0.296296 0.013542 0.025926
0 0.572396 0.828241 0.013542 0.032407
0 0.267969 0.290278 0.015104 0.023148
0 0.222656 0.401389 0.019271 0.023148
0 0.251563 0.548148 0.015625 0.024074
0 0.342187 0.911574 0.016667 0.023148
0 0.330469 0.829167 0.007812 0.017593
0 0.666406 0.649074 0.018229 0.024074
0 0.594792 0.901852 0.016667 0.020370
0 0.397396 0.379630 0.019792 0.037037
0 0.540365 0.362963 0.015104 0.025926
0 0.266667 0.757870 0.012500 0.026852
0 0.286198 0.829630 0.018229 0.031481
0 0.339323 0.132407 0.016146 0.037037
0 0.521615 0.847685 0.017188 0.021296
0 0.322135 0.330556 0.018229 0.037037
0 0.213021 0.551389 0.016667 0.030556
0 0.444010 0.963889 0.023438 0.027778
0 0.472917 0.737963 0.020833 0.025926
0 0.584896 0.869444 0.019792 0.025926
0 0.609896 0.796759 0.018750 0.026852
0 0.472917 0.087037 0.018750 0.025926
0 0.229687 0.363426 0.018750 0.028704
0 0.347656 0.886574 0.016146 0.030556
0 0.480990 0.858333 0.018229 0.020370
0 0.628385 0.304630 0.016146 0.025926
