0.0 0.355152 0.831747 0.022153 0.036303
0.0 0.455756 0.246709 0.016905 0.021149
0.0 0.704323 0.614055 0.013894 0.038506
0.0 0.335610 0.378903 0.014378 0.029161
0.0 0.637354 0.874831 0.014737 0.035835
0.0 0.316608 0.376260 0.015718 0.026585
0.0 0.279439 0.498921 0.019701 0.027343
0.0 0.315186 0.644786 0.016267 0.027633
0.0 0.421910 0.994548 0.017212 0.010903
0.0 0.406152 0.919806 0.008440 0.019538
0.0 0.717308 0.673229 0.018756 0.028107
0.0 0.662833 0.946556 0.017058 0.024009
0.0 0.445266 0.444719 0.020967 0.041740
0.0 0.581006 0.401542 0.015871 0.029445
0.0 0.341222 0.857997 0.013433 0.029925
0.0 0.363860 0.928338 0.019166 0.035734
0.0 0.376084 0.200710 0.017482 0.041077
0.0 0.589889 0.904093 0.017607 0.025057
0.0 0.370612 0.407880 0.019473 0.041456
0.0 0.278524 0.655136 0.017621 0.034498
0.0 0.537271 0.799969 0.021348 0.030488
0.0 0.651581 0.914985 0.020353 0.030298
0.0 0.671459 0.835589 0.019408 0.031062
0.0 0.501274 0.129682 0.019357 0.030109
0.0 0.284060 0.458550 0.019510 0.032970
0.0 0.425755 0.975793 0.017123 0.034403
0.0 0.551645 0.922450 0.018551 0.024293
0.0 0.661917 0.325458 0.016867 0.029635
