0 0.347917 0.206019 0.018750 0.025000
0 0.388021 0.926389 0.014583 0.034259
0 0.262240 0.359259 0.021354 0.035185
0 0.235937 0.605556 0.021875 0.031481
0 0.698438 0.641667 0.011458 0.025926
0 0.414323 0.719907 0.015104 0.015741
0 0.422135 0.679630 0.014063 0.020370
0 0.554948 0.694907 0.019271 0.023148
0 0.364583 0.101389 0.018750 0.036111
0 0.370573 0.301389 0.019271 0.032407
0 0.589323 0.681019 0.011979 0.023148
0 0.415625 0.812500 0.017708 0.025000
0 0.697917 0.734259 0.016667 0.031481
0 0.495312 0.736574 0.015625 0.023148
0 0.425260 0.420833 0.020313 0.034259
0 0.315625 0.862500 0.021875 0.034259
0 0.247656 0.735185 0.015104 0.035185
0 0.331510 0.707870 0.016146 0.037963
0 0.725260 0.569907 0.019271 0.036111
0 0.219792 0.594907 0.015625 0.034259
0 0.381771 0.806481 0.015625 0.033333
0 0.357552 0.902315 0.016146 0.032407
0 0.680208 0.504630 0.014583 0.031481
0 0.402344 0.104167 0.015104 0.023148
0 0.403125 0.125463 0.016667 0.023148
0 0.378646 0.143056 0.017708 0.028704
0 0.536198 0.379630 0.014063 0.027778
0 0.658073 0.505093 0.013021 0.026852
0 0.515885 0.106944 0.011979 0.023148
