0.0 0.637569 0.274233 0.022096 0.026933
0.0 0.529259 0.984336 0.018541 0.031328
0.0 0.714048 0.436105 0.025779 0.037352
0.0 0.719287 0.684033 0.025990 0.033724
0.0 0.227406 0.669138 0.014477 0.027053
0.0 0.520376 0.778198 0.017396 0.017320
0.0 0.515811 0.737268 0.016721 0.021811
0.0 0.374112 0.737873 0.022476 0.025147
0.0 0.629542 0.168307 0.023113 0.037987
0.0 0.604905 0.366626 0.023324 0.034359
0.0 0.339070 0.720279 0.014773 0.024346
0.0 0.510525 0.870175 0.020995 0.026818
0.0 0.219480 0.761314 0.020489 0.033152
0.0 0.433296 0.785880 0.018625 0.024747
0.0 0.536201 0.479450 0.024594 0.036316
0.0 0.611585 0.930908 0.026244 0.036488
0.0 0.695041 0.811712 0.019176 0.036665
0.0 0.608960 0.775322 0.020532 0.039543
0.0 0.205641 0.594797 0.023663 0.038044
0.0 0.737317 0.675213 0.019642 0.035801
0.0 0.546838 0.867906 0.019557 0.034880
0.0 0.563650 0.965912 0.020023 0.034016
0.0 0.259208 0.534804 0.018287 0.032923
0.0 0.589397 0.166921 0.018075 0.024689
0.0 0.586623 0.188022 0.019726 0.024861
0.0 0.610871 0.208215 0.021334 0.030503
0.0 0.422780 0.426268 0.017399 0.029181
0.0 0.282549 0.537697 0.016213 0.028146
0.0 0.469201 0.157207 0.014773 0.024346
