0 0.677083 0.665741 0.012500 0.024074
0 0.375260 0.902778 0.014063 0.024074
0 0.716146 0.649537 0.017708 0.030556
0 0.535677 0.415741 0.020313 0.040741
0 0.321615 0.819444 0.019271 0.022222
0 0.409375 0.607407 0.017708 0.035185
0 0.681250 0.743056 0.015625 0.030556
0 0.271094 0.571296 0.015104 0.024074
0 0.220052 0.413426 0.014063 0.028704
0 0.262500 0.269444 0.020833 0.029630
0 0.225260 0.537500 0.022396 0.034259
0 0.280469 0.344907 0.014063 0.028704
0 0.572396 0.767130 0.015625 0.034259
0 0.347656 0.741667 0.020313 0.033333
0 0.415365 0.082407 0.020313 0.025926
0 0.272396 0.780093 0.015625 0.045370
0 0.316667 0.168056 0.017708 0.030556
0 0.478385 0.967130 0.019271 0.021296
0 0.292448 0.688426 0.016146 0.034259
0 0.623958 0.865741 0.017708 0.024074
0 0.430208 0.963426 0.019792 0.037963
0 0.413542 0.683796 0.013542 0.037963
0 0.571094 0.857870 0.020313 0.026852
0 0.537500 0.950926 0.019792 0.027778
0 0.366146 0.912963 0.015625 0.027778
0 0.289583 0.275000 0.018750 0.027778
0 0.267969 0.288889 0.013021 0.027778
0 0.407552 0.923611 0.013021 0.017593
0 0.625000 0.679630 0.017708 0.033333
