0.0 0.716277 0.813173 0.017978 0.027708
0.0 0.619294 0.706868 0.013614 0.037109
0.0 0.541867 0.718663 0.016214 0.023164
0.0 0.361389 0.728323 0.016626 0.033400
0.0 0.440331 0.712067 0.014897 0.029710
0.0 0.293459 0.391729 0.016164 0.035013
0.0 0.655025 0.211450 0.014657 0.023739
0.0 0.357743 0.208837 0.015222 0.024685
0.0 0.362044 0.804890 0.019604 0.028840
0.0 0.474689 0.754587 0.021349 0.019828
0.0 0.738855 0.657345 0.023166 0.038780
0.0 0.392076 0.656379 0.015153 0.022979
0.0 0.441705 0.949827 0.020769 0.031584
0.0 0.777866 0.564522 0.016729 0.035959
0.0 0.445204 0.644198 0.019997 0.025520
0.0 0.733248 0.823013 0.019844 0.034810
0.0 0.413516 0.919984 0.018853 0.036331
0.0 0.587435 0.668651 0.019451 0.038130
0.0 0.322292 0.670801 0.013836 0.029525
0.0 0.324100 0.553001 0.016523 0.030842
0.0 0.620258 0.881847 0.019673 0.030546
0.0 0.365046 0.193363 0.014725 0.025445
0.0 0.388576 0.232699 0.014725 0.025445
0.0 0.340968 0.306837 0.011079 0.026501
0.0 0.336828 0.336607 0.011576 0.025741
0.0 0.646084 0.658724 0.014829 0.028004
0.0 0.665191 0.635437 0.015752 0.024777
0.0 0.751041 0.673220 0.021899 0.033476
0.0 0.720834 0.792924 0.015035 0.033122
