0 0.288281 0.696296 0.016146 0.029630
0 0.302344 0.266667 0.013021 0.022222
0 0.540365 0.906944 0.014063 0.021296
0 0.304167 0.162500 0.016667 0.028704
0 0.287240 0.505093 0.020313 0.036111
0 0.273438 0.459722 0.012500 0.043519
0 0.247396 0.527315 0.011458 0.034259
0 0.675260 0.511111 0.014063 0.033333
0 0.699219 0.340278 0.018229 0.030556
0 0.438802 0.663426 0.020313 0.023148
0 0.335417 0.327315 0.018750 0.026852
0 0.447917 0.082407 0.018750 0.031481
0 0.363802 0.793519 0.014063 0.022222
0 0.246094 0.628704 0.018229 0.024074
0 0.435417 0.945833 0.020833 0.023148
0 0.462240 0.962037 0.022396 0.029630
0 0.225000 0.450463 0.022917 0.039815
0 0.271354 0.704630 0.018750 0.027778
0 0.453125 0.371759 0.019792 0.025000
0 0.432292 0.151852 0.017708 0.027778
0 0.600000 0.912500 0.021875 0.034259
0 0.258594 0.754630 0.016146 0.035185
0 0.707812 0.693981 0.018750 0.026852
0 0.341146 0.703241 0.016667 0.028704
0 0.318490 0.156481 0.018229 0.027778
0 0.358594 0.117130 0.015104 0.025000
0 0.387500 0.181944 0.016667 0.025000
0 0.498698 0.143981 0.017188 0.023148
0 0.299219 0.661574 0.014063 0.019444
0 0.617188 0.855556 0.016667 0.027778
