0.0 0.711719 0.696296 0.016146 0.029630
0.0 0.697656 0.266667 0.013021 0.022222
0.0 0.459635 0.906944 0.014063 0.021296
0.0 0.695833 0.162500 0.016667 0.028704
0.0 0.712760 0.505093 0.020313 0.036111
0.0 0.726562 0.459722 0.012500 0.043519
0.0 0.752604 0.527315 0.011458 0.034259
0.0 0.324740 0.511111 0.014063 0.033333
0.0 0.300781 0.340278 0.018229 0.030556
0.0 0.561198 0.663426 0.020313 0.023148
0.0 0.664583 0.327315 0.018750 0.026852
0.0 0.552083 0.082407 0.018750 0.031481
0.0 0.636198 0.793519 0.014063 0.022222
0.0 0.753906 0.628704 0.018229 0.024074
0.0 0.564583 0.945833 0.020833 0.023148
0.0 0.537760 0.962037 0.022396 0.029630
0.0 0.775000 0.450463 0.022917 0.039815
0.0 0.728646 0.704630 0.018750 0.027778
0.0 0.546875 0.371759 0.019792 0.025000
0.0 0.567708 0.151852 0.017708 0.027778
0.0 0.400000 0.912500 0.021875 0.034259
0.0 0.741406 0.754630 0.016146 0.035185
0.0 0.292188 0.693981 0.018750 0.026852
0.0 0.658854 0.703241 0.016667 0.028704
0.0 0.681510 0.156481 0.018229 0.027778
0.0 0.641406 0.117130 0.015104 0.025000
0.0 0.612500 0.181944 0.016667 0.025000
0.0 0.501302 0.143981 0.017188 0.023148
0.0 0.700781 0.661574 0.014063 0.019444
0.0 0.382812 0.855556 0.016667 0.027778
