0.0 0.753385 0.519907 0.010937 0.025000
0.0 0.762500 0.476389 0.018750 0.025000
0.0 0.629948 0.801389 0.017188 0.023148
0.0 0.632812 0.768056 0.015625 0.021296
0.0 0.376563 0.717593 0.016667 0.016667
0.0 0.509635 0.064815 0.018229 0.029630
0.0 0.511719 0.357870 0.016146 0.026852
0.0 0.279948 0.523148 0.018229 0.024074
0.0 0.413542 0.715278 0.013542 0.026852
0.0 0.624479 0.220370 0.020833 0.031481
0.0 0.746094 0.310648 0.014063 0.028704
0.0 0.657292 0.109259 0.019792 0.020370
0.0 0.673958 0.556481 0.018750 0.025926
0.0 0.602604 0.176852 0.020833 0.027778
0.0 0.267448 0.495370 0.015104 0.025926
0.0 0.684896 0.153704 0.017708 0.025926
0.0 0.726302 0.791204 0.019271 0.025000
0.0 0.332292 0.345370 0.014583 0.033333
0.0 0.674479 0.803704 0.023958 0.029630
0.0 0.567708 0.889815 0.016667 0.038889
0.0 0.541146 0.793981 0.017708 0.021296
0.0 0.748958 0.685648 0.016667 0.025000
0.0 0.631250 0.412037 0.017708 0.035185
0.0 0.691146 0.234259 0.016667 0.035185
0.0 0.380990 0.883796 0.018229 0.034259
0.0 0.393229 0.837037 0.019792 0.024074
0.0 0.496094 0.932407 0.020313 0.038889
0.0 0.743229 0.686574 0.019792 0.032407
0.0 0.568490 0.839815 0.017188 0.020370
0.0 0.566927 0.861574 0.018229 0.019444
0.0 0.463281 0.881481 0.018229 0.035185
