0.0 0.708225 0.592543 0.012278 0.026826
0.0 0.715439 0.548283 0.020212 0.027502
0.0 0.596089 0.873239 0.018539 0.025450
0.0 0.597433 0.838981 0.016865 0.023398
0.0 0.334867 0.764560 0.017706 0.018696
0.0 0.439370 0.100343 0.019900 0.032250
0.0 0.455233 0.403886 0.017654 0.029194
0.0 0.227642 0.554912 0.019639 0.026499
0.0 0.372307 0.765365 0.015010 0.028969
0.0 0.563281 0.271311 0.022631 0.034392
0.0 0.691005 0.375293 0.015626 0.030931
0.0 0.591388 0.159133 0.021053 0.022800
0.0 0.629289 0.623527 0.020255 0.028461
0.0 0.539027 0.224369 0.022457 0.030559
0.0 0.213646 0.525075 0.016553 0.028145
0.0 0.621502 0.207531 0.019197 0.028371
0.0 0.693450 0.871037 0.020741 0.027548
0.0 0.272453 0.375413 0.016371 0.035768
0.0 0.641415 0.879490 0.025717 0.032746
0.0 0.537037 0.959387 0.018748 0.041700
0.0 0.505570 0.857883 0.018980 0.023578
0.0 0.711504 0.763730 0.018097 0.027322
0.0 0.579147 0.470306 0.019631 0.037955
0.0 0.631627 0.291460 0.018574 0.037865
0.0 0.347159 0.936992 0.020117 0.037042
0.0 0.357393 0.889648 0.021226 0.026634
0.0 0.466317 0.988135 0.022450 0.023731
0.0 0.705730 0.764193 0.021617 0.035260
0.0 0.535486 0.907696 0.018408 0.022574
0.0 0.534919 0.930085 0.019422 0.021706
0.0 0.430610 0.941719 0.020160 0.038001
