0.0 0.613341 0.259916 0.013806 0.028380
0.0 0.592156 0.374486 0.013927 0.038383
0.0 0.672509 0.437728 0.009976 0.029703
0.0 0.630544 0.473961 0.018661 0.032228
0.0 0.523687 0.207069 0.018674 0.033228
0.0 0.565506 0.262537 0.015783 0.032720
0.0 0.527668 0.914517 0.017685 0.031058
0.0 0.650042 0.916975 0.021058 0.031651
0.0 0.583498 0.172468 0.016770 0.034890
0.0 0.253112 0.361018 0.017228 0.032974
0.0 0.603040 0.671629 0.015867 0.039722
0.0 0.506363 0.082724 0.021637 0.039738
0.0 0.242871 0.468990 0.016806 0.037891
0.0 0.629440 0.963479 0.012964 0.038214
0.0 0.653135 0.263401 0.017264 0.035976
0.0 0.405597 0.727655 0.015398 0.040638
0.0 0.630010 0.836765 0.016734 0.031889
0.0 0.612056 0.525347 0.018746 0.039230
0.0 0.418610 0.908885 0.016733 0.031889
0.0 0.656246 0.524592 0.017312 0.039976
0.0 0.633774 0.366762 0.012892 0.032212
0.0 0.291465 0.762234 0.017794 0.040061
0.0 0.292414 0.644108 0.017722 0.034059
0.0 0.587769 0.999386 0.017710 0.001228
0.0 0.493552 0.163679 0.020240 0.043486
0.0 0.535247 0.886777 0.014940 0.042554
0.0 0.458610 0.357533 0.013867 0.033382
