0 0.244531 0.412037 0.013021 0.031481
0 0.232813 0.587037 0.011458 0.025926
0 0.688802 0.257407 0.018229 0.035185
0 0.657552 0.751852 0.015104 0.020370
0 0.693750 0.359259 0.016667 0.024074
0 0.240104 0.300463 0.013542 0.028704
0 0.221615 0.448611 0.018229 0.025000
0 0.311198 0.415278 0.015104 0.025000
0 0.324740 0.681944 0.009896 0.030556
0 0.402865 0.653241 0.018229 0.032407
0 0.333073 0.822685 0.018229 0.028704
0 0.670833 0.608333 0.014583 0.029630
0 0.218229 0.565741 0.013542 0.033333
0 0.357292 0.792593 0.015625 0.025926
0 0.340104 0.143056 0.014583 0.023148
0 0.548698 0.664352 0.019271 0.025000
0 0.729167 0.431481 0.017708 0.035185
0 0.394792 0.218519 0.019792 0.025926
0 0.262760 0.751389 0.013021 0.039815
0 0.348698 0.755093 0.017188 0.026852
0 0.279687 0.803704 0.019792 0.027778
0 0.691406 0.759259 0.018229 0.024074
0 0.217708 0.515278 0.020833 0.028704
0 0.282552 0.603241 0.019271 0.026852
0 0.519531 0.923611 0.020313 0.025000
0 0.248958 0.278241 0.014583 0.025000
0 0.239063 0.478704 0.014583 0.024074
0 0.247656 0.539815 0.010937 0.029630
0 0.273177 0.718981 0.014063 0.025000
