0.0 0.683334 0.543774 0.010100 0.024507
0.0 0.617567 0.775128 0.016438 0.034215
0.0 0.613545 0.336455 0.013884 0.022910
0.0 0.715750 0.318733 0.015502 0.022102
0.0 0.244832 0.780065 0.019452 0.025689
0.0 0.659466 0.390982 0.013884 0.022910
0.0 0.517651 0.977875 0.025652 0.031077
0.0 0.548069 0.832294 0.022168 0.024918
0.0 0.479878 0.959746 0.022334 0.030101
0.0 0.714580 0.697177 0.017724 0.023041
0.0 0.356214 0.886295 0.024361 0.024993
0.0 0.644192 0.200790 0.018383 0.026515
0.0 0.751456 0.546629 0.013939 0.024638
0.0 0.480181 0.822096 0.017203 0.023886
0.0 0.600440 0.865028 0.020632 0.028318
0.0 0.548262 0.963024 0.019236 0.036037
0.0 0.556525 0.166672 0.024910 0.025012
0.0 0.219499 0.484936 0.017862 0.027360
0.0 0.444413 0.886741 0.014267 0.017746
0.0 0.714111 0.386962 0.017918 0.029088
0.0 0.699106 0.761131 0.019784 0.036055
0.0 0.351971 0.728088 0.018904 0.025670
0.0 0.569198 0.207230 0.022306 0.029238
0.0 0.679637 0.342832 0.014981 0.022947
0.0 0.642766 0.339343 0.012266 0.023718
0.0 0.677755 0.581071 0.015419 0.019510
0.0 0.634249 0.750397 0.014954 0.022083
0.0 0.615818 0.846813 0.015120 0.027267
0.0 0.487193 0.398148 0.016050 0.022121
0.0 0.276184 0.400161 0.016105 0.023849
