0.0 0.721615 0.501852 0.008854 0.025926
0.0 0.666146 0.747685 0.014583 0.036111
0.0 0.648958 0.276852 0.012500 0.024074
0.0 0.745573 0.261574 0.014063 0.023148
0.0 0.311979 0.739352 0.017708 0.026852
0.0 0.694271 0.337037 0.012500 0.024074
0.0 0.577344 0.961574 0.023438 0.032407
0.0 0.601823 0.806481 0.020313 0.025926
0.0 0.540885 0.940741 0.020313 0.031481
0.0 0.755990 0.667593 0.016146 0.024074
0.0 0.421094 0.857407 0.022396 0.025926
0.0 0.673958 0.132407 0.016667 0.027778
0.0 0.786458 0.507407 0.012500 0.025926
0.0 0.536979 0.793056 0.015625 0.025000
0.0 0.652604 0.843519 0.018750 0.029630
0.0 0.605990 0.946759 0.017188 0.037963
0.0 0.589583 0.092593 0.022917 0.025926
0.0 0.278906 0.421759 0.016146 0.028704
0.0 0.504948 0.861111 0.013021 0.018519
0.0 0.746094 0.334722 0.016146 0.030556
0.0 0.743229 0.735648 0.017708 0.037963
0.0 0.412240 0.687500 0.017188 0.026852
0.0 0.602865 0.136574 0.020313 0.030556
0.0 0.711979 0.286111 0.013542 0.024074
0.0 0.676823 0.281019 0.010937 0.025000
0.0 0.717448 0.541667 0.014063 0.020370
0.0 0.681250 0.721759 0.013542 0.023148
0.0 0.666667 0.824537 0.013542 0.028704
0.0 0.530729 0.338426 0.014583 0.023148
0.0 0.330208 0.332870 0.014583 0.025000
