0 0.301563 0.166204 0.013542 0.023148
0 0.315365 0.218981 0.011979 0.023148
0 0.316406 0.255556 0.013021 0.022222
0 0.325000 0.849537 0.018750 0.030556
0 0.291667 0.208796 0.013542 0.023148
0 0.299219 0.654630 0.011979 0.031481
0 0.247396 0.626389 0.012500 0.028704
0 0.259896 0.617130 0.013542 0.032407
0 0.666406 0.698148 0.021354 0.033333
0 0.725781 0.575463 0.017188 0.030556
0 0.510156 0.856481 0.017188 0.022222
0 0.289062 0.453241 0.017708 0.034259
0 0.419271 0.371759 0.017708 0.041667
0 0.592187 0.118981 0.015625 0.026852
0 0.311458 0.593056 0.018750 0.026852
0 0.640365 0.685185 0.018229 0.027778
0 0.398177 0.948611 0.017188 0.026852
0 0.695833 0.371759 0.016667 0.023148
0 0.451562 0.945833 0.022917 0.023148
0 0.677344 0.792130 0.019271 0.025000
0 0.381771 0.558796 0.012500 0.034259
0 0.436719 0.116204 0.019271 0.026852
0 0.335417 0.653704 0.016667 0.024074
0 0.447656 0.052778 0.016146 0.025926
0 0.721354 0.513426 0.017708 0.036111
0 0.432292 0.900463 0.015625 0.023148
0 0.347917 0.917593 0.012500 0.027778
0 0.502865 0.215278 0.018229 0.025000
0 0.360156 0.750463 0.013021 0.021296
0 0.353906 0.895370 0.015104 0.035185
