0.0 0.587973 0.189470 0.014930 0.024938
0.0 0.581926 0.241342 0.013528 0.024482
0.0 0.585383 0.274801 0.014352 0.023946
0.0 0.648993 0.815750 0.020493 0.033174
0.0 0.601966 0.225190 0.014930 0.024938
0.0 0.648723 0.631540 0.014528 0.032035
0.0 0.691831 0.590807 0.014663 0.029670
0.0 0.679504 0.586064 0.016042 0.033331
0.0 0.324480 0.778213 0.023163 0.036452
0.0 0.256473 0.684338 0.019091 0.032718
0.0 0.483691 0.876113 0.018091 0.025163
0.0 0.633655 0.446016 0.020003 0.036227
0.0 0.507038 0.410176 0.020892 0.042942
0.0 0.321533 0.231529 0.017244 0.028904
0.0 0.630348 0.579298 0.020048 0.029816
0.0 0.346290 0.758857 0.019692 0.030504
0.0 0.595229 0.926929 0.018647 0.029360
0.0 0.258886 0.490937 0.017734 0.025850
0.0 0.546995 0.940000 0.023342 0.027676
0.0 0.325951 0.866601 0.020293 0.028290
0.0 0.563144 0.568774 0.015330 0.034706
0.0 0.460697 0.183613 0.020516 0.029969
0.0 0.616132 0.641271 0.017846 0.026690
0.0 0.443268 0.129311 0.017600 0.028217
0.0 0.252997 0.626809 0.020225 0.037905
0.0 0.558838 0.893245 0.016799 0.025546
0.0 0.636602 0.884134 0.014551 0.028831
0.0 0.413242 0.292738 0.019358 0.027985
0.0 0.605552 0.736206 0.014240 0.023107
0.0 0.628560 0.865738 0.017777 0.036306
