0.0 0.698698 0.296296 0.017188 0.024074
0.0 0.526823 0.900000 0.020313 0.025926
0.0 0.652083 0.112500 0.016667 0.025000
0.0 0.713281 0.427315 0.010937 0.025000
0.0 0.302083 0.500463 0.023958 0.028704
0.0 0.539323 0.165278 0.020313 0.032407
0.0 0.464583 0.894907 0.015625 0.019444
0.0 0.478906 0.195370 0.018229 0.022222
0.0 0.700521 0.814815 0.014583 0.029630
0.0 0.576042 0.084722 0.018750 0.025000
0.0 0.524219 0.784722 0.020313 0.026852
0.0 0.303125 0.666667 0.015625 0.029630
0.0 0.717448 0.687037 0.017188 0.033333
0.0 0.438281 0.862500 0.018229 0.021296
0.0 0.746615 0.627778 0.015104 0.031481
0.0 0.608854 0.912037 0.020833 0.040741
0.0 0.620312 0.508796 0.012500 0.030556
0.0 0.550781 0.120370 0.019271 0.029630
0.0 0.574479 0.950000 0.025000 0.031481
0.0 0.732031 0.284722 0.014063 0.034259
0.0 0.440625 0.812500 0.015625 0.019444
0.0 0.656771 0.875000 0.021875 0.037037
0.0 0.784375 0.555093 0.012500 0.026852
0.0 0.475000 0.951389 0.020833 0.028704
0.0 0.394531 0.878704 0.018229 0.029630
0.0 0.666927 0.525463 0.016146 0.037963
0.0 0.723698 0.422222 0.010937 0.029630
0.0 0.641927 0.748611 0.017188 0.028704
0.0 0.585417 0.872685 0.016667 0.025000
