0 0.300000 0.285185 0.015625 0.024074
0 0.285938 0.287500 0.016667 0.030556
0 0.254688 0.699074 0.014583 0.031481
0 0.699479 0.631481 0.014583 0.040741
0 0.433333 0.938426 0.020833 0.039815
0 0.412760 0.910648 0.020313 0.023148
0 0.298958 0.729630 0.015625 0.025926
0 0.228125 0.358333 0.013542 0.033333
0 0.274219 0.247222 0.014063 0.025926
0 0.367969 0.762500 0.017188 0.025000
0 0.687500 0.383796 0.018750 0.030556
0 0.355469 0.400463 0.016146 0.030556
0 0.382292 0.285648 0.014583 0.030556
0 0.452604 0.957407 0.021875 0.025926
0 0.733073 0.544444 0.016146 0.033333
0 0.647135 0.668056 0.016146 0.030556
0 0.515365 0.349074 0.018229 0.029630
0 0.598958 0.111111 0.012500 0.031481
0 0.367188 0.458796 0.021875 0.034259
0 0.231250 0.656019 0.016667 0.028704
0 0.522656 0.670370 0.020313 0.024074
0 0.347135 0.910648 0.021354 0.025000
0 0.330208 0.860648 0.018750 0.023148
0 0.304167 0.371296 0.013542 0.029630
0 0.414062 0.085185 0.022917 0.029630
0 0.617448 0.817593 0.022396 0.024074
0 0.470573 0.228241 0.020313 0.026852
0 0.240625 0.362037 0.018750 0.025926
0 0.302083 0.714352 0.020833 0.023148
