0.0 0.393250 0.308247 0.016422 0.025500
0.0 0.380448 0.307047 0.018016 0.031623
0.0 0.310459 0.672986 0.016248 0.031973
0.0 0.714802 0.716052 0.017194 0.040371
0.0 0.445620 0.931982 0.022684 0.040998
0.0 0.430076 0.901961 0.020516 0.025760
0.0 0.346892 0.711086 0.016611 0.027180
0.0 0.321551 0.357722 0.015507 0.033409
0.0 0.374094 0.267767 0.015216 0.026813
0.0 0.405196 0.757090 0.017913 0.026707
0.0 0.729414 0.488607 0.019877 0.032112
0.0 0.431031 0.425812 0.017550 0.031501
0.0 0.466733 0.327976 0.016153 0.031134
0.0 0.460899 0.953718 0.022196 0.028646
0.0 0.753715 0.644998 0.017834 0.034019
0.0 0.664293 0.736941 0.017550 0.031501
0.0 0.579155 0.416725 0.019317 0.031150
0.0 0.678170 0.220522 0.014387 0.031484
0.0 0.435540 0.481467 0.023048 0.036204
0.0 0.293917 0.628438 0.017826 0.029944
0.0 0.552830 0.709831 0.020611 0.026600
0.0 0.371438 0.886562 0.021636 0.027684
0.0 0.361424 0.837244 0.019120 0.025393
0.0 0.388172 0.387322 0.015129 0.030050
0.0 0.515610 0.153624 0.023505 0.032250
0.0 0.622482 0.865596 0.022472 0.027089
0.0 0.551482 0.296627 0.020895 0.029119
0.0 0.332341 0.364014 0.019404 0.027913
0.0 0.351246 0.697963 0.020981 0.025882
