0.0 0.550068 0.829639 0.015093 0.024448
0.0 0.364351 0.942197 0.021298 0.028854
0.0 0.571125 0.789706 0.017562 0.031065
0.0 0.448230 0.962758 0.018192 0.020356
0.0 0.617972 0.773782 0.017489 0.023861
0.0 0.656687 0.344268 0.019748 0.034047
0.0 0.593385 0.830234 0.018266 0.027560
0.0 0.643397 0.837665 0.026659 0.041243
0.0 0.400873 0.144379 0.015940 0.029055
0.0 0.459945 0.924362 0.019182 0.026779
0.0 0.423407 0.891153 0.016290 0.021007
0.0 0.277727 0.426152 0.020521 0.025155
0.0 0.244243 0.427298 0.020383 0.035929
0.0 0.623931 0.668557 0.018479 0.030285
0.0 0.682466 0.304491 0.015166 0.031653
0.0 0.374171 0.979269 0.021087 0.032424
0.0 0.307384 0.774630 0.025247 0.035663
0.0 0.543557 0.510331 0.022850 0.036250
0.0 0.665152 0.619320 0.018550 0.031194
0.0 0.685635 0.407692 0.016505 0.030028
0.0 0.527801 0.709267 0.019113 0.032167
0.0 0.568541 0.915561 0.019959 0.030478
0.0 0.504844 0.837516 0.016856 0.028275
0.0 0.721540 0.535347 0.016646 0.031845
0.0 0.580829 0.658814 0.014602 0.030680
0.0 0.650264 0.365916 0.017914 0.029312
0.0 0.387367 0.941066 0.023342 0.030019
0.0 0.427188 0.960936 0.021788 0.022622
