0 0.287760 0.834259 0.020313 0.024074
0 0.344271 0.248148 0.015625 0.022222
0 0.558594 0.772685 0.016146 0.023148
0 0.555990 0.244444 0.016146 0.024074
0 0.300781 0.790278 0.019271 0.036111
0 0.284375 0.495833 0.012500 0.028704
0 0.361458 0.899537 0.022917 0.043519
0 0.483333 0.876852 0.019792 0.024074
0 0.690365 0.677315 0.016146 0.028704
0 0.696875 0.401852 0.021875 0.037037
0 0.376563 0.777778 0.016667 0.029630
0 0.245573 0.487963 0.016146 0.027778
0 0.514583 0.918519 0.016667 0.020370
0 0.542188 0.855093 0.017708 0.025000
0 0.496875 0.756019 0.015625 0.028704
0 0.472396 0.964815 0.018750 0.033333
0 0.729427 0.559722 0.016146 0.037963
0 0.409115 0.223148 0.018229 0.025926
0 0.447396 0.850463 0.020833 0.026852
0 0.474740 0.692593 0.015104 0.037037
0 0.659635 0.606944 0.018229 0.036111
0 0.604427 0.125926 0.017188 0.033333
0 0.447917 0.107407 0.018750 0.020370
0 0.253906 0.747685 0.016146 0.032407
0 0.344792 0.750463 0.015625 0.034259
0 0.388281 0.131944 0.020313 0.026852
0 0.583333 0.666204 0.014583 0.034259
0 0.227344 0.468519 0.020313 0.029630
0 0.470313 0.778704 0.016667 0.020370
0 0.676562 0.328704 0.020833 0.020370
