0 0.288802 0.658796 0.013021 0.032407
0 0.393750 0.788426 0.020833 0.032407
0 0.522135 0.221759 0.011979 0.026852
0 0.313281 0.853241 0.022396 0.041667
0 0.547917 0.877778 0.018750 0.024074
0 0.411719 0.759722 0.016146 0.023148
0 0.268490 0.753704 0.016146 0.025926
0 0.714323 0.493519 0.015104 0.037037
0 0.434635 0.962500 0.019271 0.034259
0 0.291927 0.358333 0.015104 0.033333
0 0.479687 0.889352 0.015625 0.036111
0 0.465625 0.969907 0.018750 0.026852
0 0.345313 0.858796 0.021875 0.036111
0 0.727865 0.614352 0.014063 0.032407
0 0.404948 0.189815 0.015104 0.029630
0 0.614844 0.128241 0.022396 0.026852
0 0.411458 0.957870 0.015625 0.034259
0 0.509115 0.962037 0.021354 0.029630
0 0.663281 0.663426 0.014063 0.030556
0 0.378906 0.557407 0.015104 0.033333
0 0.312760 0.206019 0.017188 0.025000
0 0.607552 0.839815 0.017188 0.025926
0 0.301302 0.751852 0.014063 0.029630
0 0.263542 0.533796 0.014583 0.028704
0 0.393229 0.851389 0.017708 0.028704
0 0.473438 0.850926 0.013542 0.035185
0 0.657813 0.330556 0.014583 0.038889
0 0.521354 0.206019 0.021875 0.019444
