0.0 0.647555 0.716677 0.012482 0.032327
0.0 0.547895 0.837170 0.019831 0.032765
0.0 0.431165 0.277483 0.011462 0.026852
0.0 0.623135 0.904880 0.021368 0.041881
0.0 0.402219 0.915629 0.017812 0.024524
0.0 0.531196 0.808175 0.015355 0.023475
0.0 0.665986 0.810349 0.015375 0.026183
0.0 0.248416 0.531649 0.014474 0.036958
0.0 0.508187 0.993674 0.018375 0.012652
0.0 0.646764 0.423562 0.014448 0.033346
0.0 0.466326 0.930744 0.014958 0.036084
0.0 0.478979 0.998228 0.017832 0.003545
0.0 0.592961 0.908497 0.020838 0.036435
0.0 0.234812 0.648696 0.013462 0.032385
0.0 0.541641 0.252918 0.014421 0.029736
0.0 0.344616 0.181101 0.021262 0.027437
0.0 0.530024 0.992119 0.014945 0.015762
0.0 0.438121 0.992457 0.020301 0.015087
0.0 0.295220 0.700167 0.013449 0.030580
0.0 0.563512 0.612768 0.014448 0.033346
0.0 0.628254 0.273892 0.016349 0.025339
0.0 0.346387 0.875268 0.016355 0.026242
0.0 0.635130 0.806702 0.013442 0.029678
0.0 0.672213 0.596225 0.013925 0.028804
0.0 0.547935 0.898585 0.016865 0.028980
0.0 0.472480 0.893631 0.012992 0.035064
0.0 0.302745 0.375938 0.013997 0.038734
0.0 0.432013 0.262181 0.020719 0.020185
