0.0 0.563718 0.899722 0.015948 0.024108
0.0 0.407423 0.207049 0.018655 0.030097
0.0 0.675846 0.585726 0.016973 0.024138
0.0 0.680746 0.566348 0.014437 0.025048
0.0 0.559900 0.859398 0.010169 0.018028
0.0 0.643321 0.927447 0.019436 0.040954
0.0 0.509552 0.957543 0.019679 0.030128
0.0 0.360766 0.536861 0.011437 0.027914
0.0 0.401202 0.421256 0.014242 0.037845
0.0 0.535205 0.994537 0.018459 0.010926
0.0 0.343747 0.811550 0.018045 0.026140
0.0 0.354347 0.133170 0.014632 0.032933
0.0 0.289557 0.620336 0.020875 0.037056
0.0 0.617621 0.955331 0.019630 0.028156
0.0 0.371652 0.490184 0.015070 0.029991
0.0 0.528795 0.514135 0.018704 0.032069
0.0 0.632522 0.202359 0.017266 0.035965
0.0 0.707181 0.371762 0.018606 0.028126
0.0 0.573172 0.990004 0.023094 0.019993
0.0 0.229601 0.454937 0.020704 0.030158
0.0 0.712640 0.560966 0.012973 0.027959
0.0 0.671509 0.669195 0.016778 0.036935
0.0 0.727292 0.511218 0.012193 0.037784
0.0 0.609010 0.607922 0.019753 0.033085
0.0 0.670606 0.374324 0.009926 0.028854
0.0 0.684433 0.394626 0.020995 0.021302
0.0 0.627216 0.928910 0.018533 0.025169
0.0 0.278256 0.639904 0.015729 0.035919
