0 0.420573 0.218056 0.018229 0.021296
0 0.690885 0.329630 0.011979 0.027778
0 0.372656 0.830556 0.020313 0.031481
0 0.325260 0.748611 0.018229 0.025000
0 0.465885 0.171759 0.018229 0.026852
0 0.384896 0.918056 0.023958 0.028704
0 0.290885 0.814352 0.017188 0.030556
0 0.547917 0.404167 0.016667 0.028704
0 0.347135 0.156019 0.014063 0.026852
0 0.458333 0.078241 0.017708 0.023148
0 0.315104 0.163426 0.015625 0.025000
0 0.598177 0.650000 0.017188 0.031481
0 0.634375 0.759722 0.017708 0.028704
0 0.387240 0.426852 0.014063 0.033333
0 0.345833 0.335648 0.020833 0.026852
0 0.396094 0.267130 0.021354 0.028704
0 0.486458 0.827778 0.019792 0.025926
0 0.425521 0.957407 0.020833 0.035185
0 0.633073 0.868056 0.019271 0.034259
0 0.476562 0.953241 0.023958 0.030556
0 0.257552 0.461111 0.015104 0.033333
0 0.310156 0.467593 0.021354 0.025926
0 0.573698 0.691667 0.017188 0.027778
0 0.391146 0.705556 0.019792 0.024074
0 0.217448 0.519444 0.014063 0.033333
0 0.426042 0.279630 0.013542 0.020370
0 0.287240 0.776852 0.015104 0.022222
0 0.624740 0.765278 0.016146 0.028704
0 0.697396 0.335185 0.013542 0.027778
