0.0 0.337190 0.358024 0.013664 0.027335
0.0 0.590555 0.225369 0.017172 0.027590
0.0 0.547613 0.988527 0.020166 0.022945
0.0 0.453901 0.485234 0.015205 0.035251
0.0 0.418342 0.391171 0.012159 0.027225
0.0 0.326884 0.870826 0.012145 0.024297
0.0 0.465084 0.567892 0.017697 0.032506
0.0 0.336238 0.316601 0.014188 0.032251
0.0 0.672386 0.761734 0.013157 0.026322
0.0 0.662941 0.882502 0.015143 0.022564
0.0 0.360689 0.861533 0.020771 0.046388
0.0 0.524581 0.991860 0.017167 0.016279
0.0 0.617156 0.540721 0.015214 0.037203
0.0 0.392904 0.212411 0.014183 0.031275
0.0 0.755748 0.577989 0.015228 0.040131
0.0 0.518018 0.210632 0.018691 0.030627
0.0 0.592374 0.445874 0.017711 0.035433
0.0 0.711036 0.250775 0.017200 0.033446
0.0 0.325921 0.516511 0.014699 0.034239
0.0 0.300110 0.519853 0.016189 0.031421
0.0 0.493763 0.121116 0.017210 0.035397
0.0 0.607679 0.999605 0.015716 0.000790
0.0 0.309558 0.347830 0.018672 0.026723
0.0 0.510154 0.969277 0.016653 0.023649
0.0 0.762826 0.486193 0.016236 0.041180
0.0 0.328253 0.791161 0.013701 0.035142
0.0 0.555831 0.252302 0.013626 0.019528
0.0 0.353070 0.893328 0.015191 0.032324
0.0 0.375712 0.805282 0.015158 0.025492
