0 0.345833 0.200926 0.016667 0.025926
0 0.278646 0.373611 0.011458 0.028704
0 0.325000 0.812500 0.016667 0.026852
0 0.299479 0.819444 0.016667 0.024074
0 0.413802 0.117130 0.019271 0.026852
0 0.372656 0.087963 0.020313 0.025926
0 0.267448 0.241204 0.014063 0.025000
0 0.357812 0.119907 0.018750 0.025000
0 0.304948 0.176389 0.017188 0.028704
0 0.529427 0.399537 0.018229 0.032407
0 0.267448 0.337500 0.013021 0.030556
0 0.220573 0.436574 0.015104 0.030556
0 0.635417 0.603704 0.019792 0.048148
0 0.626563 0.881019 0.016667 0.030556
0 0.446875 0.930556 0.017708 0.044444
0 0.481510 0.964815 0.022396 0.029630
0 0.344531 0.915741 0.016146 0.031481
0 0.524740 0.357870 0.017188 0.026852
0 0.528385 0.770833 0.019271 0.023148
0 0.516927 0.303704 0.021354 0.025926
0 0.590104 0.870833 0.020833 0.025000
0 0.300781 0.447222 0.015104 0.031481
0 0.709896 0.535185 0.014583 0.033333
0 0.385937 0.843519 0.017708 0.033333
0 0.573698 0.669444 0.017188 0.027778
0 0.266667 0.634722 0.014583 0.032407
0 0.275521 0.524537 0.010417 0.028704
0 0.402865 0.431019 0.011979 0.026852
0 0.421354 0.407870 0.014583 0.026852
