0.0 0.391422 0.227259 0.016861 0.028061
0.0 0.335683 0.409680 0.012072 0.030891
0.0 0.398761 0.878775 0.016902 0.029048
0.0 0.375001 0.885536 0.016779 0.026086
0.0 0.451820 0.139628 0.019358 0.029114
0.0 0.411732 0.107496 0.020299 0.028152
0.0 0.319281 0.268230 0.014365 0.027008
0.0 0.399143 0.141180 0.018785 0.027126
0.0 0.351784 0.200070 0.017475 0.031036
0.0 0.573317 0.443630 0.018620 0.035010
0.0 0.323530 0.370898 0.013627 0.032905
0.0 0.283698 0.475348 0.015592 0.032958
0.0 0.682276 0.663972 0.020789 0.051832
0.0 0.686163 0.959414 0.017065 0.032997
0.0 0.518900 0.991897 0.018660 0.016207
0.0 0.421735 0.986177 0.016615 0.027647
0.0 0.567059 0.399088 0.017393 0.029061
0.0 0.588718 0.839467 0.019194 0.025164
0.0 0.557301 0.341141 0.021281 0.028179
0.0 0.651332 0.947637 0.020749 0.027178
0.0 0.359805 0.488718 0.015632 0.033944
0.0 0.749487 0.592793 0.015223 0.035905
0.0 0.457594 0.913379 0.018170 0.035984
0.0 0.626975 0.732510 0.017434 0.030048
0.0 0.335908 0.687766 0.015182 0.034918
0.0 0.339396 0.570514 0.011090 0.030865
0.0 0.455357 0.474011 0.012481 0.028930
0.0 0.471771 0.449796 0.014937 0.028996
