0.0 0.364043 0.804558 0.019213 0.029146
0.0 0.321885 0.542849 0.017066 0.033373
0.0 0.587430 0.999735 0.020645 0.000531
0.0 0.317919 0.249199 0.022428 0.030630
0.0 0.623420 0.961497 0.022428 0.030630
0.0 0.578931 0.431095 0.019330 0.035610
0.0 0.319039 0.687662 0.014709 0.030197
0.0 0.462491 0.798726 0.019395 0.031019
0.0 0.608241 0.995008 0.022754 0.009985
0.0 0.425658 0.964264 0.023119 0.048242
0.0 0.386187 0.289619 0.013759 0.030951
0.0 0.661733 0.422290 0.018107 0.033555
0.0 0.445796 0.513023 0.020983 0.036821
0.0 0.446950 0.125123 0.020281 0.034856
0.0 0.479801 0.215097 0.019122 0.028209
0.0 0.351269 0.727734 0.017130 0.028781
0.0 0.741305 0.858904 0.020683 0.028483
0.0 0.479162 0.695306 0.020865 0.030356
0.0 0.361885 0.910196 0.021284 0.045159
0.0 0.357395 0.260375 0.020683 0.028483
0.0 0.267680 0.426613 0.021725 0.028666
0.0 0.306478 0.338366 0.020253 0.029328
0.0 0.268580 0.536478 0.021842 0.035130
0.0 0.373521 0.591901 0.022116 0.037940
0.0 0.306334 0.578915 0.016024 0.033190
0.0 0.481767 0.966809 0.019369 0.025491
0.0 0.298750 0.694078 0.016636 0.034217
0.0 0.603203 0.824538 0.022154 0.027820
0.0 0.294249 0.481967 0.016701 0.029626
0.0 0.571666 0.989351 0.014501 0.021298
0.0 0.654166 0.934673 0.020930 0.025764
