0.0 0.440885 0.817130 0.014063 0.019444
0.0 0.481250 0.119444 0.014583 0.033333
0.0 0.730729 0.615278 0.014583 0.028704
0.0 0.497656 0.857407 0.019271 0.022222
0.0 0.354688 0.800000 0.014583 0.022222
0.0 0.452083 0.390741 0.016667 0.027778
0.0 0.761979 0.324074 0.017708 0.029630
0.0 0.623437 0.137500 0.012500 0.030556
0.0 0.372396 0.590278 0.015625 0.028704
0.0 0.288542 0.624074 0.017708 0.033333
0.0 0.424479 0.617593 0.016667 0.033333
0.0 0.538542 0.950926 0.019792 0.046296
0.0 0.300000 0.735648 0.017708 0.026852
0.0 0.688542 0.180093 0.013542 0.030556
0.0 0.602865 0.434722 0.016146 0.032407
0.0 0.667187 0.645833 0.015625 0.032407
0.0 0.419010 0.925463 0.017188 0.021296
0.0 0.743229 0.748611 0.017708 0.034259
0.0 0.713281 0.623611 0.016146 0.030556
0.0 0.288542 0.371759 0.015625 0.037963
0.0 0.773958 0.383796 0.016667 0.026852
0.0 0.398958 0.671759 0.017708 0.028704
0.0 0.691146 0.850463 0.015625 0.030556
0.0 0.312760 0.604167 0.013021 0.032407
0.0 0.502083 0.706944 0.020833 0.032407
0.0 0.672396 0.415278 0.013542 0.030556
0.0 0.631771 0.148611 0.013542 0.026852
0.0 0.458854 0.931019 0.021875 0.025000
0.0 0.510156 0.785185 0.014063 0.025926
