0.0 0.732552 0.422222 0.015104 0.025926
0.0 0.520313 0.859722 0.014583 0.017593
0.0 0.727344 0.443519 0.016146 0.024074
0.0 0.345573 0.587500 0.014063 0.030556
0.0 0.442969 0.427778 0.018229 0.025926
0.0 0.415625 0.835185 0.016667 0.018519
0.0 0.520052 0.152315 0.019271 0.023148
0.0 0.296615 0.424537 0.015104 0.036111
0.0 0.515365 0.246296 0.016146 0.025926
0.0 0.675521 0.270833 0.016667 0.026852
0.0 0.692708 0.818519 0.019792 0.027778
0.0 0.629948 0.918981 0.019271 0.043519
0.0 0.416406 0.882407 0.018229 0.027778
0.0 0.621354 0.147685 0.018750 0.028704
0.0 0.619792 0.118519 0.016667 0.024074
0.0 0.353906 0.687963 0.014063 0.025926
0.0 0.512240 0.949537 0.018229 0.028704
0.0 0.299219 0.727315 0.019271 0.023148
0.0 0.736458 0.613426 0.015625 0.026852
0.0 0.327865 0.534722 0.014063 0.032407
0.0 0.679427 0.880093 0.019271 0.028704
0.0 0.466927 0.951852 0.022396 0.031481
0.0 0.603125 0.394907 0.016667 0.034259
0.0 0.396875 0.518056 0.013542 0.032407
0.0 0.602344 0.894444 0.014063 0.033333
0.0 0.668229 0.579167 0.014583 0.034259
0.0 0.584115 0.068981 0.017188 0.030556
0.0 0.419271 0.231019 0.017708 0.025000
0.0 0.417969 0.853704 0.018229 0.024074
0.0 0.594271 0.897685 0.012500 0.019444
