0 0.432031 0.775463 0.019271 0.026852
0 0.687760 0.328704 0.017188 0.033333
0 0.704167 0.337500 0.013542 0.025000
0 0.521094 0.441667 0.015104 0.022222
0 0.463281 0.895370 0.018229 0.022222
0 0.429688 0.181944 0.017708 0.028704
0 0.448177 0.680556 0.019271 0.024074
0 0.715625 0.357407 0.017708 0.025926
0 0.503646 0.170370 0.013542 0.020370
0 0.385677 0.911574 0.018229 0.034259
0 0.651563 0.696296 0.018750 0.031481
0 0.521875 0.576389 0.013542 0.034259
0 0.448437 0.871759 0.018750 0.023148
0 0.697656 0.625926 0.018229 0.027778
0 0.390365 0.387963 0.016146 0.033333
0 0.343490 0.112037 0.017188 0.022222
0 0.666927 0.795370 0.019271 0.033333
0 0.530469 0.771759 0.018229 0.032407
0 0.353385 0.751389 0.018229 0.021296
0 0.253125 0.583796 0.015625 0.030556
0 0.252083 0.459722 0.018750 0.023148
0 0.348438 0.269444 0.017708 0.027778
0 0.386198 0.490741 0.021354 0.033333
0 0.313542 0.416204 0.018750 0.026852
0 0.463802 0.954167 0.021354 0.026852
0 0.263542 0.607870 0.013542 0.023148
0 0.661979 0.770833 0.012500 0.026852
0 0.556510 0.452778 0.020313 0.020370
0 0.478125 0.857870 0.013542 0.028704
