0.0 0.462869 0.807168 0.020982 0.027672
0.0 0.747867 0.404705 0.019395 0.033674
0.0 0.763431 0.414784 0.015189 0.025321
0.0 0.575069 0.496215 0.016530 0.022815
0.0 0.485022 0.925227 0.019616 0.023130
0.0 0.503663 0.238111 0.019573 0.029289
0.0 0.485707 0.717834 0.020780 0.025009
0.0 0.773301 0.435014 0.019371 0.026627
0.0 0.577542 0.234453 0.014853 0.020884
0.0 0.407205 0.932956 0.020491 0.034666
0.0 0.685422 0.753362 0.020803 0.032056
0.0 0.566055 0.625409 0.015862 0.034195
0.0 0.472077 0.901106 0.020198 0.024069
0.0 0.736053 0.690553 0.020020 0.028454
0.0 0.449865 0.431605 0.018366 0.033569
0.0 0.423614 0.162449 0.018588 0.023025
0.0 0.693399 0.849858 0.021452 0.033883
0.0 0.560352 0.813513 0.020356 0.032891
0.0 0.386949 0.776191 0.019549 0.022242
0.0 0.300108 0.605494 0.017650 0.030855
0.0 0.308090 0.486479 0.020198 0.024069
0.0 0.417068 0.313804 0.019505 0.028402
0.0 0.438285 0.529687 0.023510 0.034092
0.0 0.371946 0.450949 0.020467 0.027619
0.0 0.481266 0.981630 0.023039 0.027881
0.0 0.308647 0.629614 0.015055 0.023546
0.0 0.690295 0.825845 0.014295 0.026991
0.0 0.609237 0.510423 0.021540 0.021564
0.0 0.502405 0.890780 0.015458 0.028871
