0 0.303125 0.766667 0.011458 0.029630
0 0.339844 0.806944 0.017188 0.030556
0 0.388542 0.837963 0.015625 0.024074
0 0.412760 0.941667 0.018229 0.020370
0 0.397135 0.311111 0.023438 0.027778
0 0.486979 0.855093 0.020833 0.025000
0 0.703125 0.330093 0.020833 0.036111
0 0.540104 0.941667 0.022917 0.038889
0 0.306510 0.154630 0.017188 0.020370
0 0.730208 0.480093 0.019792 0.026852
0 0.313802 0.237500 0.016146 0.030556
0 0.577083 0.495370 0.015625 0.029630
0 0.247135 0.664815 0.015104 0.029630
0 0.230990 0.365741 0.015104 0.029630
0 0.265625 0.620370 0.017708 0.027778
0 0.242708 0.462963 0.013542 0.029630
0 0.403906 0.107870 0.015104 0.034259
0 0.374479 0.894907 0.023958 0.036111
0 0.449219 0.736111 0.016146 0.020370
0 0.328385 0.129630 0.019271 0.024074
0 0.465885 0.161111 0.021354 0.029630
0 0.309375 0.579167 0.018750 0.028704
0 0.345313 0.912500 0.017708 0.030556
0 0.550781 0.818056 0.019271 0.034259
0 0.296094 0.851389 0.020313 0.037963
0 0.306771 0.324537 0.016667 0.028704
0 0.246354 0.732870 0.015625 0.032407
0 0.401042 0.295833 0.017708 0.026852
0 0.288802 0.674074 0.014063 0.025926
