0.0 0.696875 0.766667 0.011458 0.029630
0.0 0.660156 0.806944 0.017188 0.030556
0.0 0.611458 0.837963 0.015625 0.024074
0.0 0.587240 0.941667 0.018229 0.020370
0.0 0.602865 0.311111 0.023438 0.027778
0.0 0.513021 0.855093 0.020833 0.025000
0.0 0.296875 0.330093 0.020833 0.036111
0.0 0.459896 0.941667 0.022917 0.038889
0.0 0.693490 0.154630 0.017188 0.020370
0.0 0.269792 0.480093 0.019792 0.026852
0.0 0.686198 0.237500 0.016146 0.030556
0.0 0.422917 0.495370 0.015625 0.029630
0.0 0.752865 0.664815 0.015104 0.029630
0.0 0.769010 0.365741 0.015104 0.029630
0.0 0.734375 0.620370 0.017708 0.027778
0.0 0.757292 0.462963 0.013542 0.029630
0.0 0.596094 0.107870 0.015104 0.034259
0.0 0.625521 0.894907 0.023958 0.036111
0.0 0.550781 0.736111 0.016146 0.020370
0.0 0.671615 0.129630 0.019271 0.024074
0.0 0.534115 0.161111 0.021354 0.029630
0.0 0.690625 0.579167 0.018750 0.028704
0.0 0.654687 0.912500 0.017708 0.030556
0.0 0.449219 0.818056 0.019271 0.034259
0.0 0.703906 0.851389 0.020313 0.037963
0.0 0.693229 0.324537 0.016667 0.028704
0.0 0.753646 0.732870 0.015625 0.032407
0.0 0.598958 0.295833 0.017708 0.026852
0.0 0.711198 0.674074 0.014063 0.025926
