0.0 0.725997 0.759968 0.017038 0.032667
0.0 0.277725 0.513967 0.011273 0.024653
0.0 0.706701 0.697197 0.014484 0.031323
0.0 0.425225 0.945607 0.014813 0.025315
0.0 0.455230 0.309213 0.014939 0.029674
0.0 0.287559 0.552179 0.019997 0.030620
0.0 0.530980 0.318563 0.014459 0.030451
0.0 0.533813 0.158263 0.016762 0.023078
0.0 0.535879 0.881728 0.018885 0.026944
0.0 0.743956 0.727831 0.017569 0.033634
0.0 0.568064 0.964876 0.025255 0.038540
0.0 0.402506 0.736703 0.016456 0.029958
0.0 0.357443 0.244030 0.015925 0.028992
0.0 0.623056 0.555778 0.020022 0.031492
0.0 0.491937 0.747735 0.019871 0.026261
0.0 0.771804 0.546355 0.019897 0.027133
0.0 0.505899 0.227102 0.020022 0.031492
0.0 0.386209 0.198576 0.014964 0.030546
0.0 0.370494 0.797764 0.019060 0.033046
0.0 0.496465 0.166176 0.019897 0.027133
0.0 0.518452 0.488882 0.021489 0.030032
0.0 0.315817 0.444840 0.014459 0.030451
0.0 0.612101 0.370987 0.019135 0.035661
0.0 0.342728 0.631740 0.020047 0.032364
0.0 0.274841 0.508168 0.015269 0.023666
0.0 0.444765 0.858548 0.011248 0.023781
0.0 0.438669 0.849519 0.012866 0.027552
0.0 0.440836 0.924424 0.022576 0.032837
0.0 0.461003 0.930387 0.016281 0.023855
0.0 0.633423 0.928898 0.016306 0.024727
