0 0.277865 0.361111 0.014063 0.025926
0 0.360156 0.771296 0.017188 0.022222
0 0.433333 0.150463 0.016667 0.026852
0 0.277083 0.451852 0.014583 0.024074
0 0.473698 0.818056 0.016146 0.026852
0 0.344271 0.487500 0.019792 0.026852
0 0.588542 0.527778 0.016667 0.027778
0 0.298177 0.361111 0.021354 0.033333
0 0.457031 0.165741 0.018229 0.022222
0 0.228906 0.389352 0.018229 0.028704
0 0.223698 0.612037 0.019271 0.024074
0 0.515104 0.369444 0.019792 0.031481
0 0.653646 0.728241 0.018750 0.026852
0 0.705208 0.590741 0.018750 0.033333
0 0.404427 0.263426 0.020313 0.021296
0 0.285156 0.245370 0.011979 0.027778
0 0.253906 0.418056 0.013021 0.032407
0 0.216146 0.419907 0.014583 0.030556
0 0.245052 0.273148 0.016146 0.027778
0 0.664062 0.824537 0.016667 0.037963
0 0.301823 0.750926 0.014063 0.029630
0 0.624219 0.823148 0.016146 0.020370
0 0.402344 0.939815 0.021354 0.025926
0 0.362500 0.839352 0.016667 0.032407
0 0.637500 0.869444 0.017708 0.024074
0 0.683594 0.558333 0.018229 0.035185
0 0.280729 0.814815 0.018750 0.027778
0 0.520052 0.871759 0.019271 0.026852
0 0.290885 0.477315 0.014063 0.023148
