0.0 0.337377 0.348582 0.014733 0.029814
0.0 0.402999 0.780450 0.017660 0.027013
0.0 0.497469 0.182968 0.017319 0.031476
0.0 0.333286 0.438726 0.015175 0.028117
0.0 0.512567 0.859271 0.016808 0.031328
0.0 0.397830 0.493313 0.020382 0.032363
0.0 0.635761 0.602816 0.017353 0.032398
0.0 0.357285 0.354352 0.022150 0.039261
0.0 0.520135 0.204915 0.018680 0.027309
0.0 0.288358 0.362799 0.018918 0.033764
0.0 0.275094 0.583084 0.019769 0.029449
0.0 0.569587 0.424274 0.020551 0.036973
0.0 0.692223 0.820945 0.019361 0.032067
0.0 0.747797 0.698660 0.019598 0.038522
0.0 0.464999 0.287253 0.020689 0.026978
0.0 0.348764 0.235390 0.012758 0.031066
0.0 0.311809 0.398486 0.013949 0.035972
0.0 0.274733 0.389603 0.015412 0.034572
0.0 0.308441 0.251661 0.016842 0.032250
0.0 0.698903 0.919802 0.017726 0.042541
0.0 0.346574 0.743593 0.014869 0.033502
0.0 0.659904 0.907101 0.016571 0.024872
0.0 0.438172 0.960257 0.021879 0.031885
0.0 0.402803 0.848890 0.017523 0.037008
0.0 0.671225 0.956978 0.018237 0.029005
0.0 0.727801 0.660246 0.019155 0.040218
0.0 0.323559 0.801226 0.019395 0.032990
0.0 0.556030 0.925920 0.019871 0.032215
0.0 0.345880 0.468005 0.014631 0.027047
