0.0 0.629304 0.925146 0.020091 0.031585
0.0 0.288690 0.522860 0.018780 0.036172
0.0 0.430259 0.238481 0.015195 0.028200
0.0 0.347614 0.763785 0.012734 0.026032
0.0 0.379348 0.820666 0.015730 0.030153
0.0 0.317227 0.607492 0.013938 0.034687
0.0 0.491330 0.317202 0.016132 0.027357
0.0 0.298088 0.394807 0.016560 0.025511
0.0 0.632753 0.596355 0.017175 0.030314
0.0 0.307307 0.736915 0.016774 0.033110
0.0 0.317361 0.319301 0.018031 0.026621
0.0 0.670025 0.937294 0.020305 0.039182
0.0 0.292915 0.475693 0.019583 0.030581
0.0 0.341003 0.698264 0.022312 0.042246
0.0 0.554250 0.201291 0.018593 0.029524
0.0 0.373786 0.898173 0.017817 0.036065
0.0 0.606665 0.819733 0.019342 0.039075
0.0 0.419433 0.142480 0.019075 0.029578
0.0 0.594661 0.994727 0.018218 0.010545
0.0 0.413762 0.713496 0.015864 0.034901
0.0 0.427619 0.967990 0.015945 0.020709
0.0 0.528458 0.992459 0.018513 0.015083
0.0 0.474766 0.811741 0.016560 0.025511
0.0 0.753303 0.501143 0.014445 0.035690
0.0 0.584760 0.954494 0.018647 0.031424
0.0 0.396243 0.262806 0.008106 0.015103
0.0 0.293868 0.544872 0.010780 0.024868
0.0 0.345388 0.653972 0.010914 0.029618
0.0 0.375188 0.839735 0.013349 0.030835
0.0 0.372622 0.870891 0.013831 0.030889
