0.0 0.314323 0.829630 0.017188 0.044444
0.0 0.664062 0.243981 0.015625 0.025000
0.0 0.276042 0.808333 0.015625 0.040741
0.0 0.641667 0.686574 0.018750 0.025000
0.0 0.314583 0.876389 0.017708 0.039815
0.0 0.414844 0.273611 0.016146 0.026852
0.0 0.237760 0.314352 0.016146 0.021296
0.0 0.516406 0.131019 0.018229 0.025000
0.0 0.318490 0.568981 0.019271 0.023148
0.0 0.270833 0.359722 0.018750 0.032407
0.0 0.510156 0.945833 0.019271 0.032407
0.0 0.267969 0.237037 0.016146 0.024074
0.0 0.398958 0.709259 0.014583 0.022222
0.0 0.325521 0.178704 0.016667 0.024074
0.0 0.386198 0.167593 0.019271 0.025926
0.0 0.407292 0.205556 0.018750 0.027778
0.0 0.216927 0.421759 0.017188 0.032407
0.0 0.239844 0.662037 0.014063 0.033333
0.0 0.597917 0.557870 0.018750 0.028704
0.0 0.363281 0.515741 0.019271 0.035185
0.0 0.642448 0.805093 0.018229 0.023148
0.0 0.423177 0.963426 0.019271 0.028704
0.0 0.230469 0.476852 0.016146 0.031481
0.0 0.434375 0.915741 0.021875 0.027778
0.0 0.259115 0.567593 0.011979 0.027778
0.0 0.466406 0.970833 0.017188 0.032407
0.0 0.239844 0.327315 0.014063 0.025000
0.0 0.289583 0.326852 0.013542 0.020370
0.0 0.281771 0.369907 0.013542 0.026852
0.0 0.270052 0.768981 0.020313 0.030556
0.0 0.317448 0.861574 0.014063 0.025000
