0.0 0.484538 0.279971 0.015242 0.031623
0.0 0.665454 0.389038 0.012499 0.024726
0.0 0.644363 0.890468 0.017805 0.027830
0.0 0.579509 0.900295 0.022058 0.030896
0.0 0.496997 0.305211 0.018905 0.030783
0.0 0.672827 0.279433 0.019398 0.028858
0.0 0.624846 0.629194 0.015143 0.025792
0.0 0.662208 0.877010 0.021664 0.038650
0.0 0.681163 0.860188 0.014766 0.034518
0.0 0.678512 0.409924 0.019365 0.026915
0.0 0.325384 0.595116 0.018888 0.029811
0.0 0.631253 0.716930 0.018330 0.027849
0.0 0.417249 0.620775 0.017246 0.025867
0.0 0.263914 0.684792 0.021073 0.034744
0.0 0.587836 0.921011 0.020515 0.032783
0.0 0.716859 0.646107 0.015866 0.037471
0.0 0.665903 0.222307 0.016260 0.029717
0.0 0.482836 0.100523 0.019398 0.028858
0.0 0.549903 0.986145 0.020466 0.027710
0.0 0.715262 0.367004 0.018921 0.031755
0.0 0.325496 0.962158 0.017953 0.036575
0.0 0.671904 0.645466 0.015242 0.031623
0.0 0.635829 0.243590 0.011529 0.029547
0.0 0.666954 0.782868 0.014240 0.034499
0.0 0.622986 0.318968 0.011398 0.021773
0.0 0.284668 0.732693 0.015702 0.027754
0.0 0.367255 0.280138 0.018346 0.028820
