0.0 0.418251 0.508731 0.016305 0.034190
0.0 0.567412 0.231789 0.020894 0.030137
0.0 0.655239 0.291252 0.015123 0.032120
0.0 0.374350 0.848402 0.022669 0.033243
0.0 0.286566 0.531683 0.015123 0.032120
0.0 0.281189 0.609833 0.018767 0.040113
0.0 0.299555 0.525633 0.015964 0.027951
0.0 0.747187 0.768228 0.017883 0.033731
0.0 0.463036 0.942454 0.019663 0.027175
0.0 0.640621 0.457833 0.016354 0.035081
0.0 0.331303 0.679641 0.019414 0.032380
0.0 0.785046 0.549033 0.021675 0.044398
0.0 0.731515 0.657367 0.018719 0.039222
0.0 0.357210 0.427435 0.016598 0.039538
0.0 0.366868 0.210708 0.021486 0.031172
0.0 0.269197 0.426701 0.016598 0.039538
0.0 0.655429 0.936507 0.022126 0.033099
0.0 0.342994 0.853198 0.026112 0.047332
0.0 0.537480 0.803948 0.022376 0.027894
0.0 0.301082 0.442391 0.017932 0.034621
0.0 0.761988 0.578185 0.018225 0.039970
0.0 0.321627 0.826280 0.021681 0.034738
0.0 0.250974 0.543494 0.015811 0.034937
0.0 0.336876 0.230788 0.015714 0.033155
0.0 0.383536 0.584979 0.017981 0.035513
0.0 0.431553 0.572393 0.015714 0.033155
0.0 0.612570 0.754232 0.020943 0.031028
0.0 0.265760 0.368820 0.020742 0.037123
0.0 0.428355 0.213450 0.018133 0.028526
