0.0 0.393186 0.907509 0.019562 0.036118
0.0 0.379331 0.816786 0.019531 0.029249
0.0 0.629548 0.946698 0.018098 0.029881
0.0 0.392561 0.963097 0.017823 0.032755
0.0 0.639805 0.325754 0.014420 0.027027
0.0 0.361600 0.930443 0.019257 0.032123
0.0 0.729711 0.317636 0.019090 0.042863
0.0 0.331581 0.262324 0.020172 0.044107
0.0 0.325455 0.386893 0.014725 0.031022
0.0 0.553537 0.200244 0.020417 0.034365
0.0 0.447503 0.208722 0.019257 0.032123
0.0 0.290873 0.676042 0.019409 0.034120
0.0 0.361443 0.240318 0.020997 0.035486
0.0 0.357430 0.345555 0.016541 0.035384
0.0 0.356198 0.779177 0.014374 0.032897
0.0 0.661965 0.941363 0.018875 0.027129
0.0 0.313984 0.750275 0.015611 0.036138
0.0 0.416399 0.335292 0.021775 0.032735
0.0 0.309450 0.583540 0.016769 0.038379
0.0 0.423591 0.124003 0.018951 0.028128
0.0 0.284876 0.553910 0.019135 0.036994
0.0 0.336506 0.863812 0.026688 0.038830
0.0 0.414684 0.631711 0.019013 0.041864
0.0 0.310681 0.827875 0.014679 0.036891
0.0 0.434092 0.472891 0.023316 0.039970
0.0 0.481003 0.120223 0.021073 0.036485
0.0 0.732130 0.436568 0.017456 0.047367
