0.0 0.634300 0.877838 0.020841 0.033166
0.0 0.646952 0.792532 0.021019 0.026708
0.0 0.373671 0.923760 0.019390 0.027361
0.0 0.636642 0.929749 0.018993 0.030074
0.0 0.343875 0.344028 0.015351 0.024827
0.0 0.669965 0.898021 0.020622 0.029422
0.0 0.244055 0.339984 0.020103 0.039529
0.0 0.683378 0.272629 0.021280 0.040654
0.0 0.693862 0.388770 0.015570 0.028571
0.0 0.435698 0.223369 0.021855 0.031483
0.0 0.553393 0.227114 0.020622 0.029422
0.0 0.740749 0.657554 0.020732 0.031294
0.0 0.649651 0.253244 0.022471 0.032514
0.0 0.657220 0.351407 0.017473 0.032599
0.0 0.671458 0.756484 0.015118 0.030349
0.0 0.337607 0.920052 0.020348 0.024741
0.0 0.388806 0.987720 0.026675 0.024561
0.0 0.717356 0.727819 0.016406 0.033346
0.0 0.591601 0.344141 0.023430 0.029894
0.0 0.717427 0.571863 0.017638 0.035406
0.0 0.577362 0.147021 0.020402 0.025677
0.0 0.743766 0.543213 0.020336 0.034008
0.0 0.695781 0.834782 0.028756 0.035425
0.0 0.602301 0.621012 0.020049 0.038593
0.0 0.723318 0.800189 0.015338 0.034092
0.0 0.576090 0.473394 0.024936 0.036635
0.0 0.513661 0.145750 0.022526 0.033450
0.0 0.244906 0.451195 0.018132 0.043831
