0.0 0.765949 0.424014 0.019194 0.039988
0.0 0.554816 0.221863 0.016928 0.024977
0.0 0.492379 0.198487 0.018202 0.029809
0.0 0.591733 0.238433 0.016198 0.032020
0.0 0.475746 0.226684 0.019714 0.028379
0.0 0.316264 0.752857 0.017011 0.026804
0.0 0.355423 0.878992 0.022136 0.035303
0.0 0.712991 0.763276 0.022793 0.038174
0.0 0.744262 0.814932 0.016002 0.039195
0.0 0.485348 0.933006 0.020695 0.026817
0.0 0.478520 0.136842 0.019600 0.037380
0.0 0.324100 0.394063 0.016240 0.032933
0.0 0.412497 0.256225 0.014560 0.030710
0.0 0.770292 0.663896 0.016491 0.038413
0.0 0.396601 0.931725 0.019672 0.027466
0.0 0.309873 0.352188 0.012921 0.029399
0.0 0.280312 0.674172 0.026686 0.042754
0.0 0.308470 0.283016 0.015792 0.034627
0.0 0.510188 0.966434 0.020737 0.027730
0.0 0.275075 0.447925 0.018130 0.039724
0.0 0.283787 0.598361 0.019714 0.028379
0.0 0.547389 0.137337 0.016407 0.036586
0.0 0.512301 0.720768 0.021030 0.034124
0.0 0.596621 0.987392 0.022333 0.025215
0.0 0.410020 0.680094 0.020539 0.034905
0.0 0.388003 0.426580 0.025371 0.037009
0.0 0.331643 0.587626 0.014686 0.033450
0.0 0.302573 0.687559 0.018243 0.030722
0.0 0.750000 0.425592 0.016198 0.032020
0.0 0.748992 0.752828 0.014279 0.036057
