0.0 0.321105 0.751768 0.015863 0.034594
0.0 0.291330 0.696051 0.024069 0.052453
0.0 0.692025 0.254842 0.013142 0.031987
0.0 0.277839 0.713636 0.018613 0.044228
0.0 0.304102 0.495251 0.012063 0.033756
0.0 0.265786 0.543972 0.013149 0.033995
0.0 0.288725 0.585142 0.018601 0.041216
0.0 0.671825 0.913897 0.014231 0.033231
0.0 0.426076 0.966506 0.024549 0.036510
0.0 0.483153 0.098930 0.021822 0.032899
0.0 0.689181 0.979753 0.021339 0.040494
0.0 0.436350 0.334852 0.022944 0.042174
0.0 0.525403 0.431731 0.021300 0.037800
0.0 0.385778 0.092996 0.014770 0.032347
0.0 0.443500 0.914681 0.020737 0.032660
0.0 0.581634 0.872435 0.021834 0.035911
0.0 0.337960 0.346748 0.022381 0.037035
0.0 0.407772 0.169566 0.019108 0.032301
0.0 0.519395 0.213248 0.021854 0.040930
0.0 0.278321 0.282436 0.021830 0.034907
0.0 0.314239 0.798901 0.016985 0.043869
0.0 0.390949 0.097647 0.013138 0.030983
0.0 0.368623 0.143877 0.014767 0.031343
0.0 0.552180 0.206438 0.014743 0.025319
0.0 0.277026 0.505828 0.009889 0.032273
0.0 0.438740 0.945729 0.017480 0.031942
