0.0 0.299932 0.546143 0.018450 0.027454
0.0 0.519301 0.328082 0.018657 0.024981
0.0 0.349565 0.806242 0.021963 0.039298
0.0 0.600806 0.506388 0.018450 0.027454
0.0 0.380470 0.859546 0.017003 0.031293
0.0 0.372191 0.226453 0.022199 0.032624
0.0 0.557733 0.917082 0.016414 0.021040
0.0 0.336455 0.287057 0.021373 0.029044
0.0 0.692463 0.807629 0.017801 0.025604
0.0 0.309670 0.494413 0.019953 0.042151
0.0 0.413858 0.721473 0.013638 0.025380
0.0 0.413717 0.942857 0.020103 0.034612
0.0 0.634125 0.952976 0.020752 0.036462
0.0 0.660557 0.915159 0.020694 0.031396
0.0 0.711951 0.355952 0.015290 0.032538
0.0 0.389512 0.203832 0.019572 0.029425
0.0 0.599960 0.886756 0.020075 0.025344
0.0 0.617013 0.965784 0.024267 0.034836
0.0 0.351317 0.576905 0.021786 0.037568
0.0 0.376705 0.685294 0.019395 0.027696
0.0 0.456742 0.207028 0.018273 0.025725
0.0 0.347371 0.339267 0.020310 0.032140
0.0 0.291080 0.599421 0.015171 0.035875
0.0 0.359033 0.427216 0.017268 0.033886
0.0 0.487297 0.934669 0.020813 0.028059
0.0 0.710622 0.717369 0.021727 0.032502
0.0 0.556672 0.987905 0.019395 0.024190
0.0 0.354115 0.706158 0.015202 0.031674
0.0 0.593730 0.271325 0.016561 0.026970
0.0 0.346938 0.804253 0.019482 0.042030
