0 0.523958 0.940741 0.019792 0.025926
0 0.518750 0.631944 0.018750 0.023148
0 0.313802 0.317593 0.017188 0.029630
0 0.329167 0.870370 0.022917 0.027778
0 0.292187 0.827315 0.017708 0.025000
0 0.313802 0.719907 0.015104 0.030556
0 0.280208 0.204630 0.015625 0.027778
0 0.446875 0.168519 0.020833 0.027778
0 0.258073 0.573148 0.013021 0.029630
0 0.692448 0.478704 0.023438 0.037037
0 0.523438 0.911574 0.020833 0.026852
0 0.301042 0.385185 0.015625 0.033333
0 0.542708 0.412500 0.018750 0.032407
0 0.408594 0.915741 0.019271 0.029630
0 0.698698 0.730093 0.018229 0.023148
0 0.651042 0.818519 0.019792 0.031481
0 0.317708 0.182407 0.014583 0.029630
0 0.243229 0.638889 0.015625 0.035185
0 0.357292 0.385185 0.016667 0.031481
0 0.262500 0.751389 0.019792 0.045370
0 0.603385 0.689352 0.019271 0.036111
0 0.217188 0.543056 0.012500 0.034259
0 0.427865 0.371759 0.019271 0.028704
0 0.322656 0.554630 0.016146 0.025926
0 0.729427 0.492593 0.015104 0.035185
0 0.458333 0.416667 0.019792 0.025926
0 0.248958 0.509722 0.012500 0.036111
0 0.244531 0.522685 0.009896 0.028704
0 0.283854 0.686111 0.012500 0.027778
