0 0.323958 0.771296 0.013542 0.035185
0 0.641927 0.841204 0.017188 0.032407
0 0.312500 0.831944 0.014583 0.036111
0 0.385937 0.216667 0.018750 0.027778
0 0.375260 0.480556 0.020313 0.027778
0 0.604427 0.156019 0.017188 0.023148
0 0.310677 0.325463 0.017188 0.028704
0 0.335417 0.125463 0.017708 0.028704
0 0.350781 0.727315 0.019271 0.025000
0 0.514583 0.154167 0.019792 0.026852
0 0.686979 0.639815 0.015625 0.033333
0 0.489583 0.852315 0.017708 0.021296
0 0.318229 0.219907 0.014583 0.028704
0 0.253385 0.338889 0.018229 0.027778
0 0.507292 0.129167 0.018750 0.026852
0 0.596354 0.915741 0.019792 0.025926
0 0.620313 0.888889 0.017708 0.037037
0 0.384115 0.806019 0.017188 0.021296
0 0.261719 0.448148 0.017188 0.029630
0 0.602604 0.515278 0.015625 0.032407
0 0.285677 0.459722 0.021354 0.028704
0 0.389323 0.369907 0.021354 0.028704
0 0.267708 0.742593 0.023958 0.038889
0 0.464323 0.933333 0.019271 0.024074
0 0.510938 0.894444 0.020833 0.027778
0 0.488542 0.760648 0.017708 0.025000
0 0.231250 0.488889 0.014583 0.031481
0 0.445312 0.215278 0.015625 0.032407
0 0.582812 0.220370 0.015625 0.024074
0 0.680208 0.678241 0.015625 0.030556
