0 0.386198 0.216204 0.016146 0.019444
0 0.566667 0.855556 0.017708 0.020370
0 0.275260 0.392593 0.014063 0.033333
0 0.541667 0.888889 0.016667 0.022222
0 0.347917 0.660185 0.016667 0.027778
0 0.307292 0.713889 0.014583 0.022222
0 0.697396 0.331481 0.015625 0.035185
0 0.283073 0.799537 0.021354 0.043519
0 0.570573 0.831481 0.016146 0.024074
0 0.468490 0.172685 0.018229 0.023148
0 0.333073 0.652315 0.013021 0.032407
0 0.303906 0.174074 0.015104 0.025926
0 0.342708 0.227315 0.019792 0.026852
0 0.555469 0.908796 0.018229 0.021296
0 0.716667 0.493981 0.016667 0.036111
0 0.241406 0.486574 0.020313 0.025000
0 0.683333 0.455093 0.021875 0.037963
0 0.242969 0.371759 0.015104 0.030556
0 0.352344 0.865741 0.015104 0.033333
0 0.253125 0.300926 0.015625 0.033333
0 0.214062 0.533333 0.014583 0.033333
0 0.370833 0.926852 0.019792 0.025926
0 0.285417 0.212037 0.015625 0.033333
0 0.393750 0.783796 0.014583 0.032407
0 0.217188 0.460185 0.020833 0.024074
0 0.644010 0.832870 0.019271 0.028704
0 0.280469 0.431481 0.013021 0.029630
0 0.267708 0.791204 0.014583 0.026852
0 0.295833 0.792593 0.011458 0.025926
