0.0 0.457970 0.235987 0.017616 0.023096
0.0 0.589457 0.929030 0.019248 0.024346
0.0 0.333662 0.396736 0.016596 0.037014
0.0 0.561934 0.958643 0.018349 0.026058
0.0 0.385821 0.686254 0.018773 0.031783
0.0 0.341131 0.733899 0.016267 0.025663
0.0 0.760088 0.413743 0.018298 0.039218
0.0 0.310393 0.817570 0.024658 0.048892
0.0 0.595198 0.904961 0.017970 0.027867
0.0 0.543512 0.206733 0.019980 0.027308
0.0 0.371591 0.675332 0.015484 0.035862
0.0 0.378969 0.176980 0.017070 0.029578
0.0 0.413671 0.239197 0.021825 0.031421
0.0 0.574203 0.981772 0.019839 0.025399
0.0 0.766934 0.584850 0.019410 0.040370
0.0 0.292662 0.487168 0.022204 0.029611
0.0 0.736599 0.538460 0.024754 0.043265
0.0 0.302991 0.369148 0.017424 0.034350
0.0 0.374547 0.898918 0.017636 0.037211
0.0 0.318546 0.298079 0.018156 0.037310
0.0 0.261771 0.530172 0.017115 0.037113
0.0 0.388353 0.965395 0.021754 0.030467
0.0 0.357597 0.212598 0.018156 0.037310
0.0 0.422174 0.822319 0.017045 0.036158
0.0 0.270480 0.455386 0.022653 0.028755
0.0 0.668463 0.920307 0.021446 0.033231
0.0 0.335897 0.437796 0.015272 0.033001
0.0 0.295678 0.806071 0.016620 0.030434
0.0 0.323672 0.812832 0.013428 0.028888
