0.0 0.465961 0.187816 0.019308 0.034138
0.0 0.271703 0.595474 0.025003 0.033683
0.0 0.310077 0.285666 0.015980 0.030845
0.0 0.304797 0.626455 0.020037 0.029175
0.0 0.548761 0.937329 0.019293 0.025594
0.0 0.481228 0.922479 0.019293 0.025594
0.0 0.449824 0.971323 0.022729 0.030621
0.0 0.373731 0.332584 0.016236 0.026630
0.0 0.458946 0.265724 0.021039 0.028541
0.0 0.578644 0.946972 0.022729 0.030621
0.0 0.501490 0.957662 0.019184 0.023862
0.0 0.400086 0.240491 0.018929 0.028077
0.0 0.605409 0.587643 0.017670 0.032924
0.0 0.386536 0.845910 0.023785 0.030853
0.0 0.286412 0.557008 0.015560 0.032460
0.0 0.393969 0.932264 0.018889 0.035754
0.0 0.390399 0.467938 0.017508 0.030327
0.0 0.343761 0.230301 0.019726 0.032523
0.0 0.438375 0.872234 0.017345 0.027728
0.0 0.327972 0.768945 0.018198 0.033040
0.0 0.488747 0.293786 0.021093 0.029407
0.0 0.505356 0.771954 0.021039 0.028541
0.0 0.675958 0.759426 0.020511 0.028425
0.0 0.262033 0.489314 0.018929 0.028077
0.0 0.729291 0.629369 0.020579 0.037834
0.0 0.643309 0.875155 0.016305 0.036040
0.0 0.505454 0.146458 0.014870 0.029747
0.0 0.573289 0.331690 0.022054 0.036450
0.0 0.318057 0.312003 0.014816 0.028881
0.0 0.266682 0.615879 0.026003 0.033049
