0.0 0.448037 0.181526 0.016156 0.039368
0.0 0.313818 0.737290 0.021215 0.038748
0.0 0.321643 0.368269 0.013299 0.035593
0.0 0.344870 0.756161 0.016941 0.033588
0.0 0.580504 0.986910 0.016381 0.026179
0.0 0.521081 0.995002 0.016381 0.009997
0.0 0.380336 0.390239 0.013643 0.030691
0.0 0.448340 0.273039 0.017846 0.032835
0.0 0.607048 0.983620 0.019286 0.032759
0.0 0.395547 0.273246 0.015989 0.032329
0.0 0.600830 0.565509 0.014739 0.037983
0.0 0.433216 0.964381 0.020214 0.035478
0.0 0.323361 0.686617 0.012882 0.037477
0.0 0.405737 0.535139 0.014667 0.034967
0.0 0.346165 0.289225 0.016572 0.037484
0.0 0.480047 0.968834 0.014596 0.031950
0.0 0.376461 0.905953 0.015203 0.038109
0.0 0.476316 0.290217 0.017869 0.033841
0.0 0.529609 0.822750 0.017846 0.032835
0.0 0.675645 0.725291 0.017381 0.032708
0.0 0.296829 0.621982 0.015989 0.032329
0.0 0.711017 0.552202 0.017179 0.043643
0.0 0.656936 0.872081 0.013442 0.041627
0.0 0.478708 0.115482 0.012346 0.034335
0.0 0.552280 0.291797 0.018525 0.042011
0.0 0.330668 0.394151 0.012322 0.033329
0.0 0.311153 0.762812 0.022119 0.037995
