0.0 0.518229 0.166667 0.018750 0.025926
0.0 0.634635 0.128704 0.023438 0.027778
0.0 0.767187 0.566204 0.021875 0.037963
0.0 0.328385 0.341204 0.017188 0.030556
0.0 0.349740 0.729167 0.018229 0.026852
0.0 0.547135 0.334722 0.016146 0.026852
0.0 0.650260 0.110648 0.020313 0.025000
0.0 0.565625 0.945370 0.018750 0.027778
0.0 0.617969 0.196296 0.019271 0.024074
0.0 0.320312 0.447685 0.015625 0.041667
0.0 0.350781 0.648611 0.017188 0.026852
0.0 0.599479 0.231019 0.016667 0.026852
0.0 0.473958 0.418981 0.014583 0.028704
0.0 0.525521 0.222222 0.018750 0.022222
0.0 0.332292 0.771759 0.017708 0.026852
0.0 0.309375 0.626389 0.017708 0.034259
0.0 0.667448 0.514815 0.018229 0.033333
0.0 0.699219 0.226852 0.014063 0.027778
0.0 0.429167 0.933333 0.019792 0.027778
0.0 0.776042 0.649537 0.014583 0.037963
0.0 0.766927 0.339815 0.021354 0.027778
0.0 0.665365 0.872685 0.019271 0.032407
0.0 0.669271 0.762037 0.015625 0.033333
0.0 0.483333 0.880556 0.019792 0.025926
0.0 0.731510 0.307407 0.017188 0.025926
0.0 0.750260 0.337500 0.014063 0.028704
0.0 0.757812 0.549074 0.018750 0.037037
0.0 0.566146 0.926852 0.012500 0.025926
0.0 0.491927 0.059259 0.014063 0.027778
0.0 0.325781 0.663426 0.014063 0.030556
