0 0.656771 0.832407 0.017708 0.027778
0 0.550781 0.677778 0.016146 0.031481
0 0.699219 0.329630 0.017188 0.040741
0 0.592187 0.137963 0.021875 0.031481
0 0.495312 0.248148 0.016667 0.029630
0 0.498958 0.965278 0.019792 0.034259
0 0.282813 0.568519 0.017708 0.027778
0 0.421615 0.640278 0.019271 0.023148
0 0.365365 0.714815 0.017188 0.025926
0 0.217969 0.395833 0.016146 0.030556
0 0.361198 0.624074 0.016146 0.035185
0 0.595833 0.751852 0.019792 0.022222
0 0.533073 0.954167 0.023438 0.037963
0 0.491406 0.836574 0.021354 0.028704
0 0.635156 0.819907 0.017188 0.026852
0 0.674740 0.667593 0.016146 0.027778
0 0.301563 0.851852 0.017708 0.022222
0 0.729167 0.483333 0.017708 0.031481
0 0.401302 0.226852 0.020313 0.027778
0 0.296615 0.171759 0.020313 0.028704
0 0.308594 0.374074 0.014063 0.031481
0 0.622396 0.775926 0.020833 0.029630
0 0.244271 0.300463 0.019792 0.025000
0 0.220833 0.493981 0.022917 0.030556
0 0.263021 0.731481 0.014583 0.027778
0 0.467969 0.857407 0.020313 0.025926
0 0.253125 0.473148 0.012500 0.024074
0 0.225260 0.541204 0.014063 0.028704
