0 0.677604 0.338426 0.018750 0.032407
0 0.535937 0.919907 0.023958 0.028704
0 0.384375 0.748611 0.020833 0.021296
0 0.302865 0.278704 0.013021 0.029630
0 0.413802 0.224537 0.019271 0.025000
0 0.408854 0.946759 0.018750 0.032407
0 0.448437 0.312500 0.017708 0.030556
0 0.476562 0.855556 0.017708 0.025926
0 0.681250 0.420370 0.020833 0.031481
0 0.346094 0.283333 0.018229 0.025926
0 0.448958 0.910185 0.015625 0.027778
0 0.365625 0.147685 0.015625 0.026852
0 0.438281 0.742593 0.019271 0.024074
0 0.616146 0.725463 0.015625 0.030556
0 0.423438 0.071759 0.020833 0.041667
0 0.274219 0.264815 0.016146 0.027778
0 0.218750 0.570833 0.016667 0.030556
0 0.539323 0.594444 0.017188 0.031481
0 0.716667 0.378704 0.021875 0.040741
0 0.563802 0.932870 0.021354 0.030556
0 0.692448 0.663426 0.018229 0.037963
0 0.239323 0.607870 0.014063 0.028704
0 0.256510 0.576389 0.013021 0.026852
0 0.315625 0.621296 0.014583 0.031481
0 0.470052 0.962963 0.015104 0.035185
0 0.371875 0.237963 0.015625 0.022222
0 0.222917 0.566667 0.014583 0.033333
0 0.413281 0.924074 0.014063 0.018519
0 0.551562 0.914352 0.014583 0.026852
0 0.481250 0.869444 0.018750 0.024074
