0.0 0.471684 0.931326 0.022092 0.029294
0.0 0.370035 0.201859 0.019768 0.027219
0.0 0.369925 0.449929 0.018285 0.023285
0.0 0.743955 0.435111 0.022322 0.040808
0.0 0.361549 0.424721 0.022512 0.028365
0.0 0.311173 0.672328 0.018194 0.031903
0.0 0.709999 0.284699 0.015862 0.025036
0.0 0.682995 0.913019 0.017757 0.023249
0.0 0.460784 0.219988 0.020822 0.027291
0.0 0.439862 0.199041 0.019768 0.027219
0.0 0.413667 0.209584 0.019241 0.027183
0.0 0.407664 0.466809 0.019883 0.032977
0.0 0.494669 0.956510 0.020715 0.026326
0.0 0.416577 0.937518 0.020929 0.028257
0.0 0.715533 0.815952 0.020929 0.028257
0.0 0.294146 0.269782 0.018820 0.028113
0.0 0.780948 0.509924 0.020732 0.035908
0.0 0.719042 0.864352 0.020831 0.032083
0.0 0.289485 0.697155 0.020929 0.028257
0.0 0.385289 0.176499 0.028222 0.037378
0.0 0.571126 0.975128 0.027579 0.031585
0.0 0.573883 0.920950 0.023781 0.030368
0.0 0.334718 0.841447 0.024629 0.033301
0.0 0.341031 0.706771 0.018729 0.036730
0.0 0.379458 0.222132 0.016810 0.024143
0.0 0.392332 0.821951 0.016719 0.032761
0.0 0.403378 0.835303 0.018293 0.028077
0.0 0.685986 0.935189 0.017346 0.028971
0.0 0.755923 0.463964 0.015771 0.033653
