0.0 0.366272 0.694095 0.016794 0.030020
0.0 0.393942 0.864351 0.018107 0.025793
0.0 0.423368 0.852031 0.019035 0.024164
0.0 0.489425 0.221083 0.016911 0.032693
0.0 0.726402 0.415410 0.017609 0.037228
0.0 0.303182 0.301926 0.016716 0.028237
0.0 0.411212 0.813867 0.016408 0.032616
0.0 0.601389 0.177569 0.017878 0.031957
0.0 0.706323 0.624400 0.018844 0.031219
0.0 0.290859 0.402750 0.015441 0.033354
0.0 0.478667 0.900341 0.016833 0.030911
0.0 0.364801 0.340577 0.015866 0.031649
0.0 0.373186 0.783697 0.013778 0.029558
0.0 0.317316 0.648084 0.016911 0.032693
0.0 0.561831 0.889165 0.020119 0.026101
0.0 0.437389 0.510183 0.019386 0.032188
0.0 0.722916 0.746917 0.019152 0.026839
0.0 0.311783 0.350171 0.023217 0.039857
0.0 0.650503 0.872633 0.016408 0.032616
0.0 0.608037 0.980798 0.019733 0.028699
0.0 0.693604 0.870377 0.019928 0.033155
0.0 0.520592 0.151476 0.018107 0.025793
0.0 0.359562 0.809060 0.016291 0.029943
0.0 0.772191 0.588883 0.019195 0.039241
0.0 0.499075 0.978727 0.020622 0.026178
0.0 0.603421 0.589610 0.017956 0.033739
0.0 0.568313 0.963206 0.020661 0.027070
0.0 0.289109 0.608348 0.017683 0.027499
0.0 0.564871 0.261851 0.015941 0.021920
0.0 0.377818 0.815397 0.017990 0.023119
0.0 0.436985 0.866512 0.018879 0.020599
