0.0 0.431614 0.979708 0.016410 0.036915
0.0 0.407932 0.981910 0.019788 0.036181
0.0 0.554927 0.338756 0.019565 0.033958
0.0 0.422984 0.996508 0.012438 0.006984
0.0 0.715800 0.371044 0.021910 0.039231
0.0 0.376935 0.319041 0.018579 0.033711
0.0 0.290680 0.664196 0.021835 0.038275
0.0 0.575456 0.915888 0.019686 0.029301
0.0 0.698632 0.702786 0.016876 0.030472
0.0 0.300999 0.373639 0.015499 0.037624
0.0 0.603778 0.142817 0.015202 0.033801
0.0 0.331117 0.340754 0.016187 0.034048
0.0 0.384618 0.353172 0.020403 0.032293
0.0 0.519916 0.835278 0.018551 0.027142
0.0 0.446673 0.701606 0.018160 0.034543
0.0 0.372290 0.844010 0.015202 0.033801
0.0 0.516467 0.871712 0.017984 0.026063
0.0 0.643009 0.976435 0.021045 0.034328
0.0 0.459701 0.174536 0.019267 0.030134
0.0 0.736768 0.708334 0.017248 0.035252
0.0 0.733637 0.335390 0.023584 0.035902
0.0 0.532362 0.988156 0.020328 0.023688
0.0 0.403266 0.883512 0.016755 0.035128
0.0 0.722944 0.873082 0.018458 0.038366
0.0 0.395131 0.197539 0.019267 0.030134
0.0 0.343109 0.359188 0.016876 0.030472
0.0 0.297085 0.678671 0.018011 0.032631
0.0 0.698150 0.383264 0.013424 0.029607
