0.0 0.626316 0.786785 0.019312 0.024993
0.0 0.385093 0.922396 0.019087 0.031925
0.0 0.668659 0.387049 0.020463 0.036641
0.0 0.484093 0.965245 0.018909 0.030132
0.0 0.322208 0.671064 0.017863 0.033361
0.0 0.494285 0.942451 0.015577 0.024045
0.0 0.573116 0.892596 0.016422 0.023386
0.0 0.678589 0.351921 0.021132 0.034191
0.0 0.582550 0.428647 0.018040 0.035153
0.0 0.653388 0.276109 0.019578 0.027681
0.0 0.247627 0.604108 0.020399 0.031384
0.0 0.401636 0.968717 0.023176 0.036456
0.0 0.583539 0.586381 0.019795 0.039093
0.0 0.247616 0.446584 0.021888 0.032635
0.0 0.476997 0.990400 0.018837 0.019200
0.0 0.546935 0.666396 0.017396 0.033243
0.0 0.370498 0.949062 0.021534 0.029051
0.0 0.448033 0.988460 0.019062 0.023081
0.0 0.696648 0.517725 0.017018 0.034020
0.0 0.339333 0.783829 0.019352 0.034612
0.0 0.475606 0.194006 0.021421 0.032517
0.0 0.632837 0.850346 0.020262 0.039211
0.0 0.692438 0.404896 0.019352 0.034612
0.0 0.420949 0.851757 0.021244 0.030725
0.0 0.622420 0.747360 0.014015 0.035879
0.0 0.522227 0.292857 0.020045 0.027799
0.0 0.298680 0.791390 0.017952 0.034257
0.0 0.688243 0.573131 0.014088 0.022793
0.0 0.629689 0.801544 0.014643 0.023808
0.0 0.464597 0.886608 0.016801 0.022608
