0.0 0.573394 0.911869 0.024634 0.031539
0.0 0.316516 0.590619 0.016538 0.030318
0.0 0.555868 0.297982 0.018618 0.025350
0.0 0.454095 0.254107 0.021985 0.023818
0.0 0.565759 0.891942 0.018975 0.029587
0.0 0.710987 0.273290 0.015395 0.022667
0.0 0.538531 0.297601 0.016182 0.026081
0.0 0.272455 0.572827 0.017258 0.021065
0.0 0.552886 0.961117 0.022269 0.033117
0.0 0.650252 0.889917 0.024063 0.024759
0.0 0.767383 0.449496 0.020479 0.029657
0.0 0.578457 0.950394 0.020263 0.033024
0.0 0.490245 0.401718 0.020838 0.027986
0.0 0.377203 0.856369 0.019837 0.022029
0.0 0.286116 0.736410 0.020265 0.027115
0.0 0.354198 0.367309 0.019264 0.021158
0.0 0.608765 0.512741 0.018257 0.032931
0.0 0.591295 0.197097 0.019045 0.036345
0.0 0.464723 0.337138 0.019979 0.023724
0.0 0.533224 0.967435 0.022198 0.032270
0.0 0.523709 0.775541 0.020338 0.022052
0.0 0.309477 0.527750 0.022986 0.029773
0.0 0.465083 0.802170 0.019549 0.024549
0.0 0.667798 0.869886 0.021770 0.027185
0.0 0.307810 0.697001 0.019977 0.029634
0.0 0.484925 0.225760 0.022344 0.022146
0.0 0.419662 0.674976 0.016610 0.031165
0.0 0.621875 0.285311 0.015395 0.022667
