0.0 0.391654 0.944162 0.019452 0.030022
0.0 0.460066 0.382594 0.014532 0.033935
0.0 0.634070 0.947203 0.018392 0.028887
0.0 0.466578 0.365059 0.021836 0.039004
0.0 0.442718 0.706080 0.016935 0.030540
0.0 0.540770 0.198280 0.020550 0.032116
0.0 0.437303 0.888498 0.017371 0.028711
0.0 0.378860 0.299595 0.019888 0.028193
0.0 0.361047 0.369761 0.017882 0.028799
0.0 0.621747 0.992021 0.019528 0.015959
0.0 0.621336 0.127900 0.016500 0.032370
0.0 0.600981 0.949537 0.015951 0.031323
0.0 0.312082 0.497916 0.020379 0.040657
0.0 0.748599 0.381052 0.025697 0.033957
0.0 0.529993 0.998130 0.017200 0.003741
0.0 0.287678 0.387736 0.016822 0.027663
0.0 0.546668 0.968083 0.018828 0.027057
0.0 0.747636 0.767836 0.019017 0.031852
0.0 0.335864 0.703288 0.020814 0.038828
0.0 0.537718 0.277482 0.015629 0.036028
0.0 0.349012 0.899878 0.018979 0.030893
0.0 0.587750 0.993972 0.020152 0.012055
0.0 0.769846 0.450268 0.022025 0.043798
0.0 0.728924 0.586687 0.018959 0.043269
0.0 0.463216 0.926017 0.019017 0.031852
0.0 0.736791 0.655798 0.015591 0.035069
0.0 0.396169 0.660540 0.015081 0.034981
0.0 0.708738 0.890391 0.016404 0.042828
0.0 0.318435 0.306648 0.019926 0.029152
