0.0 0.343751 0.400665 0.015947 0.027477
0.0 0.418870 0.273880 0.016775 0.026061
0.0 0.411767 0.806076 0.018220 0.026420
0.0 0.634470 0.868547 0.017535 0.023817
0.0 0.290197 0.496750 0.017320 0.032682
0.0 0.450244 0.281708 0.020216 0.027727
0.0 0.324863 0.556549 0.017529 0.029492
0.0 0.350157 0.789293 0.015120 0.028893
0.0 0.578243 0.675165 0.015665 0.035514
0.0 0.349468 0.553812 0.017456 0.034338
0.0 0.361282 0.736273 0.015533 0.028185
0.0 0.703966 0.837759 0.019933 0.035764
0.0 0.490554 0.933037 0.018016 0.023937
0.0 0.380773 0.441296 0.018765 0.033041
0.0 0.650868 0.646555 0.018142 0.036941
0.0 0.481939 0.908994 0.017943 0.028784
0.0 0.702111 0.597077 0.023646 0.040741
0.0 0.328089 0.368661 0.016634 0.030080
0.0 0.572244 0.847272 0.018566 0.024884
0.0 0.331748 0.750793 0.018838 0.028195
0.0 0.458677 0.198949 0.022064 0.038726
0.0 0.391809 0.530618 0.017456 0.034338
0.0 0.377289 0.372057 0.015947 0.027477
0.0 0.431549 0.413050 0.021451 0.031277
0.0 0.670436 0.896349 0.018220 0.026420
0.0 0.286064 0.542120 0.018216 0.032094
0.0 0.740167 0.476970 0.017519 0.040840
0.0 0.482375 0.209106 0.018284 0.032922
0.0 0.581821 0.912885 0.020216 0.027727
