0 0.516406 0.202315 0.017188 0.034259
0 0.572396 0.809722 0.018750 0.025000
0 0.717708 0.431481 0.015625 0.035185
0 0.385937 0.821296 0.017708 0.022222
0 0.551302 0.609722 0.019271 0.025000
0 0.474219 0.902778 0.024479 0.031481
0 0.386458 0.307870 0.015625 0.023148
0 0.355729 0.098148 0.019792 0.024074
0 0.427604 0.808333 0.018750 0.024074
0 0.454167 0.067593 0.027083 0.037037
0 0.571094 0.786111 0.017188 0.025926
0 0.252604 0.283333 0.012500 0.031481
0 0.359115 0.270370 0.015104 0.024074
0 0.396094 0.114815 0.018229 0.025926
0 0.709635 0.348611 0.017188 0.045370
0 0.305208 0.455556 0.020833 0.031481
0 0.432292 0.962037 0.018750 0.038889
0 0.667188 0.640741 0.015625 0.033333
0 0.295573 0.594444 0.013021 0.027778
0 0.461719 0.971296 0.018229 0.035185
0 0.353385 0.372685 0.020313 0.028704
0 0.467187 0.847222 0.016667 0.020370
0 0.311198 0.708333 0.018229 0.031481
0 0.283854 0.372222 0.013542 0.031481
0 0.541146 0.954167 0.019792 0.023148
0 0.281771 0.831944 0.015625 0.034259
0 0.215365 0.509259 0.018229 0.027778
0 0.397656 0.813426 0.014063 0.017593
0 0.423698 0.944907 0.016146 0.025000
