0 0.229167 0.398611 0.014583 0.034259
0 0.241927 0.360648 0.018229 0.030556
0 0.318229 0.257407 0.016667 0.027778
0 0.264323 0.256019 0.025521 0.030556
0 0.277344 0.282870 0.015104 0.025000
0 0.538542 0.918519 0.022917 0.035185
0 0.363281 0.919907 0.020313 0.034259
0 0.301042 0.682870 0.015625 0.026852
0 0.668490 0.517130 0.013021 0.030556
0 0.277604 0.416204 0.011458 0.032407
0 0.362240 0.849537 0.018229 0.026852
0 0.417448 0.793519 0.019271 0.024074
0 0.521615 0.793981 0.015104 0.028704
0 0.330990 0.783333 0.019271 0.022222
0 0.278125 0.688889 0.015625 0.029630
0 0.708594 0.349074 0.018229 0.042593
0 0.654167 0.604630 0.013542 0.031481
0 0.334115 0.895833 0.019271 0.032407
0 0.235677 0.680556 0.017188 0.029630
0 0.390104 0.290278 0.017708 0.028704
0 0.340104 0.473611 0.014583 0.032407
0 0.710156 0.673148 0.020313 0.025926
0 0.350521 0.383333 0.019792 0.025926
0 0.426823 0.114352 0.020313 0.025000
0 0.558333 0.817130 0.019792 0.026852
0 0.410156 0.761574 0.020313 0.026852
0 0.226302 0.372222 0.010937 0.027778
0 0.392708 0.911111 0.013542 0.022222
0 0.547135 0.922685 0.016146 0.026852
0 0.681771 0.326389 0.016667 0.021296
