0.0 0.708412 0.463131 0.015813 0.034568
0.0 0.699055 0.424992 0.018957 0.031089
0.0 0.634941 0.319229 0.017322 0.028267
0.0 0.685136 0.320507 0.025735 0.031447
0.0 0.671264 0.346399 0.015687 0.025445
0.0 0.386587 0.961646 0.023620 0.035893
0.0 0.549394 0.971633 0.021139 0.034850
0.0 0.622869 0.740475 0.016293 0.027301
0.0 0.292266 0.558643 0.014117 0.030833
0.0 0.662232 0.478134 0.012786 0.032585
0.0 0.555000 0.902151 0.018713 0.027429
0.0 0.507380 0.844085 0.019499 0.024735
0.0 0.410530 0.839421 0.015931 0.029105
0.0 0.588410 0.838271 0.019377 0.022905
0.0 0.643772 0.747549 0.016476 0.030046
0.0 0.266069 0.390615 0.019751 0.042982
0.0 0.299810 0.645807 0.014662 0.031772
0.0 0.578090 0.949279 0.020048 0.032969
0.0 0.683775 0.741402 0.017929 0.030122
0.0 0.565969 0.348175 0.018351 0.029233
0.0 0.600357 0.531785 0.015691 0.032738
0.0 0.243254 0.710757 0.020589 0.026616
0.0 0.596626 0.442069 0.020105 0.026591
0.0 0.543438 0.172537 0.020528 0.025701
0.0 0.374876 0.860490 0.020166 0.027506
0.0 0.516263 0.812879 0.020650 0.027531
0.0 0.712815 0.437197 0.011997 0.027985
0.0 0.522623 0.961495 0.014052 0.022623
0.0 0.378326 0.965340 0.016777 0.027326
0.0 0.292496 0.369519 0.016895 0.021862
