0.0 0.296875 0.620833 0.015625 0.037963
0.0 0.636719 0.926389 0.017188 0.023148
0.0 0.607552 0.278704 0.017188 0.024074
0.0 0.662500 0.120833 0.020833 0.026852
0.0 0.558073 0.253704 0.018229 0.029630
0.0 0.648438 0.578704 0.013542 0.029630
0.0 0.705729 0.744444 0.016667 0.027778
0.0 0.596615 0.783796 0.015104 0.021296
0.0 0.460677 0.912037 0.019271 0.025926
0.0 0.778906 0.604167 0.017188 0.025000
0.0 0.548177 0.883333 0.017188 0.024074
0.0 0.771875 0.373148 0.012500 0.033333
0.0 0.284375 0.646759 0.016667 0.045370
0.0 0.493229 0.959722 0.020833 0.028704
0.0 0.534375 0.162963 0.021875 0.029630
0.0 0.709375 0.211111 0.023958 0.037037
0.0 0.364844 0.850463 0.017188 0.034259
0.0 0.561719 0.772685 0.018229 0.023148
0.0 0.658333 0.888889 0.016667 0.031481
0.0 0.732552 0.721759 0.016146 0.030556
0.0 0.340104 0.663426 0.020833 0.032407
0.0 0.729687 0.787963 0.017708 0.027778
0.0 0.266927 0.516667 0.018229 0.040741
0.0 0.732552 0.548148 0.015104 0.031481
0.0 0.641927 0.648611 0.014063 0.032407
0.0 0.771875 0.557407 0.017708 0.031481
0.0 0.578385 0.881944 0.018229 0.028704
0.0 0.698177 0.686111 0.015104 0.024074
0.0 0.681250 0.698148 0.016667 0.024074
0.0 0.636198 0.903241 0.017188 0.023148
