0.0 0.337500 0.789815 0.016667 0.025926
0.0 0.741927 0.352778 0.010937 0.025926
0.0 0.298698 0.414815 0.017188 0.040741
0.0 0.705990 0.504630 0.013021 0.029630
0.0 0.769010 0.357870 0.018229 0.023148
0.0 0.781510 0.453241 0.019271 0.025000
0.0 0.471875 0.836574 0.017708 0.021296
0.0 0.738281 0.271759 0.025521 0.036111
0.0 0.509635 0.163426 0.020313 0.028704
0.0 0.717448 0.192593 0.024479 0.035185
0.0 0.703385 0.608333 0.011979 0.029630
0.0 0.771094 0.631481 0.018229 0.024074
0.0 0.558073 0.120833 0.017188 0.026852
0.0 0.670573 0.796759 0.017188 0.025000
0.0 0.620833 0.371759 0.013542 0.032407
0.0 0.414844 0.834722 0.018229 0.028704
0.0 0.519792 0.872222 0.018750 0.018519
0.0 0.519531 0.927315 0.017188 0.017593
0.0 0.614844 0.282407 0.019271 0.029630
0.0 0.530469 0.746296 0.016146 0.027778
0.0 0.601302 0.131481 0.019271 0.024074
0.0 0.547917 0.421759 0.020833 0.025000
0.0 0.735677 0.525463 0.014063 0.032407
0.0 0.446875 0.865741 0.019792 0.024074
0.0 0.723438 0.753704 0.014583 0.029630
0.0 0.403125 0.910185 0.017708 0.024074
0.0 0.457031 0.681481 0.019271 0.025926
0.0 0.718229 0.815741 0.019792 0.024074
0.0 0.710156 0.198611 0.018229 0.025000
0.0 0.477865 0.912963 0.015104 0.022222
