0.0 0.253812 0.762894 0.019713 0.029281
0.0 0.711496 0.494137 0.013895 0.027401
0.0 0.254761 0.405719 0.021836 0.043060
0.0 0.658667 0.621827 0.016410 0.031487
0.0 0.738449 0.507699 0.021001 0.027242
0.0 0.740880 0.599400 0.022258 0.029285
0.0 0.385228 0.849925 0.020272 0.025370
0.0 0.716512 0.418523 0.029800 0.041541
0.0 0.495998 0.244010 0.023715 0.033029
0.0 0.703875 0.338973 0.028642 0.040349
0.0 0.644864 0.716226 0.015352 0.031145
0.0 0.711126 0.759700 0.021100 0.028092
0.0 0.549765 0.220777 0.020342 0.030303
0.0 0.591272 0.878536 0.020143 0.028602
0.0 0.586494 0.471847 0.017238 0.034209
0.0 0.327517 0.829515 0.021598 0.032345
0.0 0.430047 0.898387 0.021032 0.023161
0.0 0.423855 0.948906 0.019346 0.021798
0.0 0.590026 0.387810 0.022756 0.033538
0.0 0.454438 0.786224 0.019384 0.030811
0.0 0.592515 0.244739 0.022158 0.028434
0.0 0.507074 0.493853 0.023844 0.029797
0.0 0.686570 0.650702 0.017767 0.034380
0.0 0.356704 0.868514 0.022687 0.028605
0.0 0.649584 0.856331 0.017996 0.032000
0.0 0.307498 0.894985 0.020571 0.027922
0.0 0.386842 0.702599 0.022358 0.030135
0.0 0.637620 0.911605 0.022687 0.028605
0.0 0.695823 0.342109 0.021200 0.028943
0.0 0.383091 0.922055 0.017728 0.025366
