0 0.444531 0.131944 0.017188 0.025000
0 0.349219 0.836574 0.014063 0.021296
0 0.461458 0.366667 0.017708 0.022222
0 0.674479 0.594444 0.015625 0.031481
0 0.642448 0.641667 0.014063 0.029630
0 0.293750 0.385648 0.017708 0.021296
0 0.681771 0.342593 0.015625 0.029630
0 0.452865 0.944907 0.017188 0.023148
0 0.301563 0.725000 0.018750 0.029630
0 0.254688 0.637963 0.015625 0.027778
0 0.466927 0.167130 0.021354 0.034259
0 0.701562 0.729630 0.018750 0.027778
0 0.659896 0.808333 0.016667 0.037037
0 0.326823 0.149074 0.027604 0.035185
0 0.676042 0.463889 0.017708 0.029630
0 0.266406 0.443056 0.014063 0.030556
0 0.475521 0.930093 0.019792 0.025000
0 0.432292 0.902315 0.018750 0.025000
0 0.549219 0.785648 0.018229 0.025000
0 0.576302 0.913889 0.023438 0.040741
0 0.259896 0.712500 0.016667 0.030556
0 0.227604 0.655556 0.014583 0.029630
0 0.381510 0.416204 0.017188 0.034259
0 0.399740 0.848611 0.018229 0.025000
0 0.408594 0.419444 0.016146 0.037037
0 0.477083 0.071759 0.022917 0.032407
0 0.340625 0.584722 0.019792 0.025000
0 0.453646 0.084722 0.017708 0.019444
0 0.346094 0.851389 0.019271 0.023148
0 0.654167 0.649537 0.011458 0.026852
0 0.673438 0.566667 0.014583 0.025926
