0.0 0.282486 0.398776 0.017714 0.030662
0.0 0.735985 0.345611 0.022101 0.035213
0.0 0.294137 0.278604 0.019923 0.035808
0.0 0.326070 0.228800 0.020661 0.032105
0.0 0.687074 0.803917 0.021563 0.040861
0.0 0.310426 0.453529 0.021500 0.029375
0.0 0.480416 0.962248 0.019522 0.031917
0.0 0.433844 0.518729 0.025048 0.036655
0.0 0.310752 0.487613 0.019153 0.033769
0.0 0.242813 0.457775 0.032584 0.044595
0.0 0.273302 0.281553 0.024748 0.033737
0.0 0.347586 0.254930 0.018952 0.031823
0.0 0.695686 0.929646 0.022569 0.034334
0.0 0.486282 0.299794 0.023640 0.039292
0.0 0.744857 0.861656 0.019991 0.031038
0.0 0.270906 0.497165 0.016506 0.035244
0.0 0.637818 0.997320 0.030943 0.005361
0.0 0.351192 0.658052 0.026556 0.034992
0.0 0.437003 0.970905 0.027025 0.034113
0.0 0.356150 0.942211 0.025217 0.032858
0.0 0.676229 0.983026 0.024679 0.033948
0.0 0.798270 0.708363 0.025718 0.037722
0.0 0.482150 0.852620 0.024146 0.027899
0.0 0.241791 0.602411 0.021162 0.036969
0.0 0.318446 0.820795 0.024848 0.034710
0.0 0.438807 0.918164 0.025117 0.031885
0.0 0.424945 0.752732 0.020492 0.035902
0.0 0.500662 0.113369 0.025181 0.043372
0.0 0.351626 0.808386 0.018785 0.035620
