0.0 0.747755 0.580524 0.022089 0.034299
0.0 0.698683 0.684098 0.016845 0.036985
0.0 0.458802 0.485023 0.019344 0.026082
0.0 0.460679 0.965682 0.023190 0.035434
0.0 0.390400 0.408949 0.017886 0.026505
0.0 0.748668 0.752007 0.023548 0.033877
0.0 0.509575 0.875565 0.018678 0.024240
0.0 0.371114 0.346952 0.018708 0.030047
0.0 0.303071 0.621278 0.015713 0.030044
0.0 0.467399 0.687395 0.017481 0.033019
0.0 0.393060 0.590066 0.017993 0.033162
0.0 0.560183 0.245227 0.021018 0.038972
0.0 0.327166 0.814883 0.019220 0.030190
0.0 0.349434 0.792313 0.020041 0.033730
0.0 0.267815 0.530011 0.021220 0.035715
0.0 0.647139 0.843624 0.017528 0.028063
0.0 0.304742 0.542446 0.016380 0.031886
0.0 0.491282 0.151586 0.021547 0.028351
0.0 0.404241 0.179260 0.019017 0.033446
0.0 0.280853 0.470456 0.025596 0.034446
0.0 0.769449 0.555615 0.019869 0.042796
0.0 0.280022 0.416199 0.020476 0.033024
0.0 0.529486 0.766507 0.021577 0.034157
0.0 0.514178 0.127883 0.018755 0.025090
0.0 0.383806 0.305601 0.022167 0.035149
0.0 0.685026 0.891617 0.019684 0.035288
0.0 0.424130 0.943331 0.018583 0.034154
0.0 0.352753 0.735722 0.017791 0.036419
0.0 0.562297 0.224900 0.020136 0.023816
0.0 0.405689 0.880697 0.018988 0.027640
