0.0 0.475000 0.937500 0.019792 0.028704
0.0 0.330729 0.759722 0.015625 0.030556
0.0 0.737500 0.607407 0.012500 0.029630
0.0 0.454167 0.884722 0.021875 0.026852
0.0 0.604687 0.751389 0.017708 0.036111
0.0 0.347135 0.703241 0.018229 0.028704
0.0 0.739323 0.450000 0.020313 0.031481
0.0 0.476823 0.955093 0.018229 0.028704
0.0 0.294010 0.325000 0.016146 0.027778
0.0 0.383854 0.898148 0.016667 0.022222
0.0 0.364844 0.791667 0.016146 0.027778
0.0 0.682552 0.261111 0.014063 0.022222
0.0 0.315104 0.770370 0.016667 0.037037
0.0 0.608854 0.143519 0.019792 0.024074
0.0 0.461719 0.660185 0.019271 0.029630
0.0 0.775000 0.527315 0.023958 0.036111
0.0 0.694531 0.295370 0.013021 0.029630
0.0 0.289062 0.543519 0.019792 0.027778
0.0 0.623958 0.851852 0.017708 0.022222
0.0 0.777083 0.463426 0.019792 0.034259
0.0 0.635156 0.930093 0.022396 0.028704
0.0 0.647135 0.295833 0.014063 0.030556
0.0 0.589844 0.429167 0.021354 0.032407
0.0 0.655990 0.115741 0.019271 0.025926
0.0 0.760677 0.666667 0.015104 0.033333
0.0 0.725781 0.737963 0.014063 0.031481
0.0 0.486979 0.847685 0.019792 0.025000
0.0 0.602344 0.744444 0.015104 0.027778
0.0 0.393229 0.882407 0.018750 0.016667
0.0 0.380208 0.753704 0.014583 0.025926
