0.0 0.395687 0.983681 0.021673 0.032638
0.0 0.263689 0.767165 0.017640 0.034925
0.0 0.679734 0.720931 0.014460 0.033167
0.0 0.378446 0.925740 0.023627 0.032840
0.0 0.537565 0.831039 0.020091 0.041074
0.0 0.283848 0.714556 0.020113 0.033745
0.0 0.692120 0.562733 0.022379 0.037094
0.0 0.396325 0.992892 0.020113 0.014216
0.0 0.256240 0.319242 0.017973 0.032262
0.0 0.307396 0.920725 0.018120 0.026799
0.0 0.295579 0.808368 0.017973 0.032262
0.0 0.648163 0.357340 0.015522 0.026112
0.0 0.247385 0.773777 0.019114 0.041733
0.0 0.582531 0.219355 0.021362 0.029490
0.0 0.401055 0.701380 0.021215 0.034953
0.0 0.722523 0.650085 0.026326 0.042723
0.0 0.657814 0.395036 0.014980 0.033305
0.0 0.236634 0.538222 0.021611 0.033224
0.0 0.550047 0.937398 0.019158 0.027073
0.0 0.728890 0.586229 0.022046 0.039757
0.0 0.610497 0.382999 0.016081 0.034513
0.0 0.544389 0.502297 0.023480 0.038302
0.0 0.631422 0.203788 0.020966 0.031220
0.0 0.698878 0.786784 0.017306 0.037587
0.0 0.659278 0.849451 0.016144 0.035445
0.0 0.413668 0.897060 0.021424 0.030423
0.0 0.535694 0.823419 0.016934 0.031987
0.0 0.317806 0.907330 0.019825 0.021748
0.0 0.313456 0.774152 0.016289 0.029983
