0.0 0.689222 0.736968 0.014158 0.022395
0.0 0.298889 0.597642 0.021116 0.027029
0.0 0.267121 0.293454 0.015247 0.024185
0.0 0.686622 0.710636 0.015376 0.031185
0.0 0.575875 0.366307 0.016867 0.025995
0.0 0.621623 0.324310 0.014719 0.024165
0.0 0.374979 0.954656 0.024914 0.032419
0.0 0.303865 0.767469 0.016354 0.026850
0.0 0.502293 0.188646 0.021132 0.027905
0.0 0.705187 0.455565 0.015295 0.026810
0.0 0.699471 0.346046 0.017316 0.021639
0.0 0.339185 0.805090 0.015776 0.024205
0.0 0.727377 0.670201 0.024370 0.031524
0.0 0.421531 0.841424 0.019576 0.029595
0.0 0.638237 0.580708 0.019592 0.030469
0.0 0.478836 0.149286 0.022189 0.027944
0.0 0.220273 0.591617 0.020602 0.027885
0.0 0.614481 0.223481 0.015873 0.029455
0.0 0.284847 0.796921 0.019802 0.041845
0.0 0.446813 0.764553 0.017893 0.024284
0.0 0.722072 0.597423 0.014286 0.029395
0.0 0.683652 0.305225 0.020089 0.028740
0.0 0.712904 0.429623 0.020089 0.028740
0.0 0.611972 0.776464 0.018006 0.030409
0.0 0.505630 0.858149 0.017813 0.019909
0.0 0.593932 0.902140 0.021660 0.027924
0.0 0.694703 0.819371 0.020073 0.027865
0.0 0.579262 0.607778 0.015937 0.032955
0.0 0.682055 0.821517 0.015841 0.027705
0.0 0.388364 0.949477 0.017829 0.020784
