0.0 0.244531 0.396296 0.013021 0.025926
0.0 0.444792 0.774074 0.017708 0.020370
0.0 0.655208 0.833333 0.020833 0.033333
0.0 0.643750 0.193981 0.015625 0.026852
0.0 0.331510 0.235648 0.016146 0.023148
0.0 0.229427 0.409722 0.019271 0.030556
0.0 0.381771 0.796759 0.016667 0.025000
0.0 0.442188 0.284259 0.015625 0.027778
0.0 0.469792 0.782870 0.016667 0.019444
0.0 0.533333 0.920833 0.021875 0.023148
0.0 0.354687 0.237963 0.016667 0.025926
0.0 0.700781 0.727778 0.017188 0.022222
0.0 0.249219 0.323148 0.015104 0.033333
0.0 0.498437 0.962963 0.016667 0.038889
0.0 0.511458 0.398611 0.016667 0.028704
0.0 0.538802 0.643981 0.017188 0.026852
0.0 0.614583 0.137963 0.020833 0.027778
0.0 0.291146 0.350463 0.011458 0.028704
0.0 0.376563 0.184722 0.019792 0.026852
0.0 0.264844 0.484722 0.010937 0.028704
0.0 0.628906 0.720370 0.017188 0.031481
0.0 0.220833 0.469907 0.020833 0.034259
0.0 0.219271 0.554167 0.018750 0.023148
0.0 0.407552 0.274074 0.019271 0.024074
0.0 0.229687 0.607870 0.023958 0.034259
0.0 0.584375 0.485185 0.021875 0.025926
0.0 0.671354 0.638426 0.015625 0.034259
0.0 0.408594 0.151852 0.021354 0.025926
0.0 0.523958 0.125000 0.018750 0.020370
0.0 0.379427 0.761111 0.016146 0.038889
0.0 0.658333 0.809259 0.019792 0.022222
