0.0 0.292998 0.249458 0.021068 0.036431
0.0 0.600887 0.955976 0.024339 0.037423
0.0 0.631101 0.225137 0.020155 0.033504
0.0 0.409509 0.999380 0.023234 0.001240
0.0 0.460181 0.911838 0.024025 0.031144
0.0 0.661835 0.832698 0.018942 0.032252
0.0 0.415290 0.291360 0.020387 0.027390
0.0 0.456738 0.941926 0.024148 0.032065
0.0 0.549294 0.998089 0.023357 0.003823
0.0 0.401440 0.965378 0.025237 0.032396
0.0 0.666309 0.239654 0.022527 0.039524
0.0 0.333640 0.837992 0.022635 0.032490
0.0 0.585714 0.427379 0.023003 0.035252
0.0 0.742810 0.652752 0.022389 0.030648
0.0 0.626778 0.183114 0.024693 0.032231
0.0 0.685726 0.857670 0.022335 0.034166
0.0 0.549801 0.907424 0.022090 0.032324
0.0 0.254519 0.325431 0.023263 0.045049
0.0 0.259593 0.642612 0.024639 0.035748
0.0 0.736686 0.420030 0.025144 0.047386
0.0 0.604545 0.743466 0.019678 0.037776
0.0 0.359367 0.989930 0.024216 0.020140
0.0 0.580535 0.753422 0.020769 0.038107
0.0 0.620233 0.836358 0.020578 0.032749
0.0 0.719616 0.609791 0.026411 0.045120
0.0 0.413114 0.252382 0.020632 0.029231
0.0 0.574559 0.377054 0.020632 0.029231
