0.0 0.518750 0.163889 0.022917 0.025926
0.0 0.321094 0.335185 0.016146 0.029630
0.0 0.756771 0.394907 0.015625 0.025000
0.0 0.611458 0.880093 0.017708 0.025000
0.0 0.630469 0.791667 0.018229 0.024074
0.0 0.776302 0.449537 0.014063 0.023148
0.0 0.699479 0.611574 0.014583 0.028704
0.0 0.306771 0.355556 0.015625 0.037037
0.0 0.471615 0.832870 0.016146 0.023148
0.0 0.707292 0.842130 0.022917 0.034259
0.0 0.672396 0.529630 0.016667 0.027778
0.0 0.317708 0.464815 0.017708 0.037037
0.0 0.399479 0.112500 0.018750 0.030556
0.0 0.644271 0.737037 0.017708 0.022222
0.0 0.746354 0.505093 0.013542 0.028704
0.0 0.277865 0.612037 0.021354 0.048148
0.0 0.705729 0.192593 0.022917 0.031481
0.0 0.599479 0.329167 0.019792 0.028704
0.0 0.713281 0.703704 0.015104 0.031481
0.0 0.643490 0.870833 0.017188 0.026852
0.0 0.366146 0.831944 0.016667 0.026852
0.0 0.391406 0.805556 0.017188 0.024074
0.0 0.659115 0.142130 0.021354 0.028704
0.0 0.567188 0.947222 0.019792 0.027778
0.0 0.666406 0.908333 0.017188 0.031481
0.0 0.548177 0.357407 0.020313 0.027778
0.0 0.758854 0.347685 0.014583 0.030556
0.0 0.738542 0.383796 0.015625 0.017593
0.0 0.568750 0.937500 0.017708 0.023148
