0.0 0.563994 0.247908 0.024852 0.025346
0.0 0.740402 0.419774 0.018601 0.028011
0.0 0.309551 0.431657 0.017648 0.023824
0.0 0.404729 0.878993 0.019680 0.024023
0.0 0.394674 0.798176 0.020100 0.023245
0.0 0.285245 0.478608 0.015946 0.022021
0.0 0.344639 0.630698 0.016987 0.027035
0.0 0.752420 0.439338 0.018804 0.034579
0.0 0.545718 0.850113 0.017978 0.022219
0.0 0.314866 0.835950 0.025653 0.032791
0.0 0.378937 0.560061 0.018931 0.026406
0.0 0.731252 0.535917 0.020837 0.034777
0.0 0.685310 0.213348 0.021231 0.029086
0.0 0.386455 0.748052 0.019413 0.021541
0.0 0.309130 0.531097 0.015971 0.026936
0.0 0.755986 0.671250 0.025462 0.045052
0.0 0.378792 0.255754 0.025386 0.030309
0.0 0.469345 0.387894 0.022070 0.027531
0.0 0.322321 0.711700 0.017762 0.029565
0.0 0.374364 0.867670 0.019351 0.025628
0.0 0.648719 0.859327 0.018843 0.025578
0.0 0.626607 0.833345 0.019084 0.023146
0.0 0.429123 0.215104 0.023594 0.027679
0.0 0.441477 0.943185 0.021981 0.026703
0.0 0.348401 0.898993 0.019796 0.029764
0.0 0.516690 0.418010 0.022489 0.026753
0.0 0.312055 0.389267 0.017165 0.028689
0.0 0.328405 0.423465 0.016936 0.017206
0.0 0.440887 0.934350 0.019502 0.022368
