0 0.538542 0.841204 0.019792 0.030556
0 0.528385 0.542593 0.017188 0.024074
0 0.699219 0.403241 0.011979 0.030556
0 0.553906 0.945370 0.019271 0.029630
0 0.406771 0.931944 0.021875 0.034259
0 0.272917 0.235185 0.018750 0.037037
0 0.302865 0.323611 0.009896 0.019444
0 0.375781 0.938426 0.019271 0.025000
0 0.715365 0.380556 0.017188 0.046296
0 0.407813 0.131481 0.021875 0.025926
0 0.371875 0.307407 0.016667 0.029630
0 0.344792 0.802778 0.017708 0.027778
0 0.283594 0.614352 0.019271 0.036111
0 0.610417 0.710185 0.017708 0.024074
0 0.727083 0.515741 0.020833 0.031481
0 0.329948 0.416204 0.022396 0.034259
0 0.596875 0.151389 0.014583 0.023148
0 0.481510 0.856481 0.020313 0.024074
0 0.429688 0.156019 0.020833 0.026852
0 0.273438 0.510648 0.016667 0.025000
0 0.585677 0.845833 0.016146 0.026852
0 0.396094 0.798148 0.019271 0.025926
0 0.365625 0.087963 0.019792 0.024074
0 0.538542 0.706944 0.021875 0.030556
0 0.340885 0.904630 0.016146 0.033333
0 0.246875 0.304630 0.019792 0.033333
0 0.290104 0.236111 0.017708 0.031481
0 0.522917 0.860648 0.016667 0.021296
0 0.538281 0.930093 0.015104 0.021296
0 0.552344 0.917593 0.015104 0.022222
