0 0.317448 0.631944 0.011979 0.025000
0 0.298438 0.310185 0.016667 0.025926
0 0.221354 0.586574 0.009375 0.028704
0 0.482031 0.360648 0.019271 0.026852
0 0.694792 0.425463 0.017708 0.036111
0 0.242708 0.337963 0.025000 0.035185
0 0.245052 0.690741 0.018229 0.025926
0 0.328906 0.498148 0.016146 0.035185
0 0.342708 0.134722 0.015625 0.030556
0 0.215365 0.483333 0.017188 0.029630
0 0.302083 0.778241 0.018750 0.034259
0 0.270313 0.441667 0.010417 0.025926
0 0.419271 0.879167 0.016667 0.023148
0 0.706250 0.379167 0.023958 0.034259
0 0.484375 0.148148 0.019792 0.025926
0 0.320312 0.723148 0.017708 0.037037
0 0.372656 0.272222 0.017188 0.029630
0 0.217708 0.423148 0.017708 0.031481
0 0.528125 0.950463 0.021875 0.025000
0 0.459635 0.878704 0.018229 0.016667
0 0.384896 0.937963 0.018750 0.025926
0 0.450260 0.091204 0.020313 0.028704
0 0.633594 0.792130 0.021354 0.030556
0 0.362500 0.799074 0.017708 0.020370
0 0.232292 0.509259 0.013542 0.027778
0 0.229948 0.593056 0.013021 0.036111
0 0.261979 0.729167 0.018750 0.030556
0 0.323698 0.696759 0.018229 0.021296
0 0.461458 0.890278 0.017708 0.021296
