0.0 0.369568 0.635819 0.013430 0.028222
0.0 0.383421 0.307314 0.017824 0.030357
0.0 0.285762 0.565504 0.011400 0.031278
0.0 0.547062 0.405225 0.020305 0.031957
0.0 0.736084 0.525064 0.019771 0.040869
0.0 0.329555 0.320938 0.026375 0.041810
0.0 0.297383 0.676362 0.019258 0.030758
0.0 0.393105 0.504191 0.018246 0.039536
0.0 0.441136 0.142205 0.017318 0.034746
0.0 0.290308 0.460127 0.018663 0.034216
0.0 0.341228 0.779017 0.020547 0.039273
0.0 0.344808 0.432333 0.012086 0.028752
0.0 0.438994 0.910628 0.017554 0.027563
0.0 0.751107 0.481443 0.025328 0.040611
0.0 0.569889 0.192096 0.020693 0.031160
0.0 0.363323 0.728287 0.019861 0.041800
0.0 0.455252 0.288194 0.018663 0.034216
0.0 0.298315 0.400195 0.019320 0.036212
0.0 0.531992 0.997457 0.022515 0.005085
0.0 0.476096 0.920530 0.018357 0.021446
0.0 0.401715 0.960935 0.019736 0.030892
0.0 0.544110 0.126060 0.021441 0.034088
0.0 0.644225 0.878136 0.022577 0.036218
0.0 0.394667 0.815489 0.018239 0.025036
0.0 0.303326 0.490551 0.015135 0.031417
0.0 0.293021 0.574231 0.015468 0.039665
0.0 0.309184 0.719358 0.020187 0.035549
0.0 0.368999 0.702615 0.018807 0.026102
0.0 0.476643 0.932639 0.018329 0.025968
