0.0 0.580234 0.264786 0.015402 0.028958
0.0 0.391668 0.988170 0.021235 0.023659
0.0 0.644909 0.686108 0.019087 0.030782
0.0 0.468590 0.193039 0.017607 0.033230
0.0 0.542170 0.932431 0.019581 0.029966
0.0 0.387293 0.970260 0.018158 0.034298
0.0 0.265230 0.686124 0.020971 0.041521
0.0 0.563490 0.915429 0.020133 0.031034
0.0 0.650871 0.864467 0.020161 0.031976
0.0 0.377268 0.926188 0.021584 0.027645
0.0 0.456939 0.233801 0.020219 0.033860
0.0 0.425422 0.675951 0.016677 0.036745
0.0 0.687369 0.542561 0.015225 0.040135
0.0 0.429404 0.962001 0.021929 0.038947
0.0 0.715751 0.627749 0.017199 0.036871
0.0 0.554954 0.100099 0.014007 0.034232
0.0 0.684128 0.470759 0.011831 0.030902
0.0 0.552962 0.854873 0.019524 0.028083
0.0 0.294450 0.911057 0.017170 0.035929
0.0 0.717263 0.487436 0.018388 0.041833
0.0 0.660275 0.206105 0.021350 0.036937
0.0 0.585977 0.185599 0.019518 0.044911
0.0 0.676922 0.804102 0.017199 0.036871
0.0 0.603897 0.618198 0.016883 0.026511
0.0 0.468998 0.998596 0.016820 0.002809
0.0 0.606981 0.684819 0.016998 0.030278
0.0 0.558038 0.988702 0.018216 0.022596
0.0 0.496632 0.163503 0.014415 0.030590
0.0 0.561195 0.969590 0.016390 0.027327
