0.0 0.344017 0.824262 0.014761 0.027893
0.0 0.705834 0.546997 0.016386 0.035429
0.0 0.572779 0.938906 0.015896 0.030039
0.0 0.560916 0.951974 0.022620 0.031581
0.0 0.378116 0.859812 0.020353 0.032506
0.0 0.422473 0.842514 0.018813 0.031084
0.0 0.737003 0.751984 0.018650 0.029287
0.0 0.507494 0.924744 0.019381 0.032157
0.0 0.680341 0.788539 0.017273 0.029663
0.0 0.448381 0.988489 0.020190 0.023023
0.0 0.380016 0.286712 0.017114 0.033083
0.0 0.341708 0.323644 0.017923 0.031635
0.0 0.328833 0.527262 0.017199 0.039197
0.0 0.512885 0.298903 0.023352 0.034451
0.0 0.381060 0.209799 0.019785 0.031433
0.0 0.418947 0.463867 0.017926 0.036851
0.0 0.724193 0.804357 0.020676 0.030883
0.0 0.401829 0.938516 0.022461 0.035001
0.0 0.608555 0.180633 0.015166 0.027169
0.0 0.361202 0.770321 0.018086 0.033432
0.0 0.626772 0.972425 0.023515 0.036248
0.0 0.311648 0.708305 0.016791 0.034706
0.0 0.297954 0.521636 0.018331 0.036126
0.0 0.355361 0.885600 0.017926 0.036851
0.0 0.574527 0.996884 0.021407 0.006233
0.0 0.290801 0.614193 0.022219 0.037521
0.0 0.516056 0.880854 0.020353 0.032506
0.0 0.671604 0.623287 0.021084 0.035376
0.0 0.402802 0.371779 0.018331 0.036126
0.0 0.517057 0.925026 0.013704 0.021430
