0 0.682813 0.707407 0.014583 0.022222
0 0.277083 0.709722 0.016667 0.023148
0 0.285156 0.501389 0.010937 0.034259
0 0.479687 0.839815 0.019792 0.024074
0 0.290625 0.387963 0.016667 0.027778
0 0.664323 0.740741 0.014063 0.024074
0 0.276562 0.364352 0.015625 0.028704
0 0.668750 0.347685 0.013542 0.030556
0 0.219531 0.546759 0.014063 0.030556
0 0.639583 0.781481 0.016667 0.022222
0 0.250521 0.515741 0.022917 0.031481
0 0.229427 0.513426 0.015104 0.032407
0 0.679167 0.774074 0.020833 0.025926
0 0.304688 0.556481 0.012500 0.031481
0 0.688281 0.737963 0.019271 0.025926
0 0.368229 0.092130 0.020833 0.025000
0 0.719271 0.612037 0.016667 0.038889
0 0.261719 0.328241 0.024479 0.028704
0 0.707552 0.337037 0.016146 0.037037
0 0.470833 0.965741 0.020833 0.029630
0 0.260937 0.740278 0.020833 0.025000
0 0.396615 0.804167 0.014063 0.028704
0 0.338281 0.706019 0.019271 0.028704
0 0.290104 0.195370 0.018750 0.025926
0 0.551823 0.914352 0.022396 0.026852
0 0.380990 0.917593 0.017188 0.025926
0 0.338802 0.164815 0.016146 0.022222
0 0.293229 0.525463 0.011458 0.026852
0 0.487500 0.856481 0.017708 0.024074
