0.0 0.296929 0.790499 0.016572 0.024466
0.0 0.688697 0.687079 0.018687 0.025869
0.0 0.657469 0.495389 0.014408 0.034714
0.0 0.507831 0.860811 0.021807 0.027544
0.0 0.639431 0.391303 0.019208 0.030176
0.0 0.318521 0.816695 0.016278 0.026053
0.0 0.650345 0.365680 0.018307 0.030766
0.0 0.270029 0.452226 0.016505 0.031947
0.0 0.725898 0.520516 0.017008 0.032082
0.0 0.346978 0.848154 0.018583 0.025008
0.0 0.692505 0.499727 0.025655 0.035247
0.0 0.712599 0.492084 0.018220 0.034075
0.0 0.307948 0.851564 0.023020 0.029537
0.0 0.644820 0.551717 0.015604 0.032536
0.0 0.295091 0.820345 0.021512 0.029131
0.0 0.531265 0.136311 0.022915 0.028676
0.0 0.251020 0.711272 0.020458 0.040511
0.0 0.660605 0.328228 0.026850 0.033070
0.0 0.231389 0.452418 0.019747 0.038653
0.0 0.530542 0.975643 0.023436 0.032983
0.0 0.707715 0.711301 0.022915 0.028676
0.0 0.583981 0.806035 0.016799 0.030360
0.0 0.629228 0.699559 0.021825 0.031715
0.0 0.618266 0.212017 0.021010 0.028995
0.0 0.446610 0.948915 0.024632 0.030805
0.0 0.611819 0.907478 0.019502 0.028589
0.0 0.567838 0.196266 0.018080 0.024872
0.0 0.652388 0.519883 0.014077 0.027959
0.0 0.502167 0.878346 0.019796 0.027001
