0.0 0.729012 0.837993 0.016399 0.029115
0.0 0.306432 0.699310 0.018619 0.030842
0.0 0.326225 0.476740 0.013260 0.040868
0.0 0.510277 0.910550 0.021924 0.032931
0.0 0.338118 0.355937 0.018872 0.035851
0.0 0.707938 0.867620 0.015958 0.030937
0.0 0.324766 0.325501 0.017838 0.036490
0.0 0.734030 0.443945 0.015770 0.037769
0.0 0.255415 0.502986 0.016313 0.037950
0.0 0.679952 0.903084 0.018569 0.029840
0.0 0.289378 0.480214 0.025582 0.042032
0.0 0.267541 0.470369 0.017498 0.040314
0.0 0.721572 0.908846 0.023109 0.035297
0.0 0.343551 0.543137 0.014736 0.038407
0.0 0.733036 0.872952 0.021482 0.034753
0.0 0.435090 0.062904 0.023058 0.034295
0.0 0.772185 0.747507 0.019480 0.047871
0.0 0.311285 0.281270 0.027057 0.039571
0.0 0.775014 0.445928 0.018836 0.045686
0.0 0.287951 0.726747 0.023058 0.034295
0.0 0.425729 0.843077 0.016211 0.035946
0.0 0.370355 0.716600 0.021634 0.037759
0.0 0.348102 0.147405 0.020940 0.034572
0.0 0.581312 0.998933 0.024787 0.002134
0.0 0.403261 0.960347 0.019313 0.034028
0.0 0.400478 0.131296 0.018026 0.029659
0.0 0.333315 0.505593 0.013398 0.033036
0.0 0.517501 0.931298 0.019754 0.032206
