0.0 0.374104 0.367482 0.022652 0.043169
0.0 0.414448 0.911809 0.022346 0.027052
0.0 0.406149 0.288443 0.016329 0.027370
0.0 0.490289 0.972040 0.017262 0.032650
0.0 0.576228 0.940344 0.019477 0.028932
0.0 0.368432 0.905706 0.020153 0.024863
0.0 0.749906 0.739304 0.022346 0.027052
0.0 0.314360 0.372715 0.017122 0.030929
0.0 0.340040 0.265930 0.020083 0.024002
0.0 0.331327 0.774097 0.023350 0.033193
0.0 0.362894 0.595023 0.018101 0.024395
0.0 0.364885 0.220750 0.016447 0.034998
0.0 0.453827 0.835756 0.016562 0.024044
0.0 0.511105 0.966703 0.020737 0.025840
0.0 0.419154 0.857220 0.018685 0.025373
0.0 0.339429 0.706696 0.020271 0.032492
0.0 0.455778 0.510124 0.019876 0.040003
0.0 0.301654 0.333005 0.022486 0.028773
0.0 0.702769 0.746971 0.021881 0.033702
0.0 0.567290 0.979505 0.021670 0.031121
0.0 0.765217 0.461420 0.020668 0.043562
0.0 0.280681 0.664383 0.016307 0.033277
0.0 0.552491 0.291547 0.016307 0.033277
0.0 0.502598 0.426125 0.023793 0.032449
0.0 0.543893 0.422824 0.020411 0.034212
0.0 0.685735 0.814967 0.017495 0.029325
0.0 0.532007 0.934650 0.019710 0.025606
0.0 0.487307 0.938052 0.018755 0.026233
0.0 0.655497 0.807638 0.016214 0.038324
0.0 0.757195 0.441184 0.012737 0.026551
