0.0 0.372414 0.376682 0.019925 0.046397
0.0 0.438743 0.991771 0.020477 0.016459
0.0 0.399046 0.278474 0.014561 0.028980
0.0 0.594980 0.990235 0.017566 0.019530
0.0 0.394407 0.993697 0.018444 0.012607
0.0 0.750903 0.726024 0.020477 0.027264
0.0 0.315521 0.395512 0.015151 0.033044
0.0 0.334650 0.266597 0.018421 0.024134
0.0 0.352202 0.855792 0.021137 0.034358
0.0 0.373281 0.642068 0.016457 0.025042
0.0 0.356119 0.209065 0.014274 0.038041
0.0 0.472545 0.900848 0.014966 0.024966
0.0 0.440465 0.933074 0.016977 0.026077
0.0 0.356520 0.776157 0.018156 0.034206
0.0 0.457822 0.524071 0.017371 0.043241
0.0 0.301341 0.352335 0.020524 0.029284
0.0 0.706195 0.744970 0.019670 0.035290
0.0 0.751395 0.401575 0.017960 0.047306
0.0 0.298158 0.739823 0.014228 0.036021
0.0 0.539216 0.250752 0.014228 0.036021
0.0 0.498337 0.416969 0.021611 0.033373
0.0 0.537678 0.404319 0.018202 0.036224
0.0 0.693362 0.827203 0.015602 0.031050
0.0 0.552381 0.992679 0.017970 0.014643
0.0 0.509788 0.999187 0.017000 0.001627
0.0 0.664059 0.825203 0.013870 0.042054
0.0 0.742689 0.379903 0.011083 0.028802
