0.0 0.461115 0.158994 0.021562 0.032034
0.0 0.281145 0.498673 0.018891 0.031962
0.0 0.420511 0.831840 0.013316 0.027754
0.0 0.397019 0.842138 0.022039 0.031032
0.0 0.285982 0.437984 0.019946 0.041123
0.0 0.450189 0.992008 0.018428 0.015984
0.0 0.733058 0.372580 0.015570 0.029844
0.0 0.695172 0.769016 0.019785 0.028942
0.0 0.540571 0.727353 0.021157 0.024919
0.0 0.288620 0.705090 0.018054 0.035998
0.0 0.260929 0.500741 0.020854 0.028970
0.0 0.355806 0.874794 0.022920 0.037143
0.0 0.631154 0.996676 0.025057 0.006648
0.0 0.786194 0.549275 0.021072 0.042168
0.0 0.391882 0.437185 0.021273 0.026952
0.0 0.424300 0.940645 0.020262 0.027940
0.0 0.782895 0.613485 0.024740 0.050383
0.0 0.384392 0.117790 0.029446 0.039347
0.0 0.331772 0.401134 0.022270 0.035096
0.0 0.713597 0.956309 0.020146 0.025907
0.0 0.457640 0.079187 0.024104 0.039204
0.0 0.333549 0.892692 0.023222 0.033093
0.0 0.362127 0.609992 0.021388 0.028985
0.0 0.473171 0.398875 0.023583 0.030058
0.0 0.315286 0.308954 0.015743 0.032893
0.0 0.271452 0.530485 0.012293 0.037873
0.0 0.378894 0.631935 0.016882 0.024805
0.0 0.588453 0.130647 0.012724 0.026723
