0 0.632812 0.682407 0.020833 0.029630
0 0.371354 0.678241 0.015625 0.026852
0 0.635156 0.837500 0.014063 0.025000
0 0.241667 0.638889 0.011458 0.024074
0 0.291667 0.475463 0.015625 0.037963
0 0.338281 0.763889 0.020313 0.033333
0 0.228125 0.522685 0.013542 0.030556
0 0.341667 0.137500 0.015625 0.032407
0 0.641667 0.605093 0.017708 0.032407
0 0.337500 0.631481 0.019792 0.027778
0 0.703906 0.714352 0.018229 0.034259
0 0.317448 0.864352 0.021354 0.026852
0 0.212240 0.517130 0.015104 0.030556
0 0.332031 0.471759 0.017188 0.023148
0 0.270833 0.237963 0.017708 0.040741
0 0.298177 0.650463 0.017188 0.028704
0 0.707812 0.427315 0.015625 0.036111
0 0.365365 0.425926 0.015104 0.033333
0 0.501823 0.849537 0.018229 0.021296
0 0.680990 0.597685 0.020313 0.025000
0 0.266406 0.619444 0.014063 0.027778
0 0.320312 0.147222 0.014583 0.029630
0 0.414583 0.794907 0.018750 0.023148
0 0.615885 0.894907 0.018229 0.041667
0 0.297135 0.805556 0.018229 0.024074
0 0.531510 0.957870 0.018229 0.021296
0 0.365365 0.260185 0.020313 0.031481
0 0.345573 0.858333 0.014063 0.025926
0 0.364323 0.856019 0.017188 0.026852
0 0.678906 0.750000 0.013021 0.031481
