0.0 0.355783 0.630246 0.015497 0.027951
0.0 0.747039 0.507994 0.014984 0.033991
0.0 0.293930 0.552775 0.015692 0.030588
0.0 0.288053 0.582275 0.015144 0.029652
0.0 0.311898 0.495268 0.017918 0.028232
0.0 0.407721 0.771822 0.015562 0.028830
0.0 0.443229 0.809802 0.015817 0.019273
0.0 0.723383 0.369330 0.017598 0.036910
0.0 0.700631 0.659692 0.019564 0.031039
0.0 0.308774 0.684484 0.018885 0.028345
0.0 0.660468 0.942327 0.019499 0.030160
0.0 0.377016 0.848545 0.018626 0.024828
0.0 0.348588 0.459963 0.017434 0.028176
0.0 0.362068 0.523562 0.016790 0.032458
0.0 0.460481 0.391964 0.020822 0.028570
0.0 0.312392 0.736818 0.016660 0.030701
0.0 0.504673 0.990972 0.017179 0.018056
0.0 0.301597 0.388742 0.022113 0.033078
0.0 0.429321 0.763544 0.021081 0.032086
0.0 0.403061 0.563120 0.015692 0.030588
0.0 0.385686 0.777492 0.017434 0.028176
0.0 0.336940 0.718887 0.015821 0.032345
0.0 0.638354 0.913871 0.020208 0.026756
0.0 0.765295 0.619800 0.018437 0.035265
0.0 0.471707 0.986182 0.018048 0.027636
0.0 0.473858 0.870960 0.021081 0.032086
0.0 0.467606 0.204055 0.020562 0.025054
0.0 0.322563 0.368568 0.022693 0.027917
0.0 0.515408 0.974291 0.015367 0.026192
