0.0 0.713542 0.560185 0.014583 0.027778
0.0 0.286458 0.480093 0.013542 0.034259
0.0 0.773438 0.471759 0.014583 0.030556
0.0 0.782031 0.501852 0.014063 0.029630
0.0 0.749740 0.413889 0.017188 0.027778
0.0 0.669271 0.714352 0.014583 0.028704
0.0 0.634375 0.758333 0.015625 0.018519
0.0 0.300781 0.332407 0.016146 0.037037
0.0 0.347917 0.632870 0.018750 0.030556
0.0 0.767969 0.611111 0.018229 0.027778
0.0 0.413021 0.923148 0.018750 0.029630
0.0 0.708073 0.790741 0.018229 0.024074
0.0 0.707813 0.381481 0.016667 0.027778
0.0 0.698437 0.449537 0.015625 0.032407
0.0 0.583073 0.324074 0.020313 0.027778
0.0 0.768229 0.666204 0.015625 0.030556
0.0 0.583854 0.965278 0.015625 0.037963
0.0 0.752344 0.301389 0.021354 0.032407
0.0 0.645573 0.708333 0.020313 0.031481
0.0 0.657813 0.495833 0.014583 0.030556
0.0 0.693229 0.717593 0.016667 0.027778
0.0 0.740625 0.650463 0.014583 0.032407
0.0 0.434375 0.890741 0.019792 0.025926
0.0 0.275781 0.599074 0.017188 0.035185
0.0 0.617969 0.947222 0.017188 0.029630
0.0 0.606510 0.825926 0.020313 0.031481
0.0 0.560677 0.128704 0.020313 0.024074
0.0 0.728385 0.282870 0.022396 0.026852
0.0 0.570312 0.938889 0.014583 0.025926
