0.0 0.464377 0.909558 0.020011 0.030775
0.0 0.679139 0.697954 0.014260 0.032387
0.0 0.589919 0.977516 0.016954 0.033340
0.0 0.710316 0.750929 0.016998 0.034267
0.0 0.458338 0.881026 0.023960 0.035817
0.0 0.254372 0.308307 0.021257 0.045799
0.0 0.700341 0.885516 0.018660 0.035766
0.0 0.253802 0.412279 0.019781 0.037074
0.0 0.695379 0.362891 0.021663 0.043208
0.0 0.285319 0.613387 0.018660 0.035766
0.0 0.264587 0.801207 0.022167 0.031537
0.0 0.517588 0.252890 0.022476 0.038027
0.0 0.709765 0.676257 0.014392 0.035169
0.0 0.680933 0.551047 0.018341 0.040211
0.0 0.231576 0.700445 0.017352 0.041684
0.0 0.606616 0.990235 0.019958 0.019530
0.0 0.655103 0.851609 0.019287 0.037810
0.0 0.546638 0.862281 0.022167 0.031537
0.0 0.706641 0.845320 0.018395 0.030203
0.0 0.448196 0.743098 0.022211 0.032464
0.0 0.554200 0.163075 0.021045 0.030229
0.0 0.424518 0.952502 0.019155 0.035030
0.0 0.259755 0.678355 0.020947 0.039309
0.0 0.727284 0.774370 0.018209 0.037429
0.0 0.546933 0.953833 0.020550 0.030965
0.0 0.691958 0.727941 0.017581 0.035385
0.0 0.684754 0.672128 0.014392 0.035169
0.0 0.461690 0.995950 0.021496 0.008100
