0.0 0.548099 0.890768 0.018864 0.025960
0.0 0.344878 0.646799 0.013781 0.028689
0.0 0.435304 0.931281 0.016218 0.029075
0.0 0.317997 0.691354 0.016287 0.029969
0.0 0.552732 0.864679 0.022554 0.030079
0.0 0.721511 0.357113 0.020463 0.040349
0.0 0.331342 0.821894 0.017819 0.031096
0.0 0.725288 0.456571 0.018863 0.032145
0.0 0.319519 0.323482 0.020742 0.037743
0.0 0.702735 0.642602 0.017819 0.031096
0.0 0.727595 0.826100 0.020814 0.026269
0.0 0.478826 0.252958 0.021300 0.032531
0.0 0.316163 0.620110 0.013989 0.031372
0.0 0.338635 0.506078 0.017679 0.035490
0.0 0.754657 0.736242 0.016843 0.037125
0.0 0.420750 0.950340 0.019141 0.035722
0.0 0.556992 0.992447 0.020953 0.015106
0.0 0.371692 0.798295 0.018446 0.032961
0.0 0.471315 0.829592 0.020814 0.026269
0.0 0.574675 0.996053 0.020674 0.007893
0.0 0.324317 0.782260 0.017402 0.025728
0.0 0.557698 0.734860 0.020884 0.027164
0.0 0.442499 0.160017 0.019770 0.025220
0.0 0.585931 0.939555 0.018237 0.030278
0.0 0.728171 0.709653 0.019977 0.034087
0.0 0.303198 0.710451 0.017471 0.032807
0.0 0.473912 0.917013 0.019352 0.026037
0.0 0.334082 0.672959 0.016844 0.030941
0.0 0.338929 0.621030 0.013989 0.031372
0.0 0.553583 0.983617 0.020118 0.023508
