0.0 0.559115 0.877315 0.015104 0.023148
0.0 0.420833 0.781481 0.014583 0.016667
0.0 0.512500 0.101852 0.018750 0.025926
0.0 0.327865 0.850926 0.021354 0.035185
0.0 0.421094 0.142130 0.017188 0.025000
0.0 0.589844 0.894907 0.018229 0.030556
0.0 0.217188 0.499537 0.018750 0.036111
0.0 0.269010 0.317593 0.016146 0.027778
0.0 0.340885 0.887037 0.018229 0.027778
0.0 0.420833 0.794907 0.017708 0.028704
0.0 0.270573 0.519444 0.018229 0.027778
0.0 0.401562 0.735648 0.016667 0.023148
0.0 0.683594 0.775000 0.018229 0.025926
0.0 0.703906 0.434259 0.016146 0.033333
0.0 0.380990 0.344907 0.021354 0.026852
0.0 0.253385 0.293519 0.021354 0.031481
0.0 0.307552 0.877778 0.018229 0.038889
0.0 0.331771 0.769444 0.015625 0.027778
0.0 0.686719 0.643056 0.016146 0.036111
0.0 0.660677 0.384259 0.016146 0.035185
0.0 0.292969 0.752315 0.014063 0.026852
0.0 0.583333 0.917130 0.018750 0.026852
0.0 0.433333 0.687963 0.018750 0.027778
0.0 0.579427 0.787963 0.020313 0.025926
0.0 0.309115 0.323611 0.013021 0.028704
0.0 0.430729 0.883796 0.019792 0.026852
0.0 0.467448 0.958333 0.022396 0.035185
0.0 0.254427 0.256019 0.021354 0.041667
0.0 0.221875 0.494444 0.012500 0.035185
0.0 0.400521 0.861574 0.014583 0.028704
