0.0 0.568905 0.492940 0.019155 0.024471
0.0 0.768348 0.639461 0.019863 0.034946
0.0 0.588966 0.495669 0.020257 0.032413
0.0 0.305202 0.418642 0.015969 0.027451
0.0 0.734616 0.370262 0.017700 0.036351
0.0 0.411120 0.613548 0.019155 0.024471
0.0 0.276094 0.691512 0.022420 0.031009
0.0 0.495857 0.221687 0.019273 0.026217
0.0 0.775560 0.729209 0.021790 0.030050
0.0 0.770498 0.696899 0.021496 0.025685
0.0 0.691843 0.867396 0.020925 0.025600
0.0 0.365442 0.888457 0.021220 0.029965
0.0 0.708213 0.772795 0.020650 0.029880
0.0 0.319258 0.810272 0.019667 0.023683
0.0 0.460224 0.997249 0.018210 0.005502
0.0 0.428195 0.725631 0.022714 0.035373
0.0 0.644585 0.530115 0.020414 0.026387
0.0 0.355129 0.274931 0.022184 0.027517
0.0 0.558684 0.964479 0.026236 0.028987
0.0 0.452366 0.149272 0.025272 0.031436
0.0 0.688733 0.919447 0.023049 0.031967
0.0 0.284069 0.566423 0.017346 0.031114
0.0 0.434519 0.984115 0.019863 0.031770
0.0 0.538912 0.330323 0.019686 0.032327
0.0 0.397543 0.694063 0.018604 0.033030
0.0 0.255454 0.671673 0.024367 0.034756
0.0 0.259904 0.460252 0.018880 0.028751
0.0 0.400290 0.657938 0.020709 0.030753
0.0 0.736591 0.399507 0.020355 0.025514
