0.0 0.745542 0.531889 0.018090 0.035748
0.0 0.328302 0.562111 0.016410 0.032572
0.0 0.692703 0.350022 0.015063 0.033128
0.0 0.311398 0.572296 0.015766 0.030580
0.0 0.709240 0.406789 0.021262 0.034762
0.0 0.634728 0.837598 0.016720 0.030831
0.0 0.754615 0.464074 0.017720 0.042029
0.0 0.342029 0.543688 0.015230 0.034994
0.0 0.736423 0.667530 0.016864 0.027224
0.0 0.713351 0.548493 0.017553 0.040162
0.0 0.429546 0.881649 0.018234 0.032142
0.0 0.457359 0.253027 0.020058 0.031711
0.0 0.518704 0.877251 0.019164 0.026919
0.0 0.292624 0.444007 0.023979 0.039122
0.0 0.534882 0.213969 0.021881 0.031280
0.0 0.504401 0.328974 0.017924 0.033882
0.0 0.523003 0.138304 0.018007 0.034816
0.0 0.420641 0.202533 0.021178 0.033829
0.0 0.370181 0.285077 0.018590 0.041347
0.0 0.405711 0.169219 0.020535 0.031837
0.0 0.329139 0.809260 0.018007 0.034815
0.0 0.308403 0.648060 0.019997 0.036250
0.0 0.694633 0.808915 0.021571 0.033021
0.0 0.593178 0.959818 0.018687 0.026794
0.0 0.385609 0.569928 0.015957 0.037919
0.0 0.435269 0.959414 0.018710 0.032267
0.0 0.757437 0.719775 0.020618 0.032770
0.0 0.710949 0.603567 0.013859 0.030077
