0.0 0.518490 0.919907 0.017188 0.021296
0.0 0.335156 0.676852 0.015104 0.025926
0.0 0.587240 0.723148 0.019271 0.025926
0.0 0.647656 0.668056 0.016146 0.030556
0.0 0.334635 0.566667 0.016146 0.029630
0.0 0.357031 0.774537 0.018229 0.025000
0.0 0.579427 0.823611 0.013021 0.034259
0.0 0.717448 0.758796 0.020313 0.034259
0.0 0.684635 0.882870 0.020313 0.030556
0.0 0.394010 0.140741 0.022396 0.037037
0.0 0.274479 0.484722 0.018750 0.045370
0.0 0.372135 0.650000 0.016146 0.033333
0.0 0.395312 0.904167 0.018750 0.023148
0.0 0.565365 0.965278 0.022396 0.032407
0.0 0.655990 0.158333 0.017188 0.033333
0.0 0.584115 0.131481 0.019271 0.024074
0.0 0.781510 0.604167 0.016146 0.034259
0.0 0.392708 0.853241 0.017708 0.025000
0.0 0.458333 0.953241 0.020833 0.025000
0.0 0.691667 0.479630 0.015625 0.033333
0.0 0.319792 0.495370 0.019792 0.025926
0.0 0.745573 0.252315 0.017188 0.025000
0.0 0.568750 0.862037 0.016667 0.031481
0.0 0.604427 0.851389 0.019271 0.026852
0.0 0.704167 0.368981 0.015625 0.036111
0.0 0.308333 0.762037 0.017708 0.038889
0.0 0.766146 0.329167 0.018750 0.025000
0.0 0.641667 0.782407 0.016667 0.027778
0.0 0.578385 0.928704 0.016146 0.022222
0.0 0.477604 0.169907 0.018750 0.023148
