0.0 0.454744 0.949569 0.018454 0.020595
0.0 0.273949 0.714781 0.016463 0.024954
0.0 0.532364 0.763912 0.020760 0.025038
0.0 0.596556 0.712764 0.017695 0.029377
0.0 0.277171 0.610021 0.017664 0.028496
0.0 0.293178 0.808092 0.019654 0.024137
0.0 0.520879 0.859261 0.014598 0.032833
0.0 0.665442 0.800445 0.022119 0.032981
0.0 0.627366 0.917733 0.021993 0.029461
0.0 0.352941 0.206311 0.024362 0.035665
0.0 0.217923 0.530896 0.020886 0.043513
0.0 0.313005 0.690004 0.017790 0.032017
0.0 0.328238 0.932104 0.020128 0.022387
0.0 0.501542 0.989011 0.024204 0.021978
0.0 0.622542 0.228354 0.018865 0.032038
0.0 0.549328 0.201367 0.020697 0.023278
0.0 0.736790 0.654745 0.017821 0.032897
0.0 0.327289 0.883638 0.019117 0.024126
0.0 0.391562 0.980037 0.022340 0.024190
0.0 0.648376 0.534527 0.017253 0.032006
0.0 0.264295 0.541939 0.021298 0.025049
0.0 0.711729 0.319519 0.018580 0.024116
0.0 0.508555 0.895574 0.018264 0.030267
0.0 0.545715 0.886176 0.020792 0.025919
0.0 0.665044 0.429590 0.017347 0.034647
0.0 0.243378 0.795219 0.019590 0.037330
0.0 0.730326 0.392998 0.020191 0.024147
0.0 0.586477 0.821353 0.018138 0.026746
0.0 0.516218 0.959148 0.017411 0.021454
0.0 0.438163 0.235735 0.020128 0.022387
