0.0 0.721354 0.593981 0.015625 0.028704
0.0 0.691406 0.325000 0.015104 0.031481
0.0 0.683073 0.727315 0.015104 0.023148
0.0 0.288021 0.500463 0.015625 0.030556
0.0 0.314323 0.464815 0.016146 0.027778
0.0 0.546875 0.163426 0.019792 0.025000
0.0 0.310937 0.336111 0.017708 0.033333
0.0 0.723698 0.278241 0.015104 0.028704
0.0 0.649219 0.736574 0.019271 0.023148
0.0 0.691146 0.299074 0.021875 0.025926
0.0 0.721094 0.740278 0.018229 0.026852
0.0 0.540104 0.132870 0.019792 0.026852
0.0 0.719010 0.804630 0.017188 0.025926
0.0 0.598958 0.728704 0.016667 0.025926
0.0 0.386198 0.799074 0.018229 0.027778
0.0 0.766146 0.700000 0.014583 0.035185
0.0 0.788542 0.550000 0.013542 0.031481
0.0 0.415104 0.119444 0.025000 0.046296
0.0 0.596615 0.955093 0.018229 0.021296
0.0 0.706250 0.593056 0.018750 0.034259
0.0 0.507292 0.840278 0.017708 0.021296
0.0 0.773177 0.352778 0.016146 0.033333
0.0 0.765365 0.558333 0.019271 0.027778
0.0 0.696354 0.868056 0.019792 0.025000
0.0 0.282292 0.438426 0.018750 0.032407
0.0 0.723177 0.399537 0.017188 0.028704
0.0 0.318750 0.656944 0.015625 0.032407
0.0 0.435937 0.939815 0.020833 0.031481
0.0 0.323438 0.775000 0.017708 0.038889
0.0 0.550521 0.143056 0.018750 0.026852
