0.0 0.540250 0.222509 0.016587 0.037172
0.0 0.339545 0.821513 0.014547 0.037094
0.0 0.384415 0.951996 0.018618 0.036288
0.0 0.406134 0.270436 0.017060 0.032383
0.0 0.409458 0.302518 0.020111 0.031539
0.0 0.716608 0.786867 0.016048 0.033305
0.0 0.514210 0.970096 0.019550 0.024786
0.0 0.367283 0.960344 0.015050 0.036151
0.0 0.285245 0.725042 0.018603 0.034364
0.0 0.467337 0.995187 0.013951 0.009626
0.0 0.366805 0.787777 0.012480 0.033168
0.0 0.385151 0.821207 0.018006 0.022804
0.0 0.283337 0.674157 0.012953 0.028380
0.0 0.763441 0.658157 0.020213 0.045003
0.0 0.332299 0.297784 0.012465 0.031246
0.0 0.318440 0.546858 0.014017 0.034189
0.0 0.298995 0.793261 0.015567 0.037133
0.0 0.633751 0.154987 0.021210 0.042157
0.0 0.741226 0.765733 0.017024 0.027574
0.0 0.626569 0.767243 0.020082 0.027691
0.0 0.269841 0.504973 0.016062 0.035229
0.0 0.267494 0.613230 0.014031 0.036112
0.0 0.493665 0.419475 0.022164 0.033539
0.0 0.492891 0.892072 0.019550 0.024786
0.0 0.401264 0.981155 0.019084 0.030538
0.0 0.393214 0.933871 0.016485 0.023707
0.0 0.412047 0.936515 0.015545 0.034247
0.0 0.486723 0.994335 0.013929 0.011330
