0 0.684375 0.337963 0.017708 0.031481
0 0.642188 0.199537 0.015625 0.028704
0 0.663802 0.656019 0.018229 0.030556
0 0.490365 0.333333 0.020313 0.025926
0 0.548958 0.518981 0.014583 0.034259
0 0.525260 0.869907 0.014063 0.026852
0 0.683333 0.719907 0.015625 0.026852
0 0.497135 0.838426 0.018229 0.023148
0 0.431510 0.190741 0.016146 0.029630
0 0.465885 0.159722 0.021354 0.030556
0 0.353906 0.244444 0.016146 0.027778
0 0.686198 0.495833 0.016146 0.030556
0 0.582031 0.906481 0.023438 0.042593
0 0.261458 0.461111 0.015625 0.031481
0 0.572135 0.122222 0.019271 0.046296
0 0.404167 0.855556 0.019792 0.029630
0 0.725781 0.506019 0.017188 0.030556
0 0.224219 0.511574 0.013021 0.030556
0 0.480208 0.860648 0.019792 0.021296
0 0.637500 0.685648 0.019792 0.025000
0 0.280990 0.502315 0.018229 0.030556
0 0.320573 0.612037 0.017188 0.027778
0 0.259896 0.684259 0.017708 0.024074
0 0.374219 0.916204 0.017188 0.025000
0 0.220052 0.594907 0.017188 0.030556
0 0.615365 0.882407 0.023438 0.033333
0 0.371615 0.866667 0.018229 0.031481
0 0.294792 0.390741 0.013542 0.027778
0 0.237760 0.327315 0.020313 0.028704
0 0.308594 0.868981 0.018229 0.032407
