0.0 0.263478 0.405542 0.018437 0.029478
0.0 0.300397 0.276866 0.016298 0.026864
0.0 0.294135 0.698096 0.018918 0.028639
0.0 0.454000 0.396158 0.020814 0.024427
0.0 0.402507 0.568783 0.015456 0.031955
0.0 0.437314 0.891545 0.014702 0.025116
0.0 0.277036 0.757486 0.016237 0.025157
0.0 0.463922 0.861792 0.018675 0.021812
0.0 0.507163 0.263204 0.016841 0.027731
0.0 0.472362 0.235525 0.021990 0.028721
0.0 0.585195 0.310645 0.016780 0.026024
0.0 0.266867 0.551071 0.016871 0.028584
0.0 0.382719 0.926746 0.024433 0.039869
0.0 0.683164 0.507871 0.016389 0.029423
0.0 0.366708 0.203771 0.020459 0.043171
0.0 0.555853 0.875126 0.020424 0.027827
0.0 0.228299 0.561502 0.017895 0.028611
0.0 0.721418 0.553391 0.013800 0.028502
0.0 0.481287 0.881824 0.020151 0.020147
0.0 0.320957 0.724706 0.020272 0.023560
0.0 0.665320 0.546356 0.018918 0.028639
0.0 0.630018 0.648512 0.017804 0.026052
0.0 0.692022 0.713466 0.018194 0.022652
0.0 0.587276 0.930225 0.017713 0.023491
0.0 0.728248 0.630075 0.017895 0.028611
0.0 0.349168 0.905441 0.024129 0.031335
0.0 0.588210 0.884506 0.018949 0.029491
0.0 0.648094 0.443902 0.014221 0.025955
0.0 0.702063 0.383949 0.020906 0.026987
0.0 0.650223 0.884976 0.018979 0.030345
