0.0 0.464062 0.225926 0.016667 0.033333
0.0 0.664844 0.356944 0.015104 0.026852
0.0 0.300521 0.726389 0.018750 0.034259
0.0 0.292448 0.743519 0.017188 0.031481
0.0 0.718750 0.515741 0.018750 0.027778
0.0 0.234635 0.703704 0.009896 0.022222
0.0 0.329167 0.853241 0.018750 0.030556
0.0 0.699219 0.676852 0.018229 0.025926
0.0 0.326823 0.206481 0.016146 0.025926
0.0 0.371354 0.219907 0.018750 0.034259
0.0 0.280208 0.823148 0.017708 0.029630
0.0 0.634635 0.720833 0.016146 0.030556
0.0 0.591406 0.901389 0.019271 0.032407
0.0 0.286458 0.535185 0.016667 0.033333
0.0 0.454688 0.881481 0.015625 0.031481
0.0 0.394010 0.955556 0.019271 0.024074
0.0 0.682031 0.533333 0.019271 0.035185
0.0 0.285938 0.419444 0.018750 0.033333
0.0 0.494792 0.373148 0.017708 0.025926
0.0 0.469531 0.091667 0.025521 0.033333
0.0 0.347396 0.115741 0.015625 0.031481
0.0 0.655469 0.769444 0.019271 0.031481
0.0 0.707031 0.345833 0.024479 0.034259
0.0 0.535937 0.867593 0.019792 0.029630
0.0 0.422917 0.865278 0.018750 0.026852
0.0 0.334115 0.168056 0.016146 0.023148
0.0 0.243229 0.718519 0.010417 0.029630
0.0 0.242448 0.653241 0.011979 0.025000
0.0 0.260937 0.674537 0.013542 0.028704
0.0 0.324219 0.839815 0.022396 0.024074
