0.0 0.511769 0.260464 0.019669 0.039295
0.0 0.300724 0.363250 0.017503 0.031981
0.0 0.625539 0.833624 0.021817 0.040701
0.0 0.631881 0.853723 0.020007 0.037393
0.0 0.232227 0.524586 0.021196 0.033690
0.0 0.692849 0.821866 0.011911 0.025961
0.0 0.585074 0.965302 0.021462 0.036695
0.0 0.236112 0.702675 0.020504 0.031585
0.0 0.649311 0.266056 0.018445 0.031181
0.0 0.604001 0.271940 0.021817 0.040701
0.0 0.636358 0.942245 0.020344 0.035491
0.0 0.295752 0.762787 0.018888 0.036190
0.0 0.321204 0.966510 0.022155 0.038799
0.0 0.657748 0.629498 0.019669 0.039295
0.0 0.458275 0.971499 0.018462 0.037090
0.0 0.266845 0.550743 0.022421 0.041804
0.0 0.669343 0.504384 0.021728 0.039699
0.0 0.467294 0.413775 0.019989 0.031484
0.0 0.519216 0.114154 0.028422 0.041013
0.0 0.637659 0.163896 0.018462 0.037090
0.0 0.270500 0.811335 0.022066 0.037797
0.0 0.260080 0.343044 0.027481 0.041813
0.0 0.379278 0.940710 0.022404 0.035895
0.0 0.491236 0.960134 0.021108 0.032688
0.0 0.645781 0.223070 0.018179 0.028176
0.0 0.682934 0.836226 0.013135 0.034076
0.0 0.689956 0.765756 0.014236 0.029371
0.0 0.669638 0.785208 0.016136 0.033681
0.0 0.591251 0.951737 0.024446 0.030390
