0.0 0.559241 0.997400 0.016551 0.005201
0.0 0.358583 0.648728 0.017368 0.036844
0.0 0.302987 0.354632 0.017830 0.028775
0.0 0.738610 0.437071 0.018565 0.030728
0.0 0.324458 0.256902 0.028658 0.040807
0.0 0.383957 0.162862 0.027150 0.040520
0.0 0.594464 0.929875 0.017443 0.029608
0.0 0.569274 0.994265 0.015666 0.011470
0.0 0.302323 0.554871 0.017331 0.040463
0.0 0.358184 0.676373 0.015395 0.032843
0.0 0.721536 0.343832 0.023129 0.039754
0.0 0.548779 0.914335 0.022121 0.027779
0.0 0.526313 0.225109 0.019146 0.035370
0.0 0.554203 0.955606 0.020497 0.026564
0.0 0.395280 0.292371 0.021272 0.036681
0.0 0.499348 0.161797 0.021772 0.024994
0.0 0.502930 0.788549 0.019957 0.030087
0.0 0.773584 0.521198 0.020114 0.039180
0.0 0.270474 0.592310 0.016633 0.034891
0.0 0.444089 0.955665 0.021967 0.030469
0.0 0.574504 0.817697 0.023205 0.032518
0.0 0.622651 0.997916 0.020497 0.004167
0.0 0.310797 0.427295 0.019030 0.034441
0.0 0.727658 0.846990 0.023748 0.040779
0.0 0.393632 0.725235 0.017522 0.034154
0.0 0.272184 0.476479 0.020035 0.034633
0.0 0.353266 0.869343 0.022237 0.028708
0.0 0.410063 0.496799 0.026066 0.035782
0.0 0.322978 0.286179 0.019105 0.027205
0.0 0.342167 0.558690 0.016671 0.031274
