0 0.296094 0.662500 0.015104 0.030556
0 0.479427 0.142593 0.013021 0.033333
0 0.247396 0.439352 0.012500 0.025000
0 0.242188 0.578704 0.011458 0.029630
0 0.223438 0.387963 0.015625 0.025926
0 0.350000 0.896296 0.018750 0.022222
0 0.278125 0.474537 0.019792 0.025000
0 0.373958 0.884722 0.015625 0.028704
0 0.380469 0.211574 0.019271 0.034259
0 0.609375 0.149537 0.014583 0.026852
0 0.362500 0.138889 0.017708 0.025926
0 0.254427 0.583333 0.013021 0.035185
0 0.696094 0.328704 0.019271 0.038889
0 0.553385 0.777778 0.016146 0.029630
0 0.317969 0.143056 0.018229 0.023148
0 0.269271 0.268056 0.022917 0.037963
0 0.379948 0.937500 0.019271 0.025000
0 0.265365 0.312500 0.016146 0.030556
0 0.325781 0.197222 0.014063 0.025926
0 0.688542 0.737963 0.019792 0.033333
0 0.328385 0.573611 0.019271 0.021296
0 0.219271 0.539352 0.016667 0.036111
0 0.290625 0.697222 0.014583 0.035185
0 0.559635 0.615741 0.016146 0.033333
0 0.722396 0.518981 0.017708 0.041667
0 0.300521 0.268981 0.019792 0.025000
0 0.302083 0.805556 0.017708 0.031481
0 0.474219 0.845833 0.018229 0.023148
0 0.264583 0.794444 0.016667 0.033333
0 0.228646 0.487500 0.011458 0.023148
