0.0 0.566667 0.113426 0.016667 0.026852
0.0 0.331510 0.280093 0.014063 0.026852
0.0 0.477083 0.167130 0.020833 0.028704
0.0 0.258073 0.450000 0.011979 0.031481
0.0 0.245833 0.468981 0.013542 0.032407
0.0 0.439063 0.905093 0.017708 0.025000
0.0 0.603385 0.843519 0.016146 0.024074
0.0 0.543490 0.931481 0.021354 0.025926
0.0 0.245312 0.423148 0.015625 0.029630
0.0 0.556771 0.895833 0.017708 0.023148
0.0 0.260677 0.303241 0.016146 0.026852
0.0 0.332292 0.180093 0.015625 0.028704
0.0 0.251563 0.275463 0.017708 0.021296
0.0 0.335677 0.414352 0.019271 0.026852
0.0 0.709896 0.650926 0.015625 0.031481
0.0 0.408073 0.920833 0.017188 0.023148
0.0 0.363542 0.094907 0.019792 0.025000
0.0 0.345313 0.357407 0.014583 0.031481
0.0 0.389583 0.863889 0.017708 0.020370
0.0 0.360417 0.908796 0.018750 0.025000
0.0 0.296615 0.369907 0.019271 0.030556
0.0 0.518750 0.375000 0.018750 0.031481
0.0 0.504167 0.955556 0.019792 0.024074
0.0 0.582031 0.917593 0.019271 0.042593
0.0 0.300521 0.193981 0.021875 0.037963
0.0 0.321354 0.697685 0.013542 0.034259
0.0 0.457552 0.865278 0.018229 0.023148
0.0 0.250000 0.356481 0.011458 0.029630
0.0 0.336719 0.307407 0.015104 0.025926
0.0 0.411719 0.188889 0.015104 0.025926
