0.0 0.645678 0.152231 0.018319 0.029093
0.0 0.404242 0.309539 0.015793 0.028914
0.0 0.554487 0.201970 0.022508 0.031307
0.0 0.319386 0.481334 0.014144 0.033589
0.0 0.305992 0.500248 0.015734 0.034660
0.0 0.458393 0.967438 0.019180 0.027237
0.0 0.622698 0.914643 0.017591 0.026166
0.0 0.557551 0.993927 0.022790 0.012147
0.0 0.309165 0.452509 0.017531 0.031913
0.0 0.573292 0.965889 0.019031 0.025310
0.0 0.333689 0.328764 0.017814 0.029057
0.0 0.413025 0.205512 0.017457 0.030949
0.0 0.327079 0.299226 0.018883 0.023382
0.0 0.397509 0.449564 0.020844 0.029272
0.0 0.741450 0.721510 0.017680 0.033840
0.0 0.427075 0.981691 0.018527 0.025274
0.0 0.450168 0.118997 0.021201 0.027380
0.0 0.411424 0.390957 0.016669 0.033768
0.0 0.413713 0.921152 0.018808 0.022418
0.0 0.381824 0.965887 0.020190 0.027309
0.0 0.363192 0.400621 0.021142 0.033127
0.0 0.578215 0.421187 0.020710 0.034054
0.0 0.596044 0.983723 0.022108 0.032555
0.0 0.381099 0.217783 0.024261 0.041016
0.0 0.360881 0.743476 0.015883 0.036588
0.0 0.479520 0.927269 0.019537 0.025345
0.0 0.319062 0.383443 0.013490 0.031627
0.0 0.407102 0.338326 0.016729 0.028022
0.0 0.489350 0.220125 0.016729 0.028022
