0.0 0.433333 0.113426 0.016667 0.026852
0.0 0.668490 0.280093 0.014063 0.026852
0.0 0.522917 0.167130 0.020833 0.028704
0.0 0.741927 0.450000 0.011979 0.031481
0.0 0.754167 0.468981 0.013542 0.032407
0.0 0.560937 0.905093 0.017708 0.025000
0.0 0.396615 0.843519 0.016146 0.024074
0.0 0.456510 0.931481 0.021354 0.025926
0.0 0.754688 0.423148 0.015625 0.029630
0.0 0.443229 0.895833 0.017708 0.023148
0.0 0.739323 0.303241 0.016146 0.026852
0.0 0.667708 0.180093 0.015625 0.028704
0.0 0.748437 0.275463 0.017708 0.021296
0.0 0.664323 0.414352 0.019271 0.026852
0.0 0.290104 0.650926 0.015625 0.031481
0.0 0.591927 0.920833 0.017188 0.023148
0.0 0.636458 0.094907 0.019792 0.025000
0.0 0.654687 0.357407 0.014583 0.031481
0.0 0.610417 0.863889 0.017708 0.020370
0.0 0.639583 0.908796 0.018750 0.025000
0.0 0.703385 0.369907 0.019271 0.030556
0.0 0.481250 0.375000 0.018750 0.031481
0.0 0.495833 0.955556 0.019792 0.024074
0.0 0.417969 0.917593 0.019271 0.042593
0.0 0.699479 0.193981 0.021875 0.037963
0.0 0.678646 0.697685 0.013542 0.034259
0.0 0.542448 0.865278 0.018229 0.023148
0.0 0.750000 0.356481 0.011458 0.029630
0.0 0.663281 0.307407 0.015104 0.025926
0.0 0.588281 0.188889 0.015104 0.025926
