0 0.361719 0.859259 0.017188 0.027778
0 0.249219 0.317130 0.018229 0.026852
0 0.261198 0.756944 0.023438 0.025000
0 0.277604 0.780093 0.015625 0.023148
0 0.228646 0.587963 0.020833 0.025926
0 0.250260 0.738889 0.021354 0.033333
0 0.332292 0.724537 0.017708 0.028704
0 0.236458 0.691204 0.018750 0.025000
0 0.426042 0.897685 0.016667 0.019444
0 0.335677 0.862037 0.016146 0.029630
0 0.298958 0.534259 0.018750 0.031481
0 0.542448 0.260648 0.016146 0.034259
0 0.284115 0.309259 0.014063 0.027778
0 0.721354 0.479630 0.018750 0.042593
0 0.284115 0.587500 0.013021 0.028704
0 0.500521 0.968981 0.019792 0.028704
0 0.639062 0.858333 0.016667 0.037037
0 0.364844 0.762500 0.016146 0.030556
0 0.228906 0.361574 0.017188 0.030556
0 0.354427 0.121759 0.022396 0.036111
0 0.552083 0.558333 0.014583 0.033333
0 0.478646 0.199537 0.019792 0.032407
0 0.417708 0.952778 0.019792 0.024074
0 0.584375 0.875463 0.018750 0.025000
0 0.577604 0.707870 0.019792 0.025000
0 0.432812 0.172222 0.016667 0.022222
0 0.240365 0.667130 0.011979 0.021296
0 0.348698 0.852778 0.017188 0.031481
0 0.719271 0.461111 0.022917 0.037037
