0.0 0.397239 0.857521 0.018195 0.029848
0.0 0.312155 0.323534 0.019175 0.029205
0.0 0.303266 0.739478 0.024206 0.028598
0.0 0.318300 0.764805 0.016442 0.025157
0.0 0.279216 0.573582 0.021690 0.028901
0.0 0.293365 0.720128 0.022550 0.035976
0.0 0.374650 0.724502 0.018750 0.030832
0.0 0.282043 0.672309 0.019600 0.027578
0.0 0.458642 0.907639 0.017292 0.021902
0.0 0.371517 0.854461 0.017258 0.031362
0.0 0.350832 0.538421 0.019904 0.033668
0.0 0.602956 0.334301 0.017476 0.035712
0.0 0.346816 0.323735 0.015124 0.029168
0.0 0.768475 0.579054 0.020426 0.044111
0.0 0.333745 0.585225 0.014144 0.029811
0.0 0.528481 0.987609 0.020797 0.024783
0.0 0.669819 0.917039 0.018118 0.038436
0.0 0.404855 0.767267 0.017302 0.032232
0.0 0.290106 0.360879 0.018326 0.032459
0.0 0.424718 0.162833 0.023704 0.038814
0.0 0.598440 0.616162 0.015896 0.034501
0.0 0.543131 0.262976 0.020971 0.034766
0.0 0.447864 0.957601 0.020580 0.026934
0.0 0.615275 0.921230 0.019599 0.027578
0.0 0.616494 0.762253 0.020623 0.027804
0.0 0.499374 0.227326 0.017422 0.024513
0.0 0.287013 0.650535 0.012772 0.022622
0.0 0.384748 0.848595 0.018369 0.033328
0.0 0.767298 0.561197 0.024260 0.039797
