0.0 0.485496 0.964195 0.017192 0.022922
0.0 0.594683 0.293961 0.013903 0.026849
0.0 0.678772 0.354354 0.010983 0.024523
0.0 0.620345 0.587747 0.015490 0.035255
0.0 0.503882 0.222503 0.016294 0.026373
0.0 0.649430 0.773750 0.016885 0.032797
0.0 0.690670 0.330888 0.013660 0.040345
0.0 0.608798 0.658834 0.014818 0.024304
0.0 0.441236 0.132402 0.016790 0.027364
0.0 0.289964 0.577171 0.018456 0.040297
0.0 0.641920 0.868640 0.016822 0.029175
0.0 0.595935 0.930426 0.019260 0.031415
0.0 0.676400 0.742602 0.017816 0.031158
0.0 0.637174 0.335885 0.013533 0.033101
0.0 0.572896 0.386855 0.014606 0.039611
0.0 0.268400 0.806718 0.017668 0.050085
0.0 0.431129 0.464809 0.013998 0.032282
0.0 0.382744 0.982061 0.017721 0.025725
0.0 0.377794 0.906195 0.016357 0.029995
0.0 0.617324 0.208634 0.014141 0.040431
0.0 0.419249 0.991665 0.020704 0.016670
0.0 0.702996 0.579824 0.015955 0.034435
0.0 0.529920 0.964902 0.016278 0.025467
0.0 0.243863 0.659868 0.016019 0.038057
0.0 0.581114 0.483935 0.016034 0.038963
0.0 0.523911 0.814748 0.017256 0.026544
0.0 0.676634 0.618129 0.013036 0.032110
0.0 0.451139 0.794118 0.022132 0.031024
0.0 0.672253 0.547158 0.012523 0.030214
0.0 0.299256 0.597766 0.009106 0.026897
