0.0 0.507360 0.994952 0.018477 0.010096
0.0 0.399223 0.311933 0.015041 0.026943
0.0 0.309115 0.396997 0.011922 0.024845
0.0 0.368463 0.631973 0.016821 0.035759
0.0 0.496597 0.213411 0.017567 0.026102
0.0 0.335341 0.837736 0.018270 0.032925
0.0 0.296744 0.374845 0.014945 0.041480
0.0 0.379897 0.705069 0.015979 0.024082
0.0 0.564261 0.101863 0.018104 0.027099
0.0 0.719808 0.539881 0.020022 0.040770
0.0 0.342201 0.937241 0.018159 0.029041
0.0 0.390356 0.988213 0.020768 0.023574
0.0 0.307038 0.811066 0.019236 0.031035
0.0 0.353555 0.367100 0.014724 0.033713
0.0 0.421284 0.405816 0.015937 0.040561
0.0 0.740014 0.779763 0.019304 0.051397
0.0 0.571070 0.454402 0.015206 0.032769
0.0 0.616383 0.991194 0.019070 0.017613
0.0 0.622542 0.912758 0.017677 0.029986
0.0 0.376164 0.226342 0.015454 0.041506
0.0 0.280692 0.643723 0.017304 0.034814
0.0 0.767838 0.616927 0.017415 0.038698
0.0 0.411399 0.511507 0.017442 0.039669
0.0 0.468292 0.850826 0.018587 0.026154
0.0 0.308264 0.678186 0.014186 0.032717
0.0 0.545899 0.810996 0.023804 0.030299
0.0 0.313762 0.601318 0.013620 0.030749
0.0 0.709687 0.564149 0.009963 0.027654
