0 0.598437 0.811111 0.016667 0.020370
0 0.271094 0.428241 0.011979 0.030556
0 0.489583 0.065278 0.020833 0.030556
0 0.455990 0.173611 0.017188 0.015741
0 0.269792 0.741667 0.014583 0.031481
0 0.350000 0.764815 0.018750 0.031481
0 0.495312 0.097685 0.028125 0.036111
0 0.503906 0.719907 0.020313 0.023148
0 0.269792 0.401852 0.013542 0.031481
0 0.676823 0.740278 0.016146 0.037963
0 0.313802 0.545833 0.017188 0.032407
0 0.218229 0.492130 0.016667 0.036111
0 0.602604 0.124074 0.014583 0.033333
0 0.350781 0.531481 0.015104 0.035185
0 0.291927 0.822685 0.016146 0.028704
0 0.689323 0.567130 0.016146 0.036111
0 0.719792 0.603704 0.016667 0.031481
0 0.379948 0.937037 0.021354 0.025926
0 0.727604 0.492130 0.023958 0.037963
0 0.404167 0.406944 0.016667 0.030556
0 0.328385 0.139352 0.019271 0.026852
0 0.580469 0.698148 0.019271 0.029630
0 0.564583 0.893519 0.019792 0.024074
0 0.260937 0.245833 0.013542 0.032407
0 0.634375 0.715741 0.019792 0.031481
0 0.484375 0.895370 0.018750 0.024074
0 0.368490 0.836111 0.017188 0.022222
0 0.363281 0.538889 0.011979 0.027778
0 0.709896 0.483333 0.015625 0.027778
