0.0 0.653294 0.854804 0.017548 0.019985
0.0 0.309273 0.479132 0.012625 0.029943
0.0 0.539393 0.124438 0.021939 0.029967
0.0 0.503969 0.230389 0.018093 0.015455
0.0 0.307650 0.785929 0.015365 0.030856
0.0 0.392002 0.808807 0.019748 0.030867
0.0 0.545393 0.156176 0.029614 0.035425
0.0 0.553931 0.765270 0.021386 0.022714
0.0 0.307925 0.453297 0.014270 0.030853
0.0 0.735805 0.785683 0.017014 0.037205
0.0 0.354102 0.594355 0.018106 0.031769
0.0 0.253613 0.541526 0.017561 0.035393
0.0 0.658232 0.182300 0.015367 0.032668
0.0 0.393012 0.580408 0.015916 0.034483
0.0 0.330869 0.865295 0.017007 0.028141
0.0 0.749094 0.616229 0.017013 0.035392
0.0 0.781114 0.652113 0.017557 0.030861
0.0 0.423365 0.977471 0.022483 0.025436
0.0 0.789422 0.542919 0.025232 0.037226
0.0 0.449269 0.458649 0.017557 0.029956
0.0 0.369770 0.196506 0.020293 0.026337
0.0 0.634485 0.744180 0.020295 0.029056
0.0 0.617617 0.935378 0.020838 0.023619
0.0 0.298736 0.300551 0.014271 0.031759
0.0 0.691174 0.761548 0.020844 0.030870
0.0 0.533245 0.936970 0.019742 0.023616
0.0 0.411394 0.878647 0.018098 0.021799
0.0 0.406155 0.587693 0.012623 0.027224
0.0 0.770802 0.534259 0.016458 0.027234
