0.0 0.631408 0.897737 0.018551 0.025239
0.0 0.318160 0.419955 0.014372 0.034712
0.0 0.567608 0.094827 0.023520 0.036852
0.0 0.525827 0.199510 0.018787 0.020545
0.0 0.296359 0.745996 0.017123 0.036304
0.0 0.377726 0.789485 0.021429 0.037311
0.0 0.571413 0.129956 0.031418 0.044398
0.0 0.539684 0.779923 0.022500 0.029012
0.0 0.318537 0.392163 0.016047 0.036053
0.0 0.717025 0.842927 0.019161 0.043431
0.0 0.354615 0.552721 0.019875 0.037898
0.0 0.259366 0.473703 0.019578 0.041629
0.0 0.680553 0.183365 0.017244 0.038233
0.0 0.393761 0.546714 0.017903 0.040287
0.0 0.313943 0.835706 0.018557 0.033791
0.0 0.741242 0.665658 0.019040 0.041503
0.0 0.770338 0.711105 0.019276 0.036808
0.0 0.397430 0.976050 0.023757 0.032157
0.0 0.785691 0.596816 0.027233 0.045320
0.0 0.457051 0.429943 0.019216 0.035845
0.0 0.396212 0.132996 0.021665 0.032617
0.0 0.620215 0.775771 0.021846 0.035510
0.0 0.591049 0.975362 0.022022 0.029851
0.0 0.319570 0.227568 0.016108 0.037017
0.0 0.674766 0.807118 0.022505 0.037563
0.0 0.508051 0.957903 0.020945 0.029599
0.0 0.392178 0.868191 0.019210 0.027293
0.0 0.406193 0.557449 0.014191 0.031819
0.0 0.767968 0.583376 0.017958 0.032700
