0.0 0.340120 0.835127 0.017780 0.023880
0.0 0.688893 0.530731 0.013185 0.032885
0.0 0.471876 0.122919 0.022355 0.034882
0.0 0.503903 0.237508 0.018202 0.019425
0.0 0.682248 0.840635 0.015906 0.034386
0.0 0.598591 0.845415 0.020221 0.035326
0.0 0.465116 0.153640 0.030048 0.042013
0.0 0.440346 0.766349 0.021627 0.027447
0.0 0.690915 0.504956 0.014828 0.034151
0.0 0.260747 0.747481 0.017690 0.041142
0.0 0.641664 0.637261 0.018627 0.035888
0.0 0.742013 0.605762 0.018182 0.039430
0.0 0.353328 0.155514 0.015953 0.036216
0.0 0.603734 0.614745 0.016540 0.038162
0.0 0.657257 0.915675 0.017453 0.031995
0.0 0.252218 0.573622 0.017642 0.039312
0.0 0.219731 0.602881 0.018064 0.034856
0.0 0.563183 0.996787 0.022776 0.006425
0.0 0.214486 0.490903 0.025780 0.042903
0.0 0.551621 0.479686 0.018040 0.033942
0.0 0.636929 0.232440 0.020643 0.030871
0.0 0.361610 0.727591 0.020713 0.033615
0.0 0.373079 0.924166 0.021111 0.028244
0.0 0.704065 0.352833 0.014851 0.035066
0.0 0.305334 0.732814 0.021300 0.035561
0.0 0.456098 0.944080 0.020032 0.028009
0.0 0.577624 0.911674 0.018367 0.025827
0.0 0.590599 0.619244 0.013114 0.030141
0.0 0.233049 0.486206 0.016890 0.030963
