0 0.302604 0.747685 0.016667 0.026852
0 0.350000 0.873611 0.020833 0.026852
0 0.311979 0.716667 0.022917 0.033333
0 0.238802 0.431481 0.015104 0.031481
0 0.568490 0.892130 0.019271 0.030556
0 0.667188 0.348611 0.015625 0.032407
0 0.279167 0.366204 0.014583 0.026852
0 0.283854 0.304630 0.014583 0.025926
0 0.351042 0.546759 0.015625 0.036111
0 0.611979 0.153704 0.014583 0.033333
0 0.712500 0.361574 0.015625 0.045370
0 0.327344 0.207407 0.020313 0.031481
0 0.598437 0.819444 0.016667 0.025926
0 0.341406 0.912963 0.015104 0.031481
0 0.589063 0.150463 0.019792 0.043519
0 0.236458 0.572685 0.015625 0.032407
0 0.547396 0.741667 0.018750 0.037037
0 0.364844 0.923148 0.015104 0.033333
0 0.223438 0.442130 0.015625 0.030556
0 0.643229 0.782870 0.015625 0.032407
0 0.429167 0.959722 0.019792 0.025000
0 0.409635 0.828241 0.015104 0.037963
0 0.371875 0.783333 0.019792 0.029630
0 0.278646 0.816204 0.014583 0.034259
0 0.479167 0.908796 0.020833 0.026852
0 0.390365 0.133796 0.019271 0.023148
0 0.481510 0.169444 0.015104 0.022222
0 0.564583 0.884722 0.016667 0.019444
