0.0 0.339980 0.853495 0.016450 0.033883
0.0 0.705407 0.259805 0.023525 0.040709
0.0 0.400478 0.864141 0.017967 0.034443
0.0 0.299374 0.422164 0.019284 0.033245
0.0 0.356579 0.839573 0.019890 0.034311
0.0 0.640666 0.890895 0.020201 0.028527
0.0 0.679874 0.786138 0.014432 0.028924
0.0 0.611299 0.525982 0.018167 0.036202
0.0 0.354720 0.911289 0.021601 0.040841
0.0 0.608499 0.179208 0.020807 0.029594
0.0 0.729836 0.692530 0.017467 0.030045
0.0 0.307108 0.462381 0.014026 0.029617
0.0 0.532347 0.357642 0.020395 0.034498
0.0 0.272628 0.585555 0.018973 0.039027
0.0 0.346894 0.501758 0.015438 0.033509
0.0 0.401538 0.945317 0.021507 0.035751
0.0 0.503840 0.273774 0.020395 0.034498
0.0 0.309581 0.345074 0.019273 0.041666
0.0 0.686103 0.898857 0.020907 0.030473
0.0 0.536578 0.812033 0.021507 0.035751
0.0 0.343432 0.278955 0.018667 0.040600
0.0 0.759842 0.669073 0.019590 0.031672
0.0 0.771784 0.458910 0.024936 0.044601
0.0 0.665167 0.622020 0.017561 0.035135
0.0 0.440698 0.235235 0.022425 0.031034
0.0 0.397604 0.697485 0.019073 0.039907
0.0 0.726353 0.647992 0.017256 0.036708
0.0 0.330412 0.382287 0.014132 0.026285
0.0 0.670773 0.787208 0.016461 0.025460
