0.0 0.338729 0.794414 0.013515 0.031409
0.0 0.710484 0.302531 0.019860 0.036497
0.0 0.393382 0.823561 0.014937 0.031518
0.0 0.328884 0.344253 0.016289 0.029781
0.0 0.354790 0.785314 0.016800 0.030740
0.0 0.611348 0.923534 0.017497 0.024350
0.0 0.653833 0.829078 0.011912 0.026684
0.0 0.607579 0.544202 0.015009 0.033364
0.0 0.348552 0.857549 0.017998 0.037275
0.0 0.626959 0.191337 0.018007 0.025310
0.0 0.705447 0.749202 0.014758 0.026902
0.0 0.333412 0.387424 0.011474 0.027571
0.0 0.546026 0.349383 0.017273 0.030777
0.0 0.294087 0.502006 0.015591 0.036170
0.0 0.367306 0.439457 0.012566 0.031337
0.0 0.389216 0.906285 0.018258 0.031772
0.0 0.525262 0.255606 0.017273 0.030777
0.0 0.343096 0.269093 0.015698 0.038939
0.0 0.652397 0.945389 0.018043 0.026233
0.0 0.521147 0.811925 0.018258 0.031772
0.0 0.378237 0.212236 0.015188 0.037980
0.0 0.734372 0.734487 0.016692 0.027971
0.0 0.758590 0.524768 0.020952 0.040262
0.0 0.650767 0.658022 0.014499 0.032404
0.0 0.469956 0.197343 0.019467 0.026342
0.0 0.401298 0.653515 0.015627 0.037093
0.0 0.705079 0.702935 0.014097 0.034214
0.0 0.359792 0.313183 0.011805 0.023914
0.0 0.645442 0.827406 0.014105 0.022250
