0.0 0.577996 0.869321 0.020539 0.024343
0.0 0.333389 0.264196 0.016654 0.024028
0.0 0.623624 0.225975 0.018875 0.030088
0.0 0.492137 0.386988 0.015544 0.024778
0.0 0.717197 0.482986 0.012769 0.024554
0.0 0.590209 0.885550 0.024980 0.030582
0.0 0.229999 0.717347 0.021649 0.025273
0.0 0.534855 0.323887 0.018875 0.030088
0.0 0.638050 0.210106 0.019984 0.025978
0.0 0.726963 0.703111 0.018873 0.021688
0.0 0.315508 0.904453 0.017212 0.034993
0.0 0.612383 0.781695 0.021649 0.024433
0.0 0.352124 0.854447 0.018320 0.026683
0.0 0.680378 0.833723 0.021094 0.025228
0.0 0.387488 0.228313 0.017209 0.024913
0.0 0.441754 0.868182 0.019983 0.023458
0.0 0.676183 0.695887 0.018319 0.024163
0.0 0.258882 0.819584 0.020539 0.024343
0.0 0.482104 0.208045 0.018874 0.026728
0.0 0.625896 0.442506 0.016655 0.029908
0.0 0.477525 0.775405 0.021649 0.021913
0.0 0.710054 0.776300 0.018319 0.024163
0.0 0.387658 0.925065 0.021650 0.027793
0.0 0.677002 0.642481 0.013325 0.027959
0.0 0.750220 0.491230 0.016655 0.028229
0.0 0.542426 0.653387 0.019430 0.030133
0.0 0.724133 0.476964 0.009993 0.018448
0.0 0.237764 0.699497 0.013879 0.023803
0.0 0.422184 0.272540 0.019984 0.025138
