0.0 0.583059 0.894930 0.020368 0.032338
0.0 0.328943 0.241683 0.016655 0.031198
0.0 0.605856 0.139431 0.018969 0.038670
0.0 0.485080 0.352470 0.015621 0.031846
0.0 0.703897 0.418940 0.012970 0.031032
0.0 0.595291 0.911323 0.024804 0.040462
0.0 0.244599 0.788047 0.021457 0.033639
0.0 0.523967 0.270738 0.018969 0.038670
0.0 0.619165 0.118143 0.019892 0.034124
0.0 0.720419 0.672376 0.018694 0.028926
0.0 0.332637 0.983024 0.017543 0.033951
0.0 0.613163 0.786408 0.021429 0.032664
0.0 0.366102 0.922741 0.018329 0.034610
0.0 0.680022 0.833204 0.020926 0.033476
0.0 0.379624 0.189258 0.017213 0.032335
0.0 0.452449 0.920793 0.019810 0.031201
0.0 0.671516 0.674126 0.018247 0.031687
0.0 0.275606 0.900898 0.020368 0.032338
0.0 0.469642 0.146866 0.018859 0.034773
0.0 0.615079 0.390193 0.016848 0.038019
0.0 0.483713 0.806018 0.021346 0.029741
0.0 0.706595 0.760661 0.018247 0.031687
0.0 0.402455 0.989650 0.021539 0.020700
0.0 0.670564 0.612002 0.013610 0.035093
0.0 0.735814 0.421915 0.016793 0.036071
0.0 0.541944 0.651506 0.019499 0.038833
0.0 0.710349 0.410569 0.010125 0.023396
0.0 0.251460 0.765790 0.014003 0.030383
0.0 0.414314 0.233647 0.019865 0.033150
