0.0 0.565172 0.912545 0.019381 0.030625
0.0 0.404169 0.988118 0.022464 0.023764
0.0 0.506628 0.928211 0.018560 0.034936
0.0 0.436459 0.994951 0.024459 0.010098
0.0 0.324578 0.391725 0.020351 0.037396
0.0 0.720476 0.780731 0.011631 0.028853
0.0 0.683590 0.528412 0.015712 0.033028
0.0 0.489886 0.350262 0.021026 0.039468
0.0 0.597047 0.940415 0.020672 0.033831
0.0 0.647760 0.640762 0.020731 0.034771
0.0 0.347823 0.911455 0.020469 0.039274
0.0 0.596508 0.308577 0.022700 0.040049
0.0 0.515038 0.140127 0.020029 0.040960
0.0 0.333370 0.941955 0.023344 0.032921
0.0 0.207382 0.574693 0.019911 0.039080
0.0 0.222977 0.366998 0.026046 0.041211
0.0 0.414724 0.807976 0.021112 0.032146
0.0 0.483058 0.913306 0.020554 0.031952
0.0 0.619240 0.994390 0.021643 0.011220
0.0 0.481390 0.826331 0.022346 0.034413
0.0 0.651277 0.303118 0.020967 0.038528
0.0 0.706212 0.703781 0.016007 0.037724
0.0 0.755218 0.667523 0.020174 0.034577
0.0 0.537034 0.843256 0.022845 0.033667
0.0 0.229795 0.644394 0.020206 0.043778
0.0 0.497750 0.488347 0.024373 0.040630
0.0 0.655033 0.247786 0.029570 0.045192
0.0 0.732954 0.772586 0.015095 0.031894
0.0 0.721026 0.563012 0.013390 0.022112
