0 0.688542 0.439352 0.014583 0.030556
0 0.653646 0.740741 0.017708 0.031481
0 0.686719 0.687500 0.017188 0.030556
0 0.389583 0.212037 0.016667 0.029630
0 0.623437 0.805556 0.017708 0.029630
0 0.419531 0.952315 0.022396 0.025000
0 0.432292 0.943981 0.020833 0.023148
0 0.664062 0.540278 0.015625 0.034259
0 0.352604 0.758333 0.016667 0.022222
0 0.674740 0.265741 0.015104 0.027778
0 0.478906 0.968056 0.019271 0.023148
0 0.298438 0.711111 0.015625 0.024074
0 0.460938 0.834722 0.018750 0.023148
0 0.251302 0.478704 0.018229 0.027778
0 0.640885 0.686574 0.016146 0.026852
0 0.680729 0.768056 0.017708 0.032407
0 0.283073 0.225463 0.024479 0.037963
0 0.572135 0.825926 0.017188 0.027778
0 0.509115 0.886111 0.018229 0.025926
0 0.238281 0.705556 0.017188 0.027778
0 0.410156 0.581019 0.015104 0.032407
0 0.285677 0.402778 0.016146 0.025926
0 0.600781 0.137963 0.020313 0.027778
0 0.333073 0.401852 0.020313 0.031481
0 0.370573 0.842593 0.015104 0.027778
0 0.459635 0.064352 0.024479 0.032407
0 0.720313 0.425463 0.022917 0.030556
0 0.721354 0.499537 0.018750 0.039815
0 0.307292 0.873148 0.015625 0.035185
0 0.289323 0.788889 0.015104 0.022222
