0 0.470313 0.912963 0.014583 0.025926
0 0.625521 0.731944 0.015625 0.034259
0 0.251302 0.356944 0.015104 0.032407
0 0.306250 0.365278 0.016667 0.028704
0 0.441146 0.339815 0.014583 0.027778
0 0.316406 0.586111 0.018229 0.027778
0 0.264844 0.358333 0.015104 0.035185
0 0.495833 0.967130 0.020833 0.032407
0 0.291667 0.238426 0.017708 0.030556
0 0.548958 0.908796 0.017708 0.025000
0 0.347135 0.770370 0.020313 0.029630
0 0.253125 0.622685 0.016667 0.025000
0 0.554167 0.650000 0.015625 0.033333
0 0.609896 0.700926 0.021875 0.037037
0 0.293229 0.630093 0.014583 0.032407
0 0.314063 0.267130 0.015625 0.037963
0 0.646875 0.776389 0.015625 0.026852
0 0.722656 0.606019 0.018229 0.032407
0 0.225521 0.601389 0.015625 0.034259
0 0.299740 0.196296 0.015104 0.025926
0 0.410156 0.782870 0.016146 0.032407
0 0.397656 0.089352 0.021354 0.025000
0 0.572396 0.121759 0.015625 0.030556
0 0.344010 0.450000 0.018229 0.037037
0 0.394792 0.925926 0.021875 0.027778
0 0.283073 0.794444 0.019271 0.027778
0 0.345573 0.919444 0.018229 0.029630
0 0.358854 0.221759 0.013542 0.026852
0 0.481250 0.903704 0.016667 0.020370
