0.0 0.474908 0.956603 0.016147 0.026614
0.0 0.310868 0.787770 0.017411 0.034927
0.0 0.720255 0.392031 0.016819 0.033060
0.0 0.660942 0.403908 0.018439 0.029500
0.0 0.516115 0.387631 0.016179 0.028446
0.0 0.646230 0.623060 0.020105 0.028687
0.0 0.705649 0.394300 0.016866 0.035808
0.0 0.446501 0.997580 0.022988 0.004840
0.0 0.678815 0.277443 0.019591 0.031401
0.0 0.390291 0.957678 0.019496 0.025904
0.0 0.609990 0.807387 0.022381 0.030657
0.0 0.713749 0.655062 0.018375 0.025835
0.0 0.389106 0.701982 0.017396 0.034011
0.0 0.328224 0.756049 0.024189 0.038088
0.0 0.670436 0.665042 0.016258 0.033026
0.0 0.654207 0.307321 0.017475 0.038591
0.0 0.287113 0.833152 0.017285 0.027599
0.0 0.208421 0.669605 0.020184 0.033267
0.0 0.743838 0.632168 0.017411 0.034927
0.0 0.670841 0.236295 0.016708 0.026648
0.0 0.541912 0.823919 0.017941 0.033129
0.0 0.567229 0.136962 0.023422 0.026145
0.0 0.378507 0.180572 0.017348 0.031263
0.0 0.618832 0.490223 0.020263 0.037847
0.0 0.556011 0.964436 0.024031 0.028928
0.0 0.678563 0.826971 0.021227 0.028756
0.0 0.609123 0.954770 0.020136 0.030519
0.0 0.606749 0.265394 0.015042 0.027461
0.0 0.463289 0.948165 0.018296 0.021255
