0 0.503646 0.878241 0.016667 0.021296
0 0.445052 0.831019 0.019271 0.023148
0 0.555208 0.818981 0.019792 0.028704
0 0.647135 0.218981 0.018229 0.030556
0 0.479948 0.836111 0.017188 0.020370
0 0.662240 0.761111 0.016146 0.025926
0 0.457552 0.136111 0.020313 0.033333
0 0.395313 0.804167 0.018750 0.028704
0 0.503646 0.850000 0.016667 0.025926
0 0.266667 0.603241 0.016667 0.032407
0 0.598177 0.814815 0.019271 0.027778
0 0.444010 0.860185 0.021354 0.027778
0 0.328906 0.293056 0.016146 0.034259
0 0.679948 0.774537 0.019271 0.026852
0 0.442969 0.972222 0.020313 0.024074
0 0.457552 0.935185 0.017188 0.025926
0 0.352865 0.924537 0.021354 0.036111
0 0.659115 0.521296 0.013021 0.033333
0 0.553125 0.469907 0.016667 0.034259
0 0.623698 0.707870 0.019271 0.025000
0 0.251823 0.757870 0.018229 0.034259
0 0.705990 0.373148 0.016146 0.027778
0 0.265885 0.326852 0.017188 0.033333
0 0.271354 0.219444 0.017708 0.022222
0 0.575000 0.933796 0.018750 0.026852
0 0.404687 0.262500 0.016667 0.032407
0 0.254427 0.680556 0.014063 0.029630
0 0.445833 0.120370 0.018750 0.020370
0 0.564323 0.834259 0.009896 0.016667
