0.0 0.480791 0.901463 0.018633 0.025554
0.0 0.535181 0.837221 0.021410 0.028181
0.0 0.423749 0.864658 0.022438 0.033507
0.0 0.277036 0.341359 0.021041 0.034674
0.0 0.500691 0.854158 0.019071 0.024879
0.0 0.311273 0.848569 0.018533 0.029658
0.0 0.459381 0.198234 0.023381 0.037975
0.0 0.582555 0.794939 0.021394 0.033142
0.0 0.478220 0.875317 0.019055 0.029841
0.0 0.693114 0.563858 0.019645 0.035841
0.0 0.380331 0.875851 0.021832 0.032467
0.0 0.538880 0.863859 0.023918 0.033197
0.0 0.602528 0.298479 0.019292 0.037373
0.0 0.294759 0.867201 0.021748 0.031610
0.0 0.550125 0.967221 0.022538 0.029403
0.0 0.532146 0.938039 0.019577 0.030023
0.0 0.636033 0.891514 0.024677 0.040912
0.0 0.292565 0.625447 0.016078 0.035421
0.0 0.394048 0.540746 0.019814 0.037556
0.0 0.345030 0.785777 0.021579 0.029895
0.0 0.722063 0.701818 0.021378 0.038103
0.0 0.232124 0.504706 0.018702 0.031373
0.0 0.668729 0.307695 0.020251 0.036881
0.0 0.653470 0.210169 0.019760 0.026776
0.0 0.414380 0.977889 0.021226 0.031428
0.0 0.523841 0.296732 0.019645 0.035841
0.0 0.712414 0.631151 0.016784 0.032358
0.0 0.469685 0.179556 0.020635 0.025426
0.0 0.416011 0.881996 0.011430 0.018897
