0.0 0.282298 0.565986 0.016291 0.035205
0.0 0.290242 0.377507 0.017334 0.027694
0.0 0.746785 0.371687 0.015724 0.035168
0.0 0.408958 0.973763 0.019001 0.024962
0.0 0.488123 0.101824 0.018978 0.023065
0.0 0.712157 0.841972 0.016721 0.023862
0.0 0.773573 0.686941 0.018651 0.042945
0.0 0.270460 0.784626 0.021361 0.032702
0.0 0.261359 0.382759 0.019567 0.025000
0.0 0.402734 0.992686 0.020725 0.014627
0.0 0.501051 0.891672 0.018956 0.021168
0.0 0.311731 0.794683 0.019579 0.025948
0.0 0.548700 0.997302 0.020702 0.005395
0.0 0.266907 0.748792 0.020725 0.026973
0.0 0.611264 0.990970 0.019001 0.018061
0.0 0.370252 0.328971 0.016256 0.032361
0.0 0.637568 0.186763 0.027645 0.036912
0.0 0.695044 0.929022 0.020158 0.026935
0.0 0.533939 0.959718 0.020702 0.025075
0.0 0.736813 0.697940 0.023187 0.043248
0.0 0.673982 0.876797 0.018990 0.024013
0.0 0.411127 0.235589 0.020759 0.029818
0.0 0.570166 0.598487 0.016846 0.034295
0.0 0.763045 0.778771 0.021304 0.027959
0.0 0.449992 0.422839 0.023618 0.031905
0.0 0.792142 0.532399 0.017482 0.040024
0.0 0.411905 0.182380 0.024706 0.028186
0.0 0.783560 0.409098 0.020352 0.043059
0.0 0.273356 0.648218 0.016881 0.037140
0.0 0.752124 0.461507 0.013885 0.023672
