0.0 0.280555 0.756756 0.014847 0.029914
0.0 0.361911 0.870107 0.021439 0.021142
0.0 0.397558 0.939206 0.016214 0.024582
0.0 0.392599 0.813526 0.022682 0.024753
0.0 0.372736 0.834523 0.019448 0.024668
0.0 0.269259 0.738522 0.018371 0.024639
0.0 0.510960 0.240029 0.020527 0.024696
0.0 0.571082 0.892229 0.019946 0.023786
0.0 0.323776 0.279021 0.016837 0.026388
0.0 0.315846 0.362660 0.016505 0.030852
0.0 0.403838 0.792300 0.023927 0.028365
0.0 0.318354 0.703950 0.025504 0.039141
0.0 0.343388 0.280885 0.018246 0.021952
0.0 0.645429 0.174084 0.017956 0.027312
0.0 0.462359 0.973203 0.020443 0.022905
0.0 0.353445 0.930416 0.022186 0.025635
0.0 0.299555 0.841555 0.021605 0.024725
0.0 0.748351 0.741326 0.021358 0.042610
0.0 0.724409 0.553715 0.016050 0.032629
0.0 0.644020 0.843938 0.016462 0.018327
0.0 0.503400 0.856362 0.020402 0.022009
0.0 0.584382 0.977774 0.023429 0.029246
0.0 0.463526 0.930636 0.021024 0.023815
0.0 0.266364 0.510217 0.016755 0.036226
0.0 0.394136 0.454857 0.022021 0.033681
0.0 0.704681 0.821777 0.020610 0.026488
0.0 0.774134 0.453245 0.023927 0.028365
0.0 0.338943 0.341748 0.011861 0.023573
0.0 0.633279 0.860245 0.018038 0.017474
