0.0 0.691552 0.692526 0.013557 0.034143
0.0 0.621055 0.831296 0.019269 0.027035
0.0 0.590435 0.912197 0.014693 0.029122
0.0 0.593086 0.780897 0.020420 0.031011
0.0 0.610972 0.797357 0.017557 0.030067
0.0 0.701306 0.670678 0.016603 0.029752
0.0 0.480286 0.219072 0.018511 0.030381
0.0 0.436069 0.909539 0.017985 0.029309
0.0 0.646642 0.209858 0.015269 0.031111
0.0 0.654826 0.294264 0.015038 0.035529
0.0 0.582835 0.761919 0.021572 0.034988
0.0 0.657336 0.647914 0.023118 0.046287
0.0 0.629295 0.216976 0.016455 0.027006
0.0 0.360254 0.186458 0.016273 0.032341
0.0 0.533503 0.964511 0.018413 0.028551
0.0 0.629391 0.891430 0.019993 0.031769
0.0 0.675897 0.785261 0.019466 0.030696
0.0 0.276945 0.800382 0.019496 0.048689
0.0 0.295552 0.600004 0.014660 0.037203
0.0 0.370788 0.878897 0.014826 0.022873
0.0 0.495527 0.854528 0.018364 0.027635
0.0 0.425474 0.991831 0.021144 0.016337
0.0 0.531879 0.920794 0.018940 0.029623
0.0 0.700705 0.433781 0.015333 0.041022
0.0 0.586752 0.410342 0.019959 0.039850
0.0 0.316745 0.872033 0.018610 0.032212
0.0 0.250111 0.509252 0.021572 0.034988
0.0 0.634076 0.278749 0.010826 0.026948
0.0 0.380529 0.892920 0.016209 0.022429
