0.0 0.605990 0.780556 0.014063 0.029630
0.0 0.697917 0.784259 0.016667 0.022222
0.0 0.621615 0.210185 0.019271 0.027778
0.0 0.775000 0.390741 0.014583 0.033333
0.0 0.611458 0.854167 0.017708 0.023148
0.0 0.527344 0.721296 0.020313 0.029630
0.0 0.286458 0.651389 0.014583 0.030556
0.0 0.305469 0.596296 0.017188 0.022222
0.0 0.534635 0.210648 0.015104 0.032407
0.0 0.660677 0.120370 0.015104 0.029630
0.0 0.726302 0.279167 0.014063 0.036111
0.0 0.461458 0.939352 0.018750 0.023148
0.0 0.758854 0.642130 0.018750 0.041667
0.0 0.542969 0.938426 0.018229 0.025000
0.0 0.366146 0.872222 0.017708 0.037037
0.0 0.397135 0.862500 0.023438 0.037963
0.0 0.606510 0.411574 0.020313 0.032407
0.0 0.700000 0.241204 0.019792 0.028704
0.0 0.510156 0.117130 0.018229 0.025000
0.0 0.743229 0.760648 0.015625 0.034259
0.0 0.620052 0.093981 0.021354 0.026852
0.0 0.400000 0.562500 0.017708 0.026852
0.0 0.750521 0.439815 0.012500 0.027778
0.0 0.517969 0.814352 0.019271 0.023148
0.0 0.567969 0.675000 0.018229 0.027778
0.0 0.274479 0.490741 0.017708 0.037037
0.0 0.345833 0.728704 0.021875 0.031481
0.0 0.417188 0.912037 0.020833 0.029630
0.0 0.678906 0.234722 0.014063 0.021296
0.0 0.340104 0.631481 0.014583 0.025926
