0.0 0.539710 0.932048 0.019825 0.025211
0.0 0.319370 0.592830 0.012895 0.015134
0.0 0.388829 0.859746 0.016422 0.026255
0.0 0.709538 0.802089 0.016067 0.027814
0.0 0.327635 0.481054 0.014747 0.024352
0.0 0.349523 0.551159 0.017006 0.027163
0.0 0.279851 0.713516 0.020689 0.023738
0.0 0.698346 0.822747 0.018962 0.026685
0.0 0.727593 0.693223 0.017894 0.031360
0.0 0.661819 0.799444 0.016702 0.023873
0.0 0.423812 0.185368 0.019241 0.024303
0.0 0.359421 0.351960 0.019621 0.028415
0.0 0.358802 0.484240 0.016143 0.028636
0.0 0.520545 0.835259 0.020181 0.023652
0.0 0.585760 0.486726 0.021169 0.034343
0.0 0.693687 0.641548 0.026475 0.037670
0.0 0.617966 0.897263 0.019393 0.025948
0.0 0.377123 0.258068 0.019722 0.034908
0.0 0.730393 0.489900 0.016015 0.032662
0.0 0.450942 0.251766 0.021069 0.027851
0.0 0.772838 0.574758 0.022921 0.037068
0.0 0.297114 0.761121 0.022541 0.032956
0.0 0.426900 0.439384 0.020281 0.030146
0.0 0.267160 0.613646 0.014847 0.030845
0.0 0.316758 0.487148 0.010760 0.024487
0.0 0.319695 0.751162 0.013275 0.019246
0.0 0.313415 0.768891 0.014671 0.023530
0.0 0.397704 0.864171 0.012539 0.016693
0.0 0.547655 0.924205 0.015155 0.017945
0.0 0.685779 0.824797 0.015763 0.024524
