0.0 0.307842 0.858034 0.017787 0.030300
0.0 0.691531 0.170710 0.014264 0.025223
0.0 0.259459 0.648326 0.016808 0.034178
0.0 0.351854 0.819117 0.019429 0.029396
0.0 0.759121 0.365265 0.019808 0.040212
0.0 0.254489 0.567583 0.016981 0.039095
0.0 0.270573 0.823989 0.023406 0.031550
0.0 0.487184 0.878405 0.018870 0.029370
0.0 0.270086 0.782295 0.022952 0.034472
0.0 0.479104 0.243210 0.019325 0.026446
0.0 0.403438 0.913825 0.018801 0.027403
0.0 0.679985 0.817151 0.020262 0.037289
0.0 0.557897 0.888762 0.020545 0.029450
0.0 0.741540 0.794572 0.021586 0.043242
0.0 0.687011 0.712275 0.023509 0.034499
0.0 0.628547 0.559491 0.018518 0.035242
0.0 0.275523 0.540073 0.014541 0.033089
0.0 0.463896 0.176209 0.015623 0.032159
0.0 0.348451 0.685783 0.017891 0.033249
0.0 0.748560 0.626384 0.022496 0.037396
0.0 0.551376 0.812510 0.020331 0.039255
0.0 0.282133 0.351781 0.016808 0.034178
0.0 0.656763 0.152743 0.024654 0.051241
0.0 0.323896 0.948553 0.017436 0.036172
0.0 0.307348 0.530696 0.021662 0.029503
0.0 0.470936 0.197958 0.015382 0.025276
0.0 0.273637 0.760530 0.016044 0.028253
0.0 0.757351 0.391853 0.020297 0.038272
