0.0 0.316407 0.814434 0.017340 0.030477
0.0 0.691256 0.200485 0.013928 0.025338
0.0 0.276176 0.601858 0.016518 0.034185
0.0 0.358457 0.783073 0.018853 0.029697
0.0 0.749794 0.401166 0.019464 0.040222
0.0 0.273449 0.522095 0.016796 0.038969
0.0 0.282390 0.775433 0.022620 0.032024
0.0 0.483506 0.861742 0.018330 0.029638
0.0 0.282925 0.734563 0.022265 0.034835
0.0 0.491037 0.238997 0.018686 0.026826
0.0 0.404410 0.883615 0.018219 0.027724
0.0 0.665118 0.831237 0.019819 0.037410
0.0 0.549336 0.882670 0.019897 0.029815
0.0 0.723173 0.818542 0.021198 0.043269
0.0 0.674174 0.729693 0.022787 0.034894
0.0 0.623171 0.571277 0.018141 0.035319
0.0 0.293757 0.498388 0.014373 0.032993
0.0 0.478417 0.171118 0.015362 0.032154
0.0 0.358444 0.652092 0.017507 0.033347
0.0 0.733726 0.655048 0.021909 0.037646
0.0 0.545053 0.807065 0.019930 0.039324
0.0 0.304405 0.315162 0.016518 0.034185
0.0 0.659195 0.177598 0.024254 0.051219
0.0 0.329259 0.905454 0.017151 0.036158
0.0 0.323718 0.494072 0.020942 0.029933
0.0 0.484479 0.193473 0.014973 0.025456
0.0 0.286760 0.713809 0.015662 0.028386
0.0 0.747510 0.426911 0.019874 0.038367
