0 0.293490 0.842593 0.016146 0.024074
0 0.277604 0.747685 0.015625 0.026852
0 0.654427 0.790278 0.018229 0.025000
0 0.670833 0.662500 0.017708 0.023148
0 0.603906 0.132407 0.017188 0.025926
0 0.445312 0.952778 0.023958 0.031481
0 0.252865 0.748611 0.016146 0.030556
0 0.294010 0.716204 0.019271 0.032407
0 0.451823 0.852315 0.018229 0.034259
0 0.512760 0.179630 0.017188 0.025926
0 0.380208 0.946759 0.019792 0.023148
0 0.271875 0.343519 0.015625 0.027778
0 0.295052 0.516204 0.016146 0.028704
0 0.358594 0.177778 0.018229 0.029630
0 0.317188 0.145370 0.019792 0.029630
0 0.238021 0.538426 0.012500 0.030556
0 0.362500 0.518056 0.013542 0.034259
0 0.332031 0.561111 0.020313 0.040741
0 0.661198 0.758333 0.016146 0.025926
0 0.511719 0.957870 0.022396 0.030556
0 0.309896 0.193981 0.014583 0.028704
0 0.422396 0.881944 0.017708 0.023148
0 0.279687 0.660648 0.013542 0.032407
0 0.709635 0.577315 0.018229 0.030556
0 0.355990 0.720370 0.019271 0.024074
0 0.370833 0.890278 0.016667 0.019444
0 0.298958 0.740278 0.015625 0.030556
0 0.297396 0.864352 0.016667 0.025000
0 0.424740 0.332870 0.013021 0.030556
