0 0.311719 0.603241 0.014063 0.028704
0 0.322396 0.810185 0.016667 0.022222
0 0.317969 0.632870 0.015104 0.026852
0 0.484375 0.660648 0.017708 0.019444
0 0.268229 0.345833 0.014583 0.032407
0 0.672396 0.771759 0.022917 0.036111
0 0.455208 0.851389 0.018750 0.036111
0 0.578385 0.918981 0.021354 0.032407
0 0.671354 0.717130 0.015625 0.028704
0 0.614583 0.787037 0.015625 0.031481
0 0.342708 0.813426 0.017708 0.025000
0 0.359375 0.922685 0.015625 0.037963
0 0.443750 0.113889 0.021875 0.031481
0 0.493750 0.085648 0.017708 0.026852
0 0.242708 0.722685 0.016667 0.032407
0 0.266927 0.246759 0.020313 0.025000
0 0.589844 0.852778 0.021354 0.029630
0 0.304427 0.873611 0.017188 0.037963
0 0.535417 0.936574 0.017708 0.030556
0 0.394010 0.150000 0.018229 0.025926
0 0.517708 0.714815 0.019792 0.027778
0 0.234896 0.314352 0.019792 0.030556
0 0.425521 0.950926 0.018750 0.022222
0 0.626302 0.625000 0.017188 0.037037
0 0.533333 0.681481 0.014583 0.035185
0 0.242708 0.475000 0.016667 0.033333
0 0.379948 0.182407 0.014063 0.020370
0 0.262500 0.341204 0.015625 0.036111
