0 0.684896 0.573611 0.012500 0.023148
0 0.472135 0.867130 0.016146 0.021296
0 0.708073 0.495833 0.019271 0.032407
0 0.272656 0.519907 0.016146 0.032407
0 0.296875 0.273611 0.016667 0.026852
0 0.443750 0.925926 0.018750 0.022222
0 0.441146 0.967593 0.019792 0.025926
0 0.659115 0.713889 0.018229 0.033333
0 0.238542 0.380556 0.012500 0.029630
0 0.307031 0.163426 0.018229 0.028704
0 0.384115 0.340278 0.016146 0.032407
0 0.521615 0.854630 0.019271 0.025926
0 0.364063 0.447222 0.017708 0.029630
0 0.362760 0.134259 0.020313 0.031481
0 0.330990 0.694907 0.015104 0.028704
0 0.684115 0.758333 0.016146 0.029630
0 0.690365 0.682870 0.018229 0.028704
0 0.257031 0.721759 0.015104 0.028704
0 0.568229 0.937037 0.020833 0.027778
0 0.230469 0.667130 0.015104 0.034259
0 0.596875 0.907870 0.023958 0.026852
0 0.324740 0.843056 0.016146 0.025000
0 0.420833 0.144907 0.020833 0.028704
0 0.511719 0.931019 0.018229 0.023148
0 0.226823 0.355093 0.016146 0.030556
0 0.257292 0.456944 0.013542 0.030556
0 0.328646 0.207407 0.014583 0.020370
0 0.441146 0.397685 0.019792 0.026852
0 0.667448 0.737963 0.014063 0.024074
