0.0 0.284205 0.690564 0.013897 0.028917
0.0 0.511140 0.932899 0.017128 0.028159
0.0 0.255106 0.615231 0.021111 0.041076
0.0 0.664412 0.495132 0.018190 0.040030
0.0 0.618231 0.240108 0.018146 0.034270
0.0 0.543293 0.985599 0.019651 0.028802
0.0 0.321713 0.831799 0.020226 0.041717
0.0 0.682980 0.334829 0.014517 0.035842
0.0 0.598205 0.125790 0.019783 0.036771
0.0 0.543056 0.340549 0.018190 0.040030
0.0 0.463694 0.936115 0.020492 0.034152
0.0 0.572022 0.448089 0.019385 0.037586
0.0 0.543325 0.113293 0.021997 0.040436
0.0 0.626612 0.701632 0.016862 0.035725
0.0 0.302592 0.887654 0.017925 0.037063
0.0 0.289537 0.809125 0.019783 0.036771
0.0 0.698312 0.705552 0.016862 0.035725
0.0 0.717919 0.638292 0.017393 0.041659
0.0 0.398433 0.999922 0.024961 0.000157
0.0 0.646616 0.857817 0.017482 0.032116
0.0 0.490059 0.144117 0.022217 0.037643
0.0 0.480246 0.999497 0.019252 0.001005
0.0 0.691500 0.303700 0.018013 0.038052
0.0 0.672755 0.422719 0.015579 0.037180
0.0 0.582205 0.180017 0.015579 0.026646
0.0 0.495234 0.420980 0.021067 0.035316
0.0 0.316225 0.860310 0.015447 0.030429
