0 0.325521 0.884722 0.017708 0.032407
0 0.714063 0.424537 0.015625 0.034259
0 0.394010 0.878241 0.019271 0.026852
0 0.312240 0.881944 0.016146 0.032407
0 0.225521 0.455093 0.020833 0.026852
0 0.292969 0.664352 0.011979 0.026852
0 0.720573 0.405093 0.022396 0.036111
0 0.314844 0.251389 0.016146 0.026852
0 0.413802 0.835648 0.018229 0.025000
0 0.552865 0.405093 0.018229 0.030556
0 0.265104 0.702315 0.013542 0.034259
0 0.361458 0.587037 0.016667 0.031481
0 0.701042 0.681481 0.020833 0.033333
0 0.573958 0.820833 0.015625 0.023148
0 0.346354 0.783333 0.016667 0.024074
0 0.241406 0.628704 0.014063 0.029630
0 0.519792 0.846759 0.015625 0.034259
0 0.697917 0.354167 0.018750 0.039815
0 0.656771 0.606481 0.014583 0.031481
0 0.547135 0.934259 0.017188 0.027778
0 0.609635 0.829630 0.017188 0.027778
0 0.638021 0.728241 0.018750 0.025000
0 0.504948 0.965741 0.019271 0.029630
0 0.478385 0.863889 0.021354 0.033333
0 0.434635 0.407870 0.017188 0.025000
0 0.483073 0.960648 0.018229 0.023148
0 0.338802 0.870370 0.014063 0.022222
0 0.342448 0.889352 0.018229 0.025000
0 0.558073 0.120833 0.010937 0.025000
