0.0 0.660384 0.829016 0.011300 0.024434
0.0 0.651364 0.817095 0.014739 0.031871
0.0 0.288437 0.863861 0.013756 0.029746
0.0 0.314766 0.229119 0.016709 0.038156
0.0 0.257760 0.693493 0.016216 0.036075
0.0 0.665455 0.857584 0.015740 0.042143
0.0 0.550275 0.868920 0.016194 0.025890
0.0 0.590336 0.216145 0.017187 0.033108
0.0 0.648511 0.891689 0.019146 0.034302
0.0 0.637898 0.267893 0.012790 0.034751
0.0 0.278659 0.863210 0.017685 0.037225
0.0 0.353046 0.835162 0.019632 0.033327
0.0 0.234034 0.586657 0.016229 0.042187
0.0 0.607575 0.159102 0.017189 0.034127
0.0 0.631536 0.828037 0.013273 0.031739
0.0 0.417616 0.935284 0.018156 0.029121
0.0 0.387736 0.736331 0.018156 0.029121
0.0 0.652209 0.654595 0.014759 0.041037
0.0 0.289787 0.582682 0.016234 0.044224
0.0 0.718092 0.490853 0.015742 0.043162
0.0 0.535009 0.918150 0.013281 0.035812
0.0 0.258728 0.809496 0.014748 0.035944
0.0 0.546490 0.142171 0.024045 0.038813
0.0 0.413562 0.989499 0.021120 0.021002
0.0 0.704209 0.355131 0.015727 0.036031
0.0 0.410309 0.253657 0.021109 0.037532
0.0 0.604760 0.885934 0.017672 0.031115
0.0 0.567542 0.911162 0.014730 0.027796
