0.0 0.643357 0.716000 0.018441 0.026471
0.0 0.212903 0.641115 0.019257 0.036232
0.0 0.318475 0.919375 0.017954 0.028987
0.0 0.750355 0.589754 0.018605 0.032610
0.0 0.602302 0.893637 0.023549 0.031012
0.0 0.215071 0.611890 0.022277 0.045575
0.0 0.727757 0.419990 0.019719 0.032839
0.0 0.692782 0.670504 0.016188 0.025135
0.0 0.693091 0.545295 0.014682 0.030930
0.0 0.700346 0.750050 0.022553 0.035166
0.0 0.651385 0.829898 0.018370 0.023840
0.0 0.749404 0.552887 0.016910 0.031389
0.0 0.687791 0.433016 0.015749 0.029406
0.0 0.582723 0.683571 0.020693 0.027807
0.0 0.504196 0.130269 0.021203 0.026168
0.0 0.419503 0.943485 0.025268 0.033110
0.0 0.304640 0.918735 0.021485 0.036691
0.0 0.493780 0.787349 0.020088 0.025938
0.0 0.655195 0.274467 0.019625 0.029331
0.0 0.642264 0.209107 0.021297 0.029676
0.0 0.537427 0.192758 0.021226 0.027045
0.0 0.396744 0.903695 0.021784 0.027159
0.0 0.658286 0.603479 0.017027 0.035773
0.0 0.531930 0.759437 0.017397 0.028873
0.0 0.279886 0.912059 0.017051 0.036650
0.0 0.274600 0.788875 0.017538 0.034134
0.0 0.596627 0.857306 0.018998 0.026586
0.0 0.732108 0.526361 0.017679 0.039396
0.0 0.686496 0.760314 0.013983 0.025553
0.0 0.442558 0.486562 0.020135 0.027692
