0.0 0.536671 0.922630 0.023220 0.026522
0.0 0.595655 0.931514 0.020214 0.022740
0.0 0.730243 0.590968 0.019063 0.029214
0.0 0.315443 0.675065 0.019271 0.032003
0.0 0.366339 0.602423 0.018725 0.031991
0.0 0.448418 0.140499 0.020432 0.032958
0.0 0.361214 0.843021 0.021990 0.024637
0.0 0.717400 0.522085 0.018179 0.031979
0.0 0.520961 0.914164 0.020829 0.023682
0.0 0.258969 0.504565 0.019947 0.026448
0.0 0.738198 0.670641 0.016474 0.031012
0.0 0.779073 0.535086 0.018387 0.034769
0.0 0.379485 0.356538 0.023844 0.034892
0.0 0.410691 0.931971 0.030460 0.035970
0.0 0.565944 0.990080 0.027118 0.019840
0.0 0.618815 0.898494 0.025272 0.032138
0.0 0.465607 0.776136 0.021929 0.031135
0.0 0.264335 0.754212 0.018318 0.033839
0.0 0.315706 0.422971 0.018248 0.032909
0.0 0.470430 0.503048 0.022475 0.031148
0.0 0.532893 0.801546 0.025203 0.031209
0.0 0.503574 0.156896 0.025203 0.031209
0.0 0.756090 0.737554 0.020371 0.039457
0.0 0.329260 0.785711 0.019886 0.032946
0.0 0.392904 0.775918 0.018248 0.032909
0.0 0.307526 0.477937 0.017564 0.031037
0.0 0.559302 0.498258 0.017287 0.027317
0.0 0.568220 0.773358 0.017218 0.026386
0.0 0.595521 0.958908 0.025472 0.027501
0.0 0.579676 0.948587 0.017616 0.017111
