0 0.530208 0.920833 0.018750 0.023148
0 0.282031 0.663889 0.015104 0.029630
0 0.570052 0.936111 0.021354 0.031481
0 0.273177 0.712500 0.017188 0.030556
0 0.675260 0.594907 0.015104 0.023148
0 0.640104 0.800926 0.019792 0.025926
0 0.604427 0.896759 0.016146 0.021296
0 0.305729 0.164815 0.016667 0.033333
0 0.352083 0.115278 0.020833 0.041667
0 0.710938 0.370833 0.025000 0.034259
0 0.464062 0.761574 0.017708 0.028704
0 0.248698 0.747222 0.014063 0.033333
0 0.404167 0.858796 0.018750 0.028704
0 0.730208 0.522222 0.017708 0.033333
0 0.229948 0.572222 0.017188 0.022222
0 0.671615 0.549074 0.017188 0.031481
0 0.241146 0.472222 0.015625 0.033333
0 0.272135 0.356944 0.014063 0.032407
0 0.719531 0.571296 0.015104 0.033333
0 0.525260 0.960648 0.019271 0.034259
0 0.353906 0.898148 0.021354 0.033333
0 0.444531 0.962037 0.018229 0.029630
0 0.471094 0.694444 0.016146 0.033333
0 0.286979 0.645370 0.010417 0.029630
0 0.497917 0.943519 0.016667 0.022222
0 0.547656 0.923611 0.016146 0.025000
0 0.630208 0.788889 0.014583 0.022222
0 0.611458 0.747685 0.015625 0.023148
0 0.549740 0.475463 0.014063 0.030556
