0 0.480208 0.793981 0.013542 0.021296
0 0.409115 0.901389 0.017188 0.021296
0 0.369010 0.748148 0.015104 0.033333
0 0.289844 0.652315 0.016146 0.037963
0 0.465104 0.773611 0.014583 0.019444
0 0.690365 0.335648 0.015104 0.030556
0 0.534896 0.774537 0.014583 0.030556
0 0.244271 0.504167 0.014583 0.032407
0 0.515885 0.921296 0.023438 0.037037
0 0.219792 0.404630 0.016667 0.033333
0 0.220833 0.616204 0.015625 0.026852
0 0.385937 0.779167 0.016667 0.021296
0 0.219010 0.474074 0.013021 0.031481
0 0.453125 0.855093 0.021875 0.026852
0 0.307031 0.760648 0.015104 0.026852
0 0.261198 0.685185 0.014063 0.031481
0 0.645312 0.742130 0.017708 0.028704
0 0.570312 0.828241 0.017708 0.030556
0 0.718229 0.565741 0.023958 0.031481
0 0.672917 0.754167 0.015625 0.030556
0 0.720313 0.448611 0.014583 0.036111
0 0.333073 0.836111 0.017188 0.033333
0 0.293750 0.838426 0.015625 0.034259
0 0.437240 0.952778 0.019271 0.025926
0 0.526563 0.957407 0.019792 0.025926
0 0.305469 0.437963 0.019271 0.031481
0 0.433594 0.913426 0.014063 0.019444
0 0.698438 0.366667 0.012500 0.031481
