0.0 0.508603 0.830767 0.015218 0.024159
0.0 0.429034 0.917058 0.018897 0.025089
0.0 0.399730 0.757843 0.017671 0.036260
0.0 0.326825 0.644479 0.019060 0.041027
0.0 0.494846 0.807110 0.016133 0.022624
0.0 0.754080 0.438770 0.017469 0.033560
0.0 0.565207 0.825813 0.016943 0.033427
0.0 0.291633 0.488821 0.017078 0.035227
0.0 0.535328 0.963646 0.026351 0.041987
0.0 0.274184 0.385805 0.019248 0.036658
0.0 0.259816 0.591768 0.017725 0.030092
0.0 0.414551 0.792318 0.018371 0.024956
0.0 0.268334 0.453121 0.015434 0.033928
0.0 0.476819 0.883273 0.024032 0.031686
0.0 0.336275 0.754187 0.017199 0.029959
0.0 0.295523 0.669129 0.016486 0.034194
0.0 0.678993 0.822470 0.019961 0.032424
0.0 0.597033 0.887059 0.020096 0.034224
0.0 0.765430 0.669580 0.026471 0.036718
0.0 0.705973 0.841214 0.017994 0.033693
0.0 0.776069 0.556235 0.017348 0.038828
0.0 0.357055 0.834197 0.019774 0.036791
0.0 0.317204 0.826417 0.018264 0.037293
0.0 0.453671 0.974193 0.021336 0.030121
0.0 0.543472 0.993175 0.021862 0.013649
0.0 0.358214 0.440066 0.021741 0.035522
0.0 0.452859 0.935004 0.015608 0.022491
0.0 0.759966 0.470987 0.014908 0.033795
