0.0 0.429745 0.494410 0.023930 0.031659
0.0 0.396738 0.934798 0.016152 0.027872
0.0 0.297433 0.259412 0.016098 0.026026
0.0 0.349616 0.877945 0.021685 0.029786
0.0 0.751882 0.556609 0.015166 0.031547
0.0 0.524925 0.305651 0.017466 0.035265
0.0 0.736430 0.719640 0.018289 0.026054
0.0 0.610997 0.253720 0.017058 0.021427
0.0 0.676521 0.795420 0.023436 0.033497
0.0 0.573085 0.843441 0.019411 0.026991
0.0 0.248413 0.788127 0.018670 0.038970
0.0 0.676743 0.710119 0.015850 0.036167
0.0 0.237510 0.399745 0.027434 0.039081
0.0 0.511990 0.888311 0.018235 0.024209
0.0 0.537681 0.877572 0.020095 0.031610
0.0 0.732313 0.561431 0.016288 0.032484
0.0 0.491594 0.242979 0.024450 0.030744
0.0 0.710875 0.400697 0.018149 0.039885
0.0 0.723109 0.369960 0.019000 0.031596
0.0 0.508516 0.798353 0.021109 0.028857
0.0 0.581674 0.215537 0.021001 0.025166
0.0 0.703969 0.621475 0.016424 0.037097
0.0 0.658062 0.661466 0.018398 0.029745
0.0 0.352809 0.939773 0.020150 0.033455
0.0 0.559532 0.959464 0.020670 0.032539
0.0 0.285382 0.872056 0.018534 0.034357
0.0 0.436181 0.898413 0.021521 0.024251
0.0 0.396009 0.947239 0.019411 0.026991
0.0 0.254835 0.383827 0.021001 0.025166
