0.0 0.727344 0.525000 0.020313 0.038889
0.0 0.274740 0.685185 0.014063 0.037037
0.0 0.611198 0.863889 0.017188 0.025926
0.0 0.285677 0.811574 0.020313 0.028704
0.0 0.690104 0.767593 0.014583 0.035185
0.0 0.723698 0.555556 0.018229 0.044444
0.0 0.255469 0.761574 0.020313 0.028704
0.0 0.350260 0.809722 0.016146 0.026852
0.0 0.601302 0.816204 0.023438 0.023148
0.0 0.550260 0.946296 0.018229 0.033333
0.0 0.616927 0.651852 0.018229 0.031481
0.0 0.647135 0.728704 0.015104 0.031481
0.0 0.484115 0.742593 0.019271 0.024074
0.0 0.216406 0.579630 0.015104 0.033333
0.0 0.228385 0.409259 0.017188 0.042593
0.0 0.265365 0.700000 0.014063 0.033333
0.0 0.594792 0.531944 0.015625 0.032407
0.0 0.572656 0.798611 0.018229 0.025000
0.0 0.365885 0.118519 0.021354 0.029630
0.0 0.435156 0.850463 0.019271 0.023148
0.0 0.517188 0.962037 0.018750 0.031481
0.0 0.550521 0.541667 0.013542 0.020370
0.0 0.276562 0.745370 0.017708 0.024074
0.0 0.270052 0.780093 0.015104 0.021296
0.0 0.325521 0.788426 0.016667 0.025000
0.0 0.520052 0.851852 0.016146 0.014815
0.0 0.603385 0.832407 0.019271 0.022222
0.0 0.693490 0.703704 0.015104 0.024074
0.0 0.677865 0.788889 0.017188 0.025926
