0.0 0.258301 0.704893 0.013553 0.034937
0.0 0.294035 0.847711 0.013856 0.028063
0.0 0.562645 0.862966 0.016802 0.039218
0.0 0.503752 0.829570 0.021301 0.033762
0.0 0.571352 0.874894 0.019280 0.035527
0.0 0.439277 0.783923 0.018115 0.031461
0.0 0.653606 0.792435 0.019739 0.033602
0.0 0.260182 0.389013 0.015116 0.035098
0.0 0.702915 0.693145 0.012543 0.035819
0.0 0.681812 0.761908 0.017136 0.033333
0.0 0.264327 0.785660 0.018271 0.036409
0.0 0.290203 0.920121 0.021270 0.032773
0.0 0.522336 0.907071 0.021666 0.028867
0.0 0.360336 0.661831 0.016553 0.031300
0.0 0.351220 0.990246 0.017929 0.019508
0.0 0.619939 0.782090 0.013887 0.029053
0.0 0.523290 0.513351 0.020998 0.040636
0.0 0.652933 0.888197 0.021177 0.029803
0.0 0.226208 0.603133 0.022350 0.050640
0.0 0.686166 0.235152 0.020687 0.030739
0.0 0.596420 0.167938 0.024029 0.037989
0.0 0.412779 0.925257 0.020625 0.028760
0.0 0.537086 0.834029 0.015698 0.037131
0.0 0.445512 0.874534 0.019583 0.028653
0.0 0.582683 0.555575 0.017812 0.038335
0.0 0.702938 0.675879 0.017719 0.035366
0.0 0.490040 0.844793 0.017532 0.029428
0.0 0.422738 0.591775 0.020812 0.034699
