0.0 0.449757 0.975446 0.019497 0.021064
0.0 0.729794 0.522542 0.017130 0.034384
0.0 0.264042 0.376019 0.022966 0.033441
0.0 0.621829 0.923568 0.024721 0.034729
0.0 0.436994 0.162447 0.023156 0.040340
0.0 0.360417 0.163827 0.017045 0.028483
0.0 0.732075 0.421658 0.019646 0.037765
0.0 0.711233 0.592080 0.017236 0.035383
0.0 0.251009 0.345749 0.030092 0.039590
0.0 0.642475 0.948042 0.026264 0.034017
0.0 0.231426 0.797844 0.020894 0.029155
0.0 0.243356 0.880853 0.020999 0.030154
0.0 0.620982 0.513710 0.020429 0.034960
0.0 0.705953 0.522957 0.016474 0.033288
0.0 0.755929 0.518965 0.019752 0.038765
0.0 0.377414 0.910383 0.021887 0.028348
0.0 0.534977 0.897705 0.022204 0.031346
0.0 0.217264 0.720045 0.021317 0.033153
0.0 0.476407 0.998994 0.024045 0.002012
0.0 0.350863 0.946970 0.026053 0.032018
0.0 0.306973 0.853796 0.023177 0.035440
0.0 0.468786 0.279973 0.025608 0.032922
0.0 0.605090 0.671763 0.020513 0.040860
0.0 0.731746 0.435342 0.022839 0.037342
0.0 0.284743 0.373529 0.014972 0.024196
0.0 0.616266 0.947025 0.022437 0.028443
