0 0.301563 0.704630 0.013542 0.029630
0 0.284635 0.503704 0.018229 0.029630
0 0.552344 0.918981 0.016146 0.026852
0 0.654427 0.240278 0.014063 0.023148
0 0.318750 0.720833 0.016667 0.025000
0 0.250000 0.680556 0.014583 0.031481
0 0.559635 0.861111 0.019271 0.027778
0 0.275781 0.703704 0.019271 0.035185
0 0.355729 0.911111 0.017708 0.024074
0 0.657552 0.825000 0.019271 0.040741
0 0.657552 0.601389 0.013021 0.032407
0 0.350000 0.480093 0.018750 0.034259
0 0.241667 0.351852 0.014583 0.035185
0 0.666146 0.737500 0.017708 0.028704
0 0.263021 0.584259 0.015625 0.029630
0 0.352083 0.259722 0.018750 0.028704
0 0.698958 0.345833 0.022917 0.034259
0 0.400521 0.797222 0.016667 0.022222
0 0.484896 0.813426 0.018750 0.030556
0 0.362760 0.625000 0.021354 0.025926
0 0.421094 0.856481 0.019271 0.025926
0 0.721615 0.419444 0.020313 0.029630
0 0.305729 0.870833 0.015625 0.034259
0 0.469010 0.185185 0.022396 0.029630
0 0.538021 0.955093 0.018750 0.026852
0 0.617708 0.882407 0.018750 0.033333
0 0.327604 0.897685 0.012500 0.030556
0 0.232031 0.387963 0.011979 0.033333
0 0.261198 0.697222 0.013021 0.029630
0 0.693750 0.412963 0.016667 0.020370
