0.0 0.663680 0.703209 0.014861 0.029272
0.0 0.683306 0.517266 0.019939 0.030058
0.0 0.390609 0.940595 0.017665 0.027177
0.0 0.284353 0.339207 0.015384 0.023453
0.0 0.644956 0.720856 0.018217 0.025577
0.0 0.719698 0.672625 0.016001 0.031134
0.0 0.383080 0.889080 0.021056 0.028545
0.0 0.691619 0.698042 0.021104 0.035295
0.0 0.603675 0.900457 0.019339 0.024908
0.0 0.277227 0.872590 0.021139 0.040358
0.0 0.278657 0.668812 0.014314 0.031716
0.0 0.612639 0.506709 0.020533 0.034364
0.0 0.730829 0.371679 0.016025 0.034509
0.0 0.268476 0.794292 0.019369 0.029127
0.0 0.706207 0.587052 0.017118 0.029622
0.0 0.611793 0.306233 0.020498 0.029302
0.0 0.235432 0.442866 0.025048 0.035063
0.0 0.555875 0.804180 0.018199 0.023046
0.0 0.464359 0.833094 0.020510 0.030989
0.0 0.597888 0.640902 0.023301 0.027207
0.0 0.533207 0.861632 0.021044 0.026858
0.0 0.210415 0.513746 0.022197 0.030408
0.0 0.658103 0.855369 0.017148 0.033840
0.0 0.485589 0.257912 0.024454 0.030757
0.0 0.405896 0.971103 0.020486 0.027614
0.0 0.320027 0.918224 0.020527 0.033520
0.0 0.634232 0.883507 0.013738 0.029942
0.0 0.741038 0.402971 0.013191 0.032385
0.0 0.707460 0.689690 0.014297 0.029185
0.0 0.240645 0.503168 0.018188 0.021358
