0.0 0.704166 0.911819 0.014905 0.030579
0.0 0.306178 0.656985 0.011829 0.025850
0.0 0.608238 0.153057 0.014905 0.030579
0.0 0.651788 0.962793 0.014411 0.033486
0.0 0.463642 0.868050 0.017471 0.035191
0.0 0.715865 0.762981 0.014411 0.033486
0.0 0.341105 0.574851 0.016458 0.035967
0.0 0.317955 0.523265 0.012395 0.037053
0.0 0.736569 0.883470 0.017965 0.032283
0.0 0.760824 0.753099 0.016947 0.032051
0.0 0.587436 0.997169 0.018459 0.005663
0.0 0.668291 0.996319 0.018459 0.007362
0.0 0.292333 0.634701 0.018978 0.031508
0.0 0.689737 0.974466 0.021020 0.032980
0.0 0.634280 0.671394 0.014936 0.036626
0.0 0.508744 0.936218 0.015429 0.033719
0.0 0.760576 0.654891 0.022574 0.038368
0.0 0.424066 0.836377 0.015949 0.035851
0.0 0.351563 0.183121 0.019061 0.047633
0.0 0.630253 0.729367 0.013424 0.039301
0.0 0.368660 0.891695 0.013398 0.034262
0.0 0.689009 0.533375 0.016988 0.040114
0.0 0.351491 0.616983 0.018459 0.029375
0.0 0.381787 0.325411 0.016968 0.036083
0.0 0.341572 0.417412 0.020028 0.037787
0.0 0.531044 0.871339 0.017949 0.029259
0.0 0.391627 0.161049 0.018999 0.035539
0.0 0.426530 0.970323 0.017491 0.039222
0.0 0.529072 0.933303 0.016422 0.028911
