0.0 0.754432 0.486284 0.015321 0.035768
0.0 0.639971 0.832377 0.020242 0.028178
0.0 0.476298 0.966346 0.019256 0.028026
0.0 0.371084 0.774688 0.015154 0.032960
0.0 0.453233 0.988372 0.018986 0.023257
0.0 0.444349 0.810149 0.018818 0.028886
0.0 0.767619 0.519686 0.016856 0.036933
0.0 0.722548 0.364571 0.019981 0.040200
0.0 0.727637 0.808910 0.014493 0.030074
0.0 0.646627 0.856393 0.020903 0.031064
0.0 0.308554 0.334971 0.022111 0.034961
0.0 0.427651 0.822179 0.018595 0.025140
0.0 0.488130 0.999246 0.022437 0.001508
0.0 0.362154 0.725035 0.016139 0.033112
0.0 0.494507 0.883676 0.019805 0.029039
0.0 0.591144 0.973174 0.018158 0.026001
0.0 0.384791 0.232467 0.017451 0.030531
0.0 0.434772 0.720430 0.017730 0.035213
0.0 0.583339 0.875621 0.017990 0.023191
0.0 0.384205 0.948915 0.019312 0.028963
0.0 0.730432 0.734762 0.017181 0.034200
0.0 0.304489 0.750954 0.016251 0.034984
0.0 0.423587 0.536926 0.021070 0.033874
0.0 0.279637 0.496791 0.013786 0.034603
0.0 0.510790 0.969051 0.020410 0.030988
0.0 0.361823 0.272872 0.017898 0.038022
0.0 0.343824 0.321488 0.015200 0.025544
0.0 0.319238 0.359782 0.018437 0.030683
0.0 0.405693 0.833606 0.015423 0.029290
0.0 0.448587 0.977243 0.018269 0.027874
