0.0 0.575638 0.989433 0.017669 0.021134
0.0 0.588530 0.943644 0.020793 0.028516
0.0 0.317420 0.760940 0.019896 0.029997
0.0 0.268808 0.379813 0.014354 0.031684
0.0 0.725799 0.431116 0.015320 0.036479
0.0 0.494513 0.889276 0.020344 0.029256
0.0 0.634657 0.925551 0.020688 0.032947
0.0 0.290174 0.653621 0.022362 0.039769
0.0 0.574118 0.893999 0.020947 0.035715
0.0 0.443422 0.721009 0.022399 0.029062
0.0 0.709966 0.438102 0.018339 0.041080
0.0 0.682215 0.895092 0.018167 0.039235
0.0 0.602770 0.912318 0.019533 0.031660
0.0 0.248920 0.344488 0.030025 0.044164
0.0 0.618205 0.986022 0.020861 0.027956
0.0 0.539709 0.691905 0.022897 0.039951
0.0 0.445772 0.911715 0.020117 0.043472
0.0 0.258144 0.567995 0.017461 0.037208
0.0 0.210162 0.549760 0.022257 0.044200
0.0 0.406753 0.785634 0.021310 0.034052
0.0 0.211240 0.635799 0.019410 0.041444
0.0 0.397013 0.845621 0.020516 0.031101
0.0 0.665663 0.844720 0.018530 0.037572
0.0 0.734053 0.685705 0.018444 0.036649
0.0 0.384649 0.987459 0.022485 0.025082
0.0 0.713977 0.522283 0.017251 0.046070
0.0 0.655669 0.839415 0.018150 0.044589
0.0 0.629354 0.896616 0.017202 0.034440
0.0 0.257150 0.383462 0.013991 0.033348
