0.0 0.595730 0.811842 0.016920 0.024166
0.0 0.617067 0.908318 0.018726 0.022614
0.0 0.381022 0.896361 0.017738 0.029182
0.0 0.314900 0.752163 0.013733 0.026467
0.0 0.704164 0.586193 0.014381 0.028989
0.0 0.572298 0.938451 0.018669 0.021782
0.0 0.307668 0.652359 0.017681 0.028352
0.0 0.307209 0.606780 0.018273 0.030041
0.0 0.337804 0.222592 0.018302 0.023418
0.0 0.368667 0.897305 0.018188 0.035835
0.0 0.313130 0.800098 0.018610 0.035031
0.0 0.709816 0.521504 0.018048 0.026716
0.0 0.459681 0.244943 0.026931 0.037995
0.0 0.522277 0.827483 0.018613 0.020951
0.0 0.550385 0.212491 0.018160 0.028379
0.0 0.431982 0.950650 0.018021 0.019260
0.0 0.559712 0.801896 0.016017 0.024942
0.0 0.392268 0.596778 0.013958 0.029793
0.0 0.519816 0.963998 0.018133 0.020923
0.0 0.630927 0.926096 0.019824 0.031787
0.0 0.697431 0.447905 0.013733 0.026467
0.0 0.592452 0.671683 0.017991 0.025885
0.0 0.439594 0.802008 0.019430 0.025968
0.0 0.262351 0.663825 0.021092 0.043456
0.0 0.622426 0.821664 0.017400 0.024194
0.0 0.338563 0.858298 0.016862 0.037415
0.0 0.586124 0.821640 0.010630 0.022975
0.0 0.398880 0.877927 0.020446 0.026855
0.0 0.376999 0.829871 0.014523 0.024028
0.0 0.325571 0.698115 0.012548 0.023086
