0 0.675000 0.679167 0.019792 0.036111
0 0.407552 0.872685 0.016146 0.019444
0 0.524479 0.369444 0.016667 0.025926
0 0.711719 0.657407 0.021354 0.025926
0 0.329948 0.780093 0.015104 0.023148
0 0.351042 0.564352 0.028125 0.037963
0 0.415365 0.916667 0.014063 0.029630
0 0.539323 0.942593 0.019271 0.022222
0 0.261198 0.686111 0.016146 0.027778
0 0.651823 0.808796 0.018229 0.045370
0 0.641146 0.622685 0.015625 0.034259
0 0.415104 0.718981 0.018750 0.023148
0 0.307031 0.262500 0.015104 0.023148
0 0.330208 0.868981 0.017708 0.023148
0 0.218490 0.449537 0.017188 0.034259
0 0.705469 0.352315 0.015104 0.036111
0 0.570312 0.939815 0.019792 0.031481
0 0.302344 0.329167 0.016146 0.032407
0 0.305469 0.158333 0.016146 0.027778
0 0.524740 0.868981 0.018229 0.026852
0 0.387760 0.893056 0.017188 0.021296
0 0.221875 0.622685 0.019792 0.034259
0 0.344792 0.158796 0.018750 0.028704
0 0.529948 0.725926 0.016146 0.033333
0 0.299740 0.669444 0.014063 0.033333
0 0.452344 0.113426 0.020313 0.026852
0 0.245573 0.356481 0.011979 0.027778
0 0.570573 0.919907 0.014063 0.023148
0 0.499219 0.955556 0.018229 0.024074
0 0.246615 0.703241 0.017188 0.028704
