0.0 0.769760 0.437635 0.015306 0.032072
0.0 0.434767 0.884097 0.018631 0.031918
0.0 0.376066 0.794445 0.021122 0.027224
0.0 0.591665 0.159296 0.017450 0.030791
0.0 0.449669 0.901636 0.022596 0.024055
0.0 0.631910 0.944992 0.017125 0.025490
0.0 0.321212 0.772313 0.017342 0.029024
0.0 0.516460 0.924553 0.018122 0.032680
0.0 0.289196 0.731387 0.017905 0.029146
0.0 0.567028 0.179492 0.024263 0.033133
0.0 0.708779 0.706008 0.019065 0.038985
0.0 0.716176 0.799360 0.025987 0.043094
0.0 0.307340 0.272946 0.017721 0.035208
0.0 0.257252 0.684659 0.020430 0.034049
0.0 0.397202 0.901055 0.021902 0.030880
0.0 0.377493 0.743280 0.018664 0.041514
0.0 0.554626 0.804780 0.020267 0.031399
0.0 0.457296 0.340218 0.020884 0.032404
0.0 0.323337 0.719061 0.020505 0.026219
0.0 0.519716 0.192556 0.028531 0.039284
0.0 0.327023 0.598560 0.017268 0.036854
0.0 0.244090 0.438779 0.016650 0.035849
0.0 0.267783 0.638592 0.016704 0.036732
0.0 0.564980 0.990377 0.022758 0.019246
0.0 0.769755 0.507458 0.014851 0.033717
0.0 0.668177 0.879414 0.014418 0.026649
0.0 0.673032 0.837493 0.015870 0.032194
0.0 0.393628 0.722145 0.016183 0.019185
