0.0 0.644288 0.824426 0.015526 0.031206
0.0 0.553870 0.963420 0.016417 0.021698
0.0 0.627008 0.851283 0.018178 0.026776
0.0 0.323173 0.645555 0.020001 0.034757
0.0 0.641529 0.258163 0.020489 0.031937
0.0 0.421984 0.173778 0.018241 0.029678
0.0 0.607449 0.886962 0.014953 0.030158
0.0 0.211621 0.559722 0.016140 0.034189
0.0 0.401815 0.992397 0.020956 0.015207
0.0 0.225707 0.411897 0.015611 0.035074
0.0 0.378880 0.905358 0.017711 0.030564
0.0 0.695951 0.396314 0.014465 0.032978
0.0 0.593372 0.607744 0.028973 0.042826
0.0 0.337546 0.624054 0.017816 0.035398
0.0 0.250748 0.274843 0.018920 0.035561
0.0 0.259831 0.803478 0.018368 0.035480
0.0 0.733639 0.649126 0.017286 0.036284
0.0 0.611262 0.948254 0.019916 0.030888
0.0 0.696159 0.317780 0.015080 0.035960
0.0 0.488583 0.881508 0.021550 0.030165
0.0 0.620119 0.498415 0.017880 0.038300
0.0 0.291689 0.701651 0.017328 0.038219
0.0 0.684994 0.850664 0.017985 0.043136
0.0 0.216474 0.479944 0.018579 0.045151
0.0 0.366837 0.970582 0.027234 0.038713
0.0 0.655528 0.873316 0.019470 0.035642
0.0 0.617420 0.274374 0.014528 0.035878
0.0 0.583282 0.221630 0.018666 0.023956
0.0 0.731281 0.692157 0.009395 0.027411
