0 0.420573 0.842130 0.011979 0.026852
0 0.353385 0.863426 0.016146 0.023148
0 0.401042 0.922685 0.018750 0.030556
0 0.296354 0.811111 0.019792 0.025926
0 0.275000 0.776852 0.016667 0.029630
0 0.712240 0.637963 0.016146 0.027778
0 0.698177 0.330093 0.019271 0.039815
0 0.482552 0.246759 0.014063 0.036111
0 0.240104 0.502778 0.013542 0.027778
0 0.719792 0.395833 0.017708 0.026852
0 0.266667 0.550926 0.015625 0.033333
0 0.492448 0.787037 0.018229 0.027778
0 0.509115 0.116204 0.017188 0.026852
0 0.314583 0.770370 0.014583 0.029630
0 0.254427 0.343981 0.016146 0.039815
0 0.624219 0.872685 0.019271 0.028704
0 0.347396 0.384722 0.019792 0.032407
0 0.247396 0.297222 0.018750 0.024074
0 0.425781 0.414352 0.020313 0.030556
0 0.254427 0.767130 0.014063 0.036111
0 0.452604 0.933796 0.019792 0.025000
0 0.488802 0.964352 0.022396 0.028704
0 0.378385 0.950000 0.018229 0.031481
0 0.384896 0.127778 0.022917 0.027778
0 0.535417 0.761111 0.022917 0.027778
0 0.619531 0.856481 0.017188 0.029630
0 0.381510 0.870833 0.020313 0.021296
0 0.304688 0.835185 0.013542 0.024074
0 0.357031 0.804167 0.015104 0.021296
0 0.407031 0.840741 0.011979 0.025926
0 0.377344 0.803704 0.014063 0.018519
