0.0 0.525982 0.918194 0.012905 0.028898
0.0 0.595197 0.941122 0.017154 0.024913
0.0 0.544732 0.994222 0.019988 0.011556
0.0 0.655246 0.884831 0.020983 0.027903
0.0 0.678001 0.847966 0.017813 0.031889
0.0 0.227574 0.698439 0.017239 0.029896
0.0 0.247817 0.367127 0.020699 0.042850
0.0 0.472743 0.277477 0.015235 0.038863
0.0 0.719204 0.553026 0.014542 0.029895
0.0 0.224212 0.437870 0.018840 0.028899
0.0 0.690797 0.604837 0.016802 0.035873
0.0 0.452534 0.858896 0.019397 0.029896
0.0 0.447630 0.136977 0.018302 0.028899
0.0 0.637112 0.840985 0.015654 0.031888
0.0 0.707292 0.382135 0.017461 0.042849
0.0 0.314439 0.951047 0.020494 0.030893
0.0 0.610224 0.425965 0.021102 0.034878
0.0 0.715438 0.331816 0.019869 0.025910
0.0 0.528470 0.457840 0.021608 0.032886
0.0 0.699494 0.837507 0.015235 0.038863
0.0 0.576109 0.149450 0.024254 0.029897
0.0 0.408496 0.830990 0.024254 0.029897
0.0 0.319595 0.933610 0.018353 0.031889
0.0 0.565923 0.949089 0.021437 0.022921
0.0 0.646169 0.910737 0.014473 0.025909
0.0 0.592512 0.877349 0.016040 0.022920
0.0 0.540038 0.916701 0.012888 0.027902
0.0 0.571476 0.876848 0.014911 0.019931
