0.0 0.676943 0.836371 0.014202 0.025993
0.0 0.500512 0.910077 0.015600 0.024420
0.0 0.665077 0.863776 0.017027 0.028289
0.0 0.406280 0.954303 0.014288 0.042319
0.0 0.340230 0.367524 0.013780 0.034982
0.0 0.341946 0.530798 0.015193 0.036130
0.0 0.326640 0.765857 0.014221 0.029621
0.0 0.725417 0.623725 0.014226 0.030528
0.0 0.688122 0.628298 0.016601 0.036371
0.0 0.320702 0.824871 0.013292 0.031274
0.0 0.330771 0.871175 0.016088 0.028128
0.0 0.742637 0.381541 0.018018 0.038427
0.0 0.315394 0.409837 0.017065 0.035545
0.0 0.490756 0.848766 0.017961 0.027543
0.0 0.385499 0.584056 0.016572 0.030930
0.0 0.575853 0.714579 0.016064 0.023593
0.0 0.542807 0.802247 0.015658 0.035304
0.0 0.353259 0.474943 0.013800 0.038611
0.0 0.488650 0.227024 0.023185 0.040217
0.0 0.740383 0.675081 0.016673 0.049977
0.0 0.543965 0.937978 0.015610 0.026234
0.0 0.308620 0.715931 0.017051 0.032824
0.0 0.441182 0.992876 0.018004 0.014248
0.0 0.417038 0.826047 0.019387 0.031412
0.0 0.714191 0.752061 0.016577 0.031837
0.0 0.480843 0.151788 0.017013 0.025568
0.0 0.400720 0.631290 0.018459 0.033065
0.0 0.505463 0.904699 0.015141 0.026153
