0.0 0.662272 0.817101 0.022283 0.021915
0.0 0.417067 0.240060 0.019994 0.021880
0.0 0.445942 0.913888 0.014182 0.018197
0.0 0.320190 0.853767 0.019423 0.021872
0.0 0.487044 0.939785 0.019971 0.020981
0.0 0.362349 0.540716 0.015093 0.031695
0.0 0.415156 0.270656 0.020084 0.025478
0.0 0.772901 0.487725 0.016899 0.035319
0.0 0.773801 0.737190 0.020791 0.030882
0.0 0.542622 0.730366 0.020061 0.024579
0.0 0.529518 0.785406 0.021733 0.022806
0.0 0.775687 0.673331 0.018066 0.036236
0.0 0.262718 0.408276 0.024337 0.035432
0.0 0.613695 0.929768 0.020016 0.022780
0.0 0.293720 0.529173 0.016854 0.033520
0.0 0.460126 0.986943 0.018828 0.020964
0.0 0.694742 0.799526 0.020174 0.029076
0.0 0.617807 0.971060 0.024684 0.026447
0.0 0.763011 0.711282 0.024224 0.030935
0.0 0.415458 0.338528 0.022004 0.033598
0.0 0.503936 0.219860 0.027130 0.032777
0.0 0.399506 0.975278 0.020679 0.026386
0.0 0.481693 0.890869 0.022946 0.025522
0.0 0.411899 0.800230 0.020882 0.034480
0.0 0.558775 0.804740 0.023058 0.030019
0.0 0.300245 0.302970 0.024179 0.029137
0.0 0.401625 0.285696 0.014205 0.019095
0.0 0.303204 0.378892 0.015485 0.024509
0.0 0.436987 0.928858 0.017818 0.026343
0.0 0.581656 0.153949 0.010749 0.018144
