0 0.417708 0.870833 0.015625 0.026852
0 0.695833 0.496296 0.015625 0.031481
0 0.482292 0.794907 0.016667 0.023148
0 0.360156 0.700926 0.017188 0.024074
0 0.324740 0.346759 0.018229 0.032407
0 0.228125 0.659722 0.017708 0.032407
0 0.418490 0.846296 0.015104 0.022222
0 0.365365 0.233333 0.017188 0.031481
0 0.653646 0.531944 0.013542 0.030556
0 0.346354 0.348148 0.019792 0.033333
0 0.377083 0.795370 0.014583 0.029630
0 0.654427 0.679167 0.018229 0.032407
0 0.729948 0.508333 0.018229 0.038889
0 0.262240 0.371296 0.021354 0.031481
0 0.350000 0.735185 0.014583 0.031481
0 0.445833 0.185648 0.020833 0.045370
0 0.660937 0.775463 0.017708 0.026852
0 0.721354 0.613426 0.015625 0.039815
0 0.528906 0.806481 0.019271 0.027778
0 0.241406 0.321296 0.018229 0.025926
0 0.445052 0.131481 0.023438 0.031481
0 0.414323 0.905556 0.021354 0.029630
0 0.697135 0.379167 0.016146 0.041667
0 0.557031 0.901852 0.019271 0.031481
0 0.302604 0.650926 0.012500 0.027778
0 0.316146 0.771759 0.014583 0.030556
0 0.244792 0.487500 0.014583 0.032407
0 0.691927 0.649074 0.016146 0.035185
0 0.233333 0.648148 0.013542 0.024074
0 0.475781 0.785185 0.019271 0.024074
