0 0.483333 0.968519 0.017708 0.024074
0 0.426823 0.728704 0.014063 0.025926
0 0.486458 0.954167 0.015625 0.023148
0 0.340885 0.854167 0.021354 0.025000
0 0.621354 0.862963 0.017708 0.027778
0 0.285677 0.652778 0.014063 0.029630
0 0.270313 0.326852 0.016667 0.040741
0 0.395313 0.217593 0.018750 0.029630
0 0.424740 0.759722 0.014063 0.026852
0 0.328906 0.707407 0.014063 0.029630
0 0.217188 0.536111 0.017708 0.033333
0 0.585677 0.126389 0.022396 0.036111
0 0.560677 0.941204 0.015104 0.037963
0 0.302604 0.564352 0.017708 0.030556
0 0.278906 0.248148 0.015104 0.031481
0 0.284896 0.712500 0.013542 0.028704
0 0.584635 0.739352 0.019271 0.030556
0 0.358073 0.750926 0.015104 0.035185
0 0.713281 0.667130 0.018229 0.047222
0 0.273698 0.801389 0.016146 0.030556
0 0.418750 0.198148 0.015625 0.037037
0 0.684635 0.777315 0.016146 0.034259
0 0.359375 0.170370 0.017708 0.025926
0 0.303125 0.825000 0.017708 0.033333
0 0.613021 0.861574 0.013542 0.028704
0 0.573177 0.929630 0.014063 0.022222
0 0.432292 0.707870 0.014583 0.028704
0 0.344010 0.735648 0.015104 0.023148
0 0.369531 0.718056 0.011979 0.019444
0 0.235677 0.598611 0.017188 0.028704
