0.0 0.444654 0.991253 0.019459 0.017495
0.0 0.514604 0.767292 0.015782 0.024682
0.0 0.442116 0.980362 0.017262 0.022064
0.0 0.597368 0.886893 0.023272 0.023868
0.0 0.307108 0.892791 0.019638 0.026469
0.0 0.664122 0.696591 0.015960 0.028191
0.0 0.695699 0.387966 0.019186 0.038740
0.0 0.571788 0.283377 0.020804 0.028232
0.0 0.515262 0.796695 0.015826 0.025560
0.0 0.616817 0.747967 0.015960 0.028191
0.0 0.740518 0.586663 0.019905 0.031731
0.0 0.379459 0.195325 0.024884 0.034403
0.0 0.366043 0.967438 0.017437 0.036094
0.0 0.650889 0.612675 0.019771 0.029100
0.0 0.690611 0.313333 0.017125 0.029954
0.0 0.662052 0.753174 0.015377 0.027310
0.0 0.351008 0.776010 0.021387 0.029114
0.0 0.584580 0.788941 0.017303 0.033463
0.0 0.221545 0.706476 0.021113 0.044893
0.0 0.669342 0.837478 0.018157 0.029087
0.0 0.548505 0.264753 0.017931 0.035222
0.0 0.245840 0.811105 0.018336 0.032595
0.0 0.611201 0.238953 0.019548 0.024714
0.0 0.637795 0.859590 0.019905 0.031731
0.0 0.315786 0.891548 0.015377 0.027310
0.0 0.353683 0.956365 0.015603 0.021174
0.0 0.509956 0.747508 0.016453 0.027319
0.0 0.599848 0.774589 0.016724 0.022060
0.0 0.574322 0.757703 0.013316 0.018524
0.0 0.718401 0.645711 0.019145 0.027341
