0.0 0.295671 0.600607 0.013097 0.040234
0.0 0.671450 0.299851 0.020333 0.027544
0.0 0.535553 0.999015 0.016700 0.001971
0.0 0.700189 0.809096 0.014120 0.034734
0.0 0.659459 0.962488 0.019826 0.032206
0.0 0.630835 0.411654 0.014645 0.036763
0.0 0.679591 0.922571 0.017220 0.028748
0.0 0.323800 0.862896 0.018778 0.029102
0.0 0.652152 0.878557 0.016188 0.031381
0.0 0.538752 0.891096 0.019301 0.030176
0.0 0.682723 0.545878 0.014131 0.038557
0.0 0.651276 0.261313 0.018272 0.033765
0.0 0.590914 0.927325 0.017749 0.032691
0.0 0.693739 0.884165 0.015154 0.033057
0.0 0.407866 0.833657 0.018251 0.026116
0.0 0.519136 0.559945 0.024018 0.045578
0.0 0.656344 0.588206 0.014647 0.037719
0.0 0.579960 0.566570 0.019842 0.037942
0.0 0.728088 0.594916 0.015676 0.034131
0.0 0.371602 0.598223 0.018269 0.032809
0.0 0.590275 0.504336 0.021393 0.035428
0.0 0.703585 0.431030 0.019848 0.039854
0.0 0.576221 0.974216 0.020860 0.030530
0.0 0.273806 0.795588 0.016231 0.046678
0.0 0.380426 0.976193 0.021419 0.044989
0.0 0.250667 0.701370 0.017260 0.043089
0.0 0.497283 0.936695 0.022952 0.035782
0.0 0.486739 0.986185 0.018784 0.027631
0.0 0.523511 0.203625 0.018261 0.029940
