0.0 0.654427 0.582870 0.013021 0.036111
0.0 0.278906 0.209259 0.020313 0.022222
0.0 0.413021 0.928704 0.016667 0.024074
0.0 0.248698 0.695833 0.014063 0.030556
0.0 0.289062 0.853241 0.019792 0.026852
0.0 0.319271 0.326389 0.014583 0.032407
0.0 0.269010 0.810185 0.017188 0.024074
0.0 0.625521 0.830556 0.018750 0.024074
0.0 0.296615 0.773611 0.016146 0.026852
0.0 0.410156 0.810648 0.019271 0.025000
0.0 0.266927 0.444907 0.014063 0.034259
0.0 0.299219 0.176389 0.018229 0.028704
0.0 0.357812 0.834259 0.017708 0.027778
0.0 0.254948 0.769907 0.015104 0.028704
0.0 0.541406 0.783796 0.018229 0.021296
0.0 0.430729 0.494444 0.023958 0.038889
0.0 0.352604 0.927315 0.018750 0.025000
0.0 0.293229 0.491667 0.014583 0.033333
0.0 0.369792 0.487500 0.019792 0.032407
0.0 0.221354 0.482407 0.015625 0.029630
0.0 0.578385 0.563889 0.018229 0.027778
0.0 0.359635 0.425000 0.021354 0.029630
0.0 0.246354 0.329167 0.019792 0.034259
0.0 0.372396 0.882870 0.020833 0.025000
0.0 0.675781 0.776389 0.016146 0.041667
0.0 0.568490 0.927778 0.021354 0.038889
0.0 0.699219 0.690278 0.017188 0.037963
0.0 0.451562 0.863889 0.022917 0.029630
0.0 0.461979 0.915741 0.018750 0.025926
0.0 0.427344 0.148611 0.018229 0.025000
