0 0.305208 0.818056 0.013542 0.023148
0 0.303385 0.835648 0.016146 0.026852
0 0.692448 0.326389 0.018229 0.034259
0 0.397396 0.935648 0.016667 0.021296
0 0.587760 0.879630 0.017188 0.025926
0 0.489844 0.856481 0.021354 0.031481
0 0.390104 0.825463 0.013542 0.034259
0 0.329688 0.904630 0.019792 0.025926
0 0.316927 0.747685 0.015104 0.028704
0 0.455208 0.913426 0.018750 0.025000
0 0.467448 0.611111 0.022396 0.040741
0 0.279427 0.761111 0.015104 0.027778
0 0.567448 0.103704 0.017188 0.029630
0 0.434635 0.165278 0.019271 0.026852
0 0.409115 0.231481 0.019271 0.027778
0 0.251302 0.376852 0.013021 0.035185
0 0.274219 0.237500 0.019271 0.030556
0 0.627604 0.758796 0.017708 0.028704
0 0.683854 0.768519 0.018750 0.042593
0 0.242708 0.667593 0.014583 0.029630
0 0.541406 0.955093 0.019271 0.026852
0 0.319010 0.672222 0.013021 0.031481
0 0.357552 0.111574 0.018229 0.034259
0 0.579688 0.826852 0.019792 0.029630
0 0.459635 0.825926 0.017188 0.024074
0 0.228125 0.362963 0.011458 0.033333
0 0.270833 0.428241 0.012500 0.030556
0 0.366406 0.331019 0.018229 0.034259
0 0.386198 0.177315 0.019271 0.026852
0 0.675781 0.339815 0.013021 0.025926
