0.0 0.626863 0.864196 0.012813 0.026280
0.0 0.628351 0.882676 0.015269 0.030539
0.0 0.273656 0.389101 0.017284 0.038671
0.0 0.540092 0.994116 0.015688 0.011768
0.0 0.364334 0.964458 0.016224 0.029683
0.0 0.455332 0.927787 0.020148 0.036102
0.0 0.548110 0.882525 0.012941 0.038094
0.0 0.603188 0.959262 0.018637 0.030004
0.0 0.616809 0.790815 0.014324 0.032380
0.0 0.486776 0.984070 0.017661 0.028891
0.0 0.478893 0.664133 0.021219 0.046077
0.0 0.651404 0.800473 0.014314 0.031396
0.0 0.392034 0.136933 0.016266 0.033621
0.0 0.514400 0.186049 0.018165 0.030924
0.0 0.537290 0.253299 0.018175 0.031909
0.0 0.681863 0.388436 0.012468 0.039015
0.0 0.662221 0.243088 0.018207 0.034862
0.0 0.328796 0.840884 0.016737 0.032701
0.0 0.276561 0.858149 0.017862 0.047597
0.0 0.686499 0.696516 0.013852 0.033300
0.0 0.615742 0.710833 0.012426 0.035076
0.0 0.586443 0.119456 0.017284 0.038671
0.0 0.372418 0.907346 0.018679 0.033942
0.0 0.483674 0.891579 0.016203 0.027714
0.0 0.703498 0.370814 0.010999 0.036853
0.0 0.663176 0.445482 0.011933 0.034029
0.0 0.575727 0.353876 0.017284 0.038671
0.0 0.559146 0.192884 0.018165 0.030924
0.0 0.288947 0.401324 0.012362 0.029170
