0.0 0.544457 0.886214 0.016702 0.023941
0.0 0.344822 0.893897 0.017343 0.026855
0.0 0.572733 0.998051 0.018437 0.003898
0.0 0.740956 0.615671 0.022582 0.039817
0.0 0.408027 0.638134 0.018737 0.035526
0.0 0.720157 0.618089 0.020508 0.040478
0.0 0.271930 0.361522 0.016624 0.035239
0.0 0.544749 0.845293 0.021680 0.030271
0.0 0.598859 0.966943 0.019417 0.026194
0.0 0.395803 0.135422 0.021377 0.035884
0.0 0.499046 0.947210 0.018852 0.025175
0.0 0.644314 0.368226 0.016624 0.035239
0.0 0.330158 0.835230 0.016324 0.027660
0.0 0.400063 0.691826 0.016737 0.038082
0.0 0.630892 0.948904 0.018699 0.034578
0.0 0.360793 0.966555 0.024882 0.044842
0.0 0.738261 0.542910 0.021605 0.028376
0.0 0.617282 0.809887 0.018699 0.034578
0.0 0.288082 0.570422 0.014437 0.033058
0.0 0.646991 0.287145 0.020886 0.036760
0.0 0.497531 0.992348 0.022132 0.015305
0.0 0.670292 0.905668 0.015606 0.036043
0.0 0.215888 0.603968 0.016208 0.038010
0.0 0.628992 0.889586 0.021867 0.035008
0.0 0.549803 0.529725 0.021905 0.035955
0.0 0.553075 0.406810 0.017718 0.036330
0.0 0.617998 0.402758 0.020699 0.032023
0.0 0.704437 0.646437 0.014400 0.032111
0.0 0.535279 0.910212 0.016287 0.026712
