0 0.581771 0.850926 0.018750 0.024074
0 0.358594 0.816667 0.016146 0.025926
0 0.674740 0.337500 0.017188 0.026852
0 0.366667 0.793519 0.016667 0.024074
0 0.303646 0.716204 0.016667 0.026852
0 0.341667 0.826852 0.016667 0.022222
0 0.645573 0.216204 0.017188 0.030556
0 0.651042 0.636111 0.014583 0.029630
0 0.597656 0.852315 0.017188 0.025000
0 0.296094 0.858796 0.018229 0.039815
0 0.242448 0.431944 0.016146 0.028704
0 0.491146 0.930093 0.020833 0.026852
0 0.437240 0.794444 0.017188 0.040741
0 0.555208 0.508796 0.015625 0.036111
0 0.265104 0.534722 0.018750 0.025000
0 0.378646 0.942130 0.017708 0.039815
0 0.715104 0.628704 0.015625 0.037037
0 0.567708 0.723611 0.022917 0.030556
0 0.440365 0.968519 0.021354 0.029630
0 0.396875 0.161574 0.025000 0.034259
0 0.633333 0.863426 0.018750 0.025000
0 0.328906 0.281944 0.017188 0.034259
0 0.393229 0.639352 0.016667 0.032407
0 0.489844 0.815741 0.022396 0.033333
0 0.445312 0.916667 0.021875 0.029630
0 0.336979 0.757407 0.013542 0.033333
0 0.333073 0.685185 0.019271 0.022222
0 0.301302 0.849074 0.021354 0.035185
0 0.299479 0.825463 0.015625 0.034259
0 0.563021 0.116667 0.015625 0.029630
