0.0 0.289463 0.810468 0.021133 0.032653
0.0 0.279567 0.816221 0.015540 0.021891
0.0 0.622837 0.940931 0.019914 0.031478
0.0 0.556107 0.909010 0.024725 0.031137
0.0 0.265369 0.831512 0.020575 0.032498
0.0 0.757228 0.660690 0.019563 0.033055
0.0 0.691763 0.857637 0.023713 0.031694
0.0 0.254062 0.350771 0.019376 0.040538
0.0 0.503408 0.442279 0.021072 0.027612
0.0 0.443383 0.443521 0.022308 0.038002
0.0 0.446491 0.248064 0.026457 0.036640
0.0 0.489778 0.760034 0.021175 0.028478
0.0 0.721588 0.594907 0.018407 0.036920
0.0 0.301963 0.915895 0.024331 0.036888
0.0 0.466284 0.892149 0.023259 0.032405
0.0 0.589577 0.850317 0.019442 0.022973
0.0 0.532316 0.944448 0.023610 0.030828
0.0 0.719207 0.513304 0.022968 0.039022
0.0 0.372972 0.776385 0.022452 0.034693
0.0 0.423475 0.903532 0.020739 0.038404
0.0 0.645386 0.371642 0.021896 0.034538
0.0 0.589879 0.262338 0.022392 0.029653
0.0 0.472612 0.994715 0.022743 0.010570
0.0 0.704057 0.817221 0.020369 0.030766
0.0 0.249756 0.737744 0.026706 0.034198
0.0 0.724260 0.642604 0.017746 0.035899
0.0 0.733635 0.711388 0.014547 0.031664
0.0 0.582096 0.864789 0.015995 0.021181
0.0 0.261824 0.401668 0.018739 0.026128
