0.0 0.382812 0.815741 0.016667 0.029630
0.0 0.374479 0.824537 0.012500 0.019444
0.0 0.698437 0.855093 0.015625 0.028704
0.0 0.634635 0.841204 0.020313 0.026852
0.0 0.363281 0.844444 0.016146 0.029630
0.0 0.789844 0.526389 0.015104 0.030556
0.0 0.751823 0.749074 0.019271 0.027778
0.0 0.301302 0.350000 0.014063 0.038889
0.0 0.536719 0.373148 0.017188 0.024074
0.0 0.482552 0.391667 0.017188 0.035185
0.0 0.464323 0.188426 0.021354 0.032407
0.0 0.558594 0.706019 0.017188 0.025000
0.0 0.750521 0.468519 0.013542 0.035185
0.0 0.405469 0.921296 0.019271 0.033333
0.0 0.551563 0.849537 0.018750 0.028704
0.0 0.658594 0.770833 0.016146 0.019444
0.0 0.616927 0.884722 0.019271 0.026852
0.0 0.739583 0.384722 0.017708 0.036111
0.0 0.454688 0.756481 0.017708 0.031481
0.0 0.514062 0.873611 0.015625 0.036111
0.0 0.657552 0.259259 0.017188 0.031481
0.0 0.595573 0.162037 0.018229 0.025926
0.0 0.569271 0.962963 0.018750 0.024074
0.0 0.758594 0.703704 0.016146 0.027778
0.0 0.339063 0.751852 0.021875 0.029630
0.0 0.758073 0.517130 0.013021 0.034259
0.0 0.773958 0.585648 0.010417 0.030556
0.0 0.653385 0.787963 0.013021 0.018519
0.0 0.313802 0.400463 0.015104 0.023148
