0.0 0.400260 0.908796 0.018229 0.032407
0.0 0.319531 0.338426 0.015104 0.034259
0.0 0.434896 0.699074 0.014583 0.029630
0.0 0.388542 0.889815 0.022917 0.040741
0.0 0.449219 0.706019 0.021354 0.025000
0.0 0.498958 0.894444 0.020833 0.025926
0.0 0.321094 0.270833 0.014063 0.026852
0.0 0.776302 0.638426 0.014063 0.028704
0.0 0.733854 0.302315 0.015625 0.030556
0.0 0.531250 0.862500 0.020833 0.030556
0.0 0.503906 0.854167 0.021354 0.023148
0.0 0.619531 0.856019 0.016146 0.028704
0.0 0.715365 0.286574 0.017188 0.023148
0.0 0.736719 0.238889 0.014063 0.033333
0.0 0.647917 0.244444 0.015625 0.031481
0.0 0.676563 0.204167 0.016667 0.026852
0.0 0.664062 0.882870 0.017708 0.019444
0.0 0.446354 0.797222 0.025000 0.031481
0.0 0.653906 0.708796 0.021354 0.025000
0.0 0.756510 0.512500 0.014063 0.030556
0.0 0.705208 0.354630 0.017708 0.029630
0.0 0.349219 0.645833 0.016146 0.036111
0.0 0.553646 0.691204 0.020833 0.026852
0.0 0.519271 0.949537 0.018750 0.023148
0.0 0.667969 0.747685 0.014063 0.030556
0.0 0.697656 0.781019 0.018229 0.025000
0.0 0.655990 0.122685 0.017188 0.030556
0.0 0.410937 0.512500 0.016667 0.032407
0.0 0.780208 0.570370 0.012500 0.029630
0.0 0.545312 0.938426 0.014583 0.013889
