0.0 0.560837 0.973501 0.017062 0.023395
0.0 0.257974 0.423004 0.015616 0.038720
0.0 0.375769 0.161054 0.018770 0.030625
0.0 0.735655 0.396872 0.021035 0.038958
0.0 0.256947 0.800824 0.019914 0.035773
0.0 0.741168 0.379410 0.014982 0.030752
0.0 0.646014 0.715433 0.016136 0.036880
0.0 0.571303 0.983934 0.018171 0.025599
0.0 0.630245 0.903343 0.020377 0.029029
0.0 0.243780 0.442908 0.016251 0.046688
0.0 0.589467 0.232543 0.016679 0.037002
0.0 0.405841 0.731010 0.018759 0.029644
0.0 0.683133 0.770521 0.018228 0.030503
0.0 0.682412 0.243140 0.020618 0.049625
0.0 0.679605 0.818021 0.017720 0.033324
0.0 0.623514 0.606913 0.018412 0.046195
0.0 0.240157 0.715113 0.013421 0.036270
0.0 0.470795 0.993781 0.020366 0.012439
0.0 0.257822 0.572993 0.017394 0.051835
0.0 0.497239 0.795545 0.019405 0.038592
0.0 0.260244 0.873340 0.019382 0.036632
0.0 0.428424 0.753472 0.018828 0.035529
0.0 0.648225 0.275890 0.015627 0.039700
0.0 0.430313 0.891695 0.020411 0.031972
0.0 0.609907 0.188130 0.017211 0.036144
0.0 0.699264 0.473875 0.018320 0.038349
0.0 0.728212 0.505232 0.015639 0.040681
0.0 0.677516 0.662636 0.015062 0.037617
0.0 0.361162 0.983047 0.019371 0.033906
