0.0 0.550831 0.984946 0.021819 0.030108
0.0 0.324061 0.220278 0.019322 0.037742
0.0 0.637340 0.156260 0.019543 0.030856
0.0 0.744798 0.423624 0.020139 0.042867
0.0 0.659742 0.846668 0.020410 0.036982
0.0 0.642337 0.878907 0.018852 0.039624
0.0 0.384770 0.961225 0.025579 0.039059
0.0 0.356843 0.237292 0.020829 0.034098
0.0 0.356962 0.826426 0.017664 0.038384
0.0 0.411756 0.863242 0.022388 0.031455
0.0 0.570639 0.841061 0.019940 0.038863
0.0 0.379857 0.983060 0.023823 0.033880
0.0 0.619116 0.947342 0.022388 0.031455
0.0 0.339303 0.353444 0.019074 0.032738
0.0 0.269655 0.703374 0.016848 0.033260
0.0 0.434951 0.163217 0.020609 0.040985
0.0 0.324190 0.728000 0.018283 0.039505
0.0 0.259883 0.627995 0.015290 0.035904
0.0 0.388478 0.608034 0.021127 0.040103
0.0 0.385333 0.909259 0.023625 0.033696
0.0 0.333050 0.230261 0.018653 0.035621
0.0 0.256183 0.551870 0.015439 0.038906
0.0 0.435539 0.853078 0.020383 0.025090
0.0 0.434607 0.976266 0.015932 0.026134
0.0 0.586614 0.953649 0.017836 0.030497
