0.0 0.557748 0.955785 0.019625 0.026891
0.0 0.473585 0.997836 0.016575 0.004327
0.0 0.337713 0.301868 0.017216 0.033325
0.0 0.623702 0.160088 0.017533 0.026741
0.0 0.726441 0.381146 0.017886 0.038093
0.0 0.655301 0.797775 0.018233 0.032455
0.0 0.639872 0.832387 0.016751 0.035179
0.0 0.405218 0.976624 0.022969 0.033737
0.0 0.368020 0.309135 0.018667 0.029654
0.0 0.377579 0.858260 0.015675 0.034159
0.0 0.428369 0.878218 0.020148 0.026928
0.0 0.599732 0.982037 0.018579 0.026816
0.0 0.573577 0.815901 0.017768 0.034309
0.0 0.401098 0.991853 0.021371 0.016295
0.0 0.619695 0.902265 0.020148 0.026928
0.0 0.353814 0.422003 0.017069 0.028596
0.0 0.295617 0.766441 0.015006 0.029392
0.0 0.438392 0.219616 0.018350 0.036238
0.0 0.345975 0.775103 0.016228 0.035142
0.0 0.285455 0.698738 0.013524 0.032117
0.0 0.402950 0.646429 0.018843 0.035329
0.0 0.569659 0.994843 0.017915 0.010315
0.0 0.404900 0.928037 0.021254 0.028895
0.0 0.346109 0.308817 0.016633 0.031396
0.0 0.280844 0.628749 0.013612 0.034955
0.0 0.449996 0.862510 0.018402 0.021140
0.0 0.451118 0.977583 0.014277 0.022732
0.0 0.590019 0.916661 0.015963 0.026628
