0.0 0.363278 0.569748 0.013448 0.031180
0.0 0.560101 0.888478 0.016444 0.039193
0.0 0.632858 0.145818 0.018069 0.032482
0.0 0.677981 0.827484 0.022631 0.032804
0.0 0.361041 0.599088 0.016836 0.037270
0.0 0.703246 0.869585 0.016593 0.024576
0.0 0.589839 0.975635 0.020603 0.032661
0.0 0.396056 0.618279 0.016836 0.037270
0.0 0.516295 0.499929 0.023542 0.039694
0.0 0.413130 0.903168 0.017838 0.028565
0.0 0.739033 0.776241 0.017389 0.029508
0.0 0.714291 0.764169 0.022516 0.030846
0.0 0.731326 0.397125 0.016836 0.037270
0.0 0.703324 0.729961 0.017055 0.032410
0.0 0.428457 0.776913 0.020315 0.027764
0.0 0.445113 0.934926 0.020373 0.028744
0.0 0.654989 0.915340 0.020488 0.030702
0.0 0.326295 0.631541 0.016502 0.040172
0.0 0.600810 0.676995 0.017735 0.035383
0.0 0.281760 0.570871 0.016720 0.035311
0.0 0.284140 0.746559 0.016893 0.038249
0.0 0.339667 0.430417 0.017112 0.033390
0.0 0.346696 0.501220 0.017723 0.026606
0.0 0.428178 0.898331 0.019635 0.024791
0.0 0.450046 0.911676 0.014957 0.022510
0.0 0.533489 0.999386 0.013655 0.001228
0.0 0.696062 0.870552 0.019601 0.041366
0.0 0.402530 0.620703 0.018172 0.025663
