0 0.250260 0.471296 0.010937 0.031481
0 0.685677 0.348611 0.016146 0.032407
0 0.339583 0.780556 0.016667 0.027778
0 0.459635 0.930556 0.018229 0.025926
0 0.471354 0.956481 0.022917 0.027778
0 0.370833 0.888426 0.017708 0.028704
0 0.627083 0.678241 0.015625 0.034259
0 0.698958 0.666667 0.015625 0.027778
0 0.230729 0.467593 0.013542 0.029630
0 0.630990 0.797685 0.018229 0.026852
0 0.333854 0.129167 0.017708 0.025000
0 0.227344 0.662500 0.017188 0.032407
0 0.222135 0.375926 0.017188 0.031481
0 0.727083 0.460648 0.014583 0.034259
0 0.269531 0.272685 0.014063 0.032407
0 0.372135 0.135185 0.019271 0.027778
0 0.268490 0.342593 0.014063 0.031481
0 0.438542 0.825000 0.018750 0.025926
0 0.703385 0.465278 0.015104 0.037963
0 0.405208 0.762037 0.016667 0.022222
0 0.334375 0.909722 0.020833 0.025000
0 0.434635 0.672222 0.016146 0.031481
0 0.658333 0.838426 0.016667 0.034259
0 0.359896 0.423148 0.019792 0.029630
0 0.295052 0.832407 0.018229 0.038889
0 0.514583 0.827315 0.018750 0.028704
0 0.221094 0.539815 0.020313 0.033333
0 0.375781 0.777315 0.021354 0.030556
0 0.480208 0.928241 0.012500 0.019444
0 0.629948 0.711574 0.014063 0.026852
