0.0 0.558854 0.738426 0.014583 0.023148
0.0 0.371354 0.861574 0.016667 0.028704
0.0 0.684115 0.333333 0.015104 0.035185
0.0 0.450521 0.963426 0.013542 0.030556
0.0 0.292969 0.372685 0.015104 0.021296
0.0 0.598437 0.258333 0.016667 0.046296
0.0 0.537240 0.681944 0.018229 0.028704
0.0 0.576042 0.822222 0.018750 0.024074
0.0 0.608333 0.738889 0.015625 0.038889
0.0 0.266927 0.730556 0.018229 0.031481
0.0 0.369010 0.824074 0.014063 0.031481
0.0 0.424219 0.800926 0.015104 0.031481
0.0 0.560417 0.703241 0.018750 0.026852
0.0 0.543750 0.558333 0.015625 0.035185
0.0 0.478385 0.974537 0.019271 0.026852
0.0 0.715625 0.664815 0.017708 0.040741
0.0 0.289323 0.716667 0.016146 0.029630
0.0 0.303646 0.870833 0.018750 0.034259
0.0 0.537500 0.737037 0.016667 0.025926
0.0 0.587500 0.369907 0.018750 0.036111
0.0 0.720573 0.578704 0.014063 0.037037
0.0 0.698958 0.728704 0.015625 0.035185
0.0 0.357812 0.920370 0.017708 0.031481
0.0 0.410417 0.086111 0.019792 0.024074
0.0 0.524740 0.870370 0.020313 0.031481
0.0 0.637240 0.825000 0.023438 0.029630
0.0 0.549740 0.381481 0.020313 0.040741
0.0 0.368229 0.873611 0.014583 0.015741
0.0 0.456250 0.956481 0.014583 0.020370
0.0 0.279427 0.803241 0.016146 0.030556
