0.0 0.408942 0.645628 0.017301 0.027149
0.0 0.638980 0.774784 0.020038 0.032357
0.0 0.626215 0.803814 0.021909 0.027499
0.0 0.469908 0.947764 0.016671 0.023767
0.0 0.267205 0.391936 0.016424 0.031248
0.0 0.537799 0.215841 0.025642 0.031949
0.0 0.629195 0.844874 0.018837 0.027266
0.0 0.611183 0.920588 0.020403 0.028218
0.0 0.581668 0.207093 0.021851 0.025828
0.0 0.598929 0.305489 0.016759 0.026274
0.0 0.669099 0.528324 0.015971 0.032881
0.0 0.374784 0.857198 0.017754 0.025517
0.0 0.431198 0.711904 0.017390 0.029655
0.0 0.318573 0.697092 0.015823 0.028703
0.0 0.588108 0.744250 0.016336 0.028742
0.0 0.399736 0.942012 0.020068 0.033192
0.0 0.597285 0.700365 0.015400 0.031170
0.0 0.438565 0.964131 0.021486 0.029966
0.0 0.617383 0.712726 0.013805 0.029382
0.0 0.233789 0.537729 0.021880 0.026664
0.0 0.516715 0.877572 0.020403 0.028218
0.0 0.531495 0.970779 0.018778 0.025594
0.0 0.485860 0.828144 0.015488 0.033677
0.0 0.613260 0.530746 0.015458 0.032842
0.0 0.732258 0.603126 0.017449 0.031326
0.0 0.667133 0.870675 0.016424 0.031248
0.0 0.619225 0.374116 0.013480 0.020191
0.0 0.378295 0.913298 0.013539 0.021863
0.0 0.364850 0.886859 0.016129 0.022893
