0.0 0.592129 0.651169 0.018174 0.026686
0.0 0.351931 0.752745 0.021055 0.031822
0.0 0.365033 0.783494 0.022972 0.026900
0.0 0.526796 0.947391 0.017497 0.023317
0.0 0.741216 0.413563 0.017287 0.030819
0.0 0.460720 0.203317 0.026884 0.031247
0.0 0.361675 0.824402 0.019773 0.026757
0.0 0.379946 0.902722 0.021409 0.027665
0.0 0.415122 0.189136 0.022900 0.025227
0.0 0.396544 0.285925 0.017605 0.025826
0.0 0.322128 0.501302 0.016826 0.032468
0.0 0.626354 0.868036 0.018636 0.025037
0.0 0.568554 0.715056 0.018282 0.029194
0.0 0.685851 0.713999 0.016646 0.028287
0.0 0.405062 0.728300 0.017180 0.028311
0.0 0.599857 0.950228 0.021091 0.032659
0.0 0.395786 0.683059 0.016221 0.030772
0.0 0.559311 0.967692 0.022547 0.029384
0.0 0.374793 0.693016 0.014550 0.029028
0.0 0.775079 0.564220 0.022936 0.026064
0.0 0.478524 0.871085 0.021409 0.027665
0.0 0.462561 0.962962 0.019702 0.025085
0.0 0.510943 0.825188 0.016328 0.033281
0.0 0.380222 0.510594 0.016292 0.032445
0.0 0.255933 0.568736 0.018354 0.030867
0.0 0.322033 0.845678 0.017287 0.030819
0.0 0.374994 0.352416 0.014155 0.019829
0.0 0.622350 0.923998 0.014227 0.021502
0.0 0.636507 0.899072 0.016928 0.022457
