0 0.277083 0.643056 0.012500 0.026852
0 0.330469 0.718519 0.018229 0.024074
0 0.334375 0.850000 0.014583 0.022222
0 0.395573 0.693519 0.018229 0.022222
0 0.534896 0.933796 0.014583 0.021296
0 0.264062 0.719444 0.014583 0.025926
0 0.328646 0.815741 0.016667 0.025926
0 0.667448 0.227778 0.017188 0.033333
0 0.612500 0.156481 0.015625 0.027778
0 0.262760 0.607870 0.014063 0.032407
0 0.303646 0.780556 0.020833 0.027778
0 0.323177 0.684722 0.020313 0.030556
0 0.301823 0.340278 0.015104 0.030556
0 0.702865 0.725926 0.018229 0.027778
0 0.372396 0.833333 0.020833 0.037037
0 0.275521 0.243519 0.018750 0.042593
0 0.478125 0.940741 0.021875 0.027778
0 0.602865 0.907407 0.021354 0.024074
0 0.327344 0.221759 0.017188 0.028704
0 0.357292 0.341204 0.016667 0.032407
0 0.703906 0.376852 0.020313 0.046296
0 0.505208 0.814352 0.019792 0.025000
0 0.570833 0.844444 0.019792 0.029630
0 0.508073 0.681481 0.019271 0.033333
0 0.409635 0.817130 0.019271 0.028704
0 0.318229 0.765741 0.012500 0.027778
0 0.389323 0.788426 0.020313 0.030556
0 0.709375 0.430556 0.011458 0.031481
