0 0.533073 0.912963 0.014063 0.024074
0 0.263802 0.341204 0.014063 0.025000
0 0.613021 0.655556 0.017708 0.022222
0 0.245052 0.464815 0.016146 0.022222
0 0.283073 0.423611 0.016146 0.026852
0 0.408073 0.830093 0.017188 0.025000
0 0.213281 0.458796 0.016146 0.032407
0 0.498177 0.968519 0.019271 0.029630
0 0.316667 0.802315 0.016667 0.023148
0 0.408333 0.850926 0.017708 0.024074
0 0.477083 0.808333 0.018750 0.025926
0 0.623437 0.839352 0.018750 0.028704
0 0.377083 0.305556 0.018750 0.025926
0 0.518229 0.819907 0.018750 0.023148
0 0.313802 0.618519 0.016146 0.031481
0 0.705208 0.558333 0.020833 0.042593
0 0.496354 0.392130 0.025000 0.041667
0 0.645833 0.641667 0.015625 0.033333
0 0.684896 0.746296 0.014583 0.038889
0 0.508333 0.167593 0.022917 0.035185
0 0.339583 0.891667 0.021875 0.033333
0 0.299740 0.860648 0.018229 0.025000
0 0.226562 0.361574 0.020833 0.026852
0 0.242969 0.723611 0.016146 0.032407
0 0.320833 0.156944 0.020833 0.028704
0 0.527344 0.599537 0.016146 0.036111
0 0.464323 0.751852 0.018229 0.027778
0 0.559896 0.114352 0.011458 0.026852
0 0.672917 0.790278 0.016667 0.025000
0 0.514583 0.939815 0.018750 0.020370
