0.0 0.580857 0.982527 0.014323 0.026593
0.0 0.312829 0.402946 0.014328 0.027569
0.0 0.663008 0.704256 0.017986 0.024955
0.0 0.293181 0.534883 0.016412 0.024820
0.0 0.331761 0.488165 0.016440 0.029701
0.0 0.455334 0.905935 0.017479 0.027839
0.0 0.261187 0.531276 0.016473 0.035558
0.0 0.363349 0.884528 0.016943 0.025841
0.0 0.455471 0.927876 0.017998 0.026907
0.0 0.525039 0.877044 0.019059 0.028950
0.0 0.672402 0.897131 0.019076 0.031878
0.0 0.427250 0.355598 0.019059 0.028950
0.0 0.566452 0.885700 0.019042 0.026021
0.0 0.361567 0.691003 0.016467 0.034582
0.0 0.756533 0.593809 0.021260 0.046701
0.0 0.546974 0.436589 0.025455 0.046084
0.0 0.696171 0.686785 0.015953 0.036489
0.0 0.734923 0.793726 0.014936 0.042257
0.0 0.560403 0.198832 0.023316 0.039070
0.0 0.385914 0.976755 0.022254 0.037028
0.0 0.345933 0.947487 0.018528 0.027928
0.0 0.275162 0.427632 0.021165 0.030105
0.0 0.289523 0.807906 0.016473 0.035558
0.0 0.371435 0.203769 0.021176 0.032058
0.0 0.576968 0.652583 0.016495 0.039463
0.0 0.512515 0.818598 0.018545 0.030857
0.0 0.612707 0.138256 0.011713 0.029297
0.0 0.722582 0.841128 0.016954 0.027794
