0 0.366927 0.812500 0.017188 0.026852
0 0.286458 0.722222 0.015625 0.027778
0 0.293490 0.316667 0.016146 0.022222
0 0.628125 0.796296 0.019792 0.038889
0 0.320573 0.741667 0.017188 0.027778
0 0.415104 0.834722 0.016667 0.032407
0 0.352344 0.837963 0.017188 0.024074
0 0.259635 0.542130 0.014063 0.028704
0 0.622656 0.850463 0.019271 0.041667
0 0.583594 0.925000 0.019271 0.031481
0 0.726302 0.543519 0.016146 0.038889
0 0.254688 0.267593 0.015625 0.027778
0 0.430729 0.794444 0.018750 0.022222
0 0.278906 0.782870 0.017188 0.023148
0 0.284635 0.211111 0.021354 0.031481
0 0.534635 0.946759 0.021354 0.028704
0 0.457813 0.804630 0.019792 0.031481
0 0.259896 0.668519 0.016667 0.029630
0 0.336979 0.906944 0.014583 0.030556
0 0.290104 0.538426 0.025000 0.028704
0 0.294010 0.634722 0.014063 0.028704
0 0.358854 0.314352 0.020833 0.030556
0 0.417708 0.695833 0.017708 0.028704
0 0.531250 0.562963 0.014583 0.033333
0 0.357812 0.505556 0.016667 0.037037
0 0.543490 0.658333 0.018229 0.031481
0 0.369531 0.770833 0.014063 0.026852
0 0.324219 0.878241 0.010937 0.023148
0 0.350000 0.819907 0.015625 0.019444
0 0.685937 0.268981 0.010417 0.019444
