0.0 0.618264 0.925614 0.017321 0.031023
0.0 0.466972 0.882622 0.014411 0.039525
0.0 0.653356 0.967262 0.016760 0.028925
0.0 0.631760 0.959962 0.015858 0.029769
0.0 0.657519 0.153541 0.016420 0.031868
0.0 0.366893 0.277433 0.018238 0.041190
0.0 0.660085 0.755037 0.016731 0.038927
0.0 0.535181 0.918833 0.020114 0.030507
0.0 0.668046 0.947454 0.017293 0.041026
0.0 0.591115 0.725300 0.017337 0.042034
0.0 0.326668 0.519923 0.013377 0.037344
0.0 0.575745 0.980690 0.021548 0.038621
0.0 0.478301 0.944538 0.020114 0.030507
0.0 0.533530 0.794069 0.017587 0.037074
0.0 0.377852 0.174669 0.016554 0.034894
0.0 0.362467 0.745617 0.018194 0.040181
0.0 0.712591 0.720446 0.018533 0.037238
0.0 0.308134 0.491815 0.013805 0.036418
0.0 0.294959 0.655671 0.014323 0.037508
0.0 0.421402 0.998919 0.018311 0.002163
0.0 0.456071 0.140469 0.023351 0.040074
0.0 0.440168 0.863750 0.013288 0.035328
0.0 0.345125 0.603906 0.017410 0.033041
0.0 0.702757 0.803080 0.019302 0.033369
0.0 0.387180 0.920106 0.019775 0.033451
0.0 0.392410 0.460698 0.015017 0.042633
0.0 0.464466 0.907083 0.018740 0.031269
