0.0 0.659114 0.869577 0.018902 0.031143
0.0 0.492298 0.895044 0.015720 0.038853
0.0 0.700816 0.893111 0.018290 0.029102
0.0 0.676894 0.895665 0.017305 0.029802
0.0 0.627979 0.135036 0.017918 0.031843
0.0 0.327151 0.375856 0.019899 0.040836
0.0 0.687889 0.692959 0.018254 0.038538
0.0 0.569105 0.899203 0.021953 0.030956
0.0 0.714735 0.868349 0.018867 0.040579
0.0 0.610880 0.695145 0.018915 0.041536
0.0 0.306925 0.618622 0.014591 0.036683
0.0 0.618762 0.940612 0.023514 0.041734
0.0 0.510366 0.947690 0.021953 0.030956
0.0 0.555475 0.783961 0.019190 0.036881
0.0 0.329175 0.275607 0.018062 0.034713
0.0 0.366874 0.812902 0.019851 0.039879
0.0 0.652766 0.967026 0.024872 0.038293
0.0 0.741079 0.638104 0.020223 0.037138
0.0 0.284318 0.600513 0.015060 0.035855
0.0 0.285716 0.758499 0.015624 0.036940
0.0 0.410058 0.209998 0.025483 0.040334
0.0 0.461675 0.889094 0.014495 0.034771
0.0 0.334756 0.688695 0.018998 0.033056
0.0 0.624136 0.992136 0.022565 0.015729
0.0 0.738353 0.719157 0.021064 0.033570
0.0 0.410035 0.964386 0.021581 0.033698
0.0 0.372010 0.535149 0.016380 0.041851
0.0 0.491926 0.918862 0.020452 0.031528
