0 0.238021 0.343519 0.013542 0.027778
0 0.285677 0.821759 0.015104 0.025000
0 0.425781 0.759722 0.015104 0.025000
0 0.263802 0.382870 0.010937 0.026852
0 0.355990 0.891667 0.015104 0.020370
0 0.266927 0.474074 0.010937 0.031481
0 0.620052 0.736574 0.014063 0.028704
0 0.244271 0.500926 0.013542 0.029630
0 0.331771 0.906944 0.019792 0.026852
0 0.697135 0.332407 0.014063 0.031481
0 0.477865 0.076852 0.025521 0.037037
0 0.277604 0.366204 0.012500 0.034259
0 0.338802 0.796296 0.015104 0.035185
0 0.307812 0.881019 0.014583 0.034259
0 0.640365 0.461574 0.018229 0.030556
0 0.386198 0.688426 0.016146 0.028704
0 0.327344 0.288889 0.020313 0.029630
0 0.240104 0.416667 0.021875 0.038889
0 0.682813 0.621759 0.012500 0.030556
0 0.483073 0.825463 0.020313 0.026852
0 0.398958 0.175000 0.019792 0.024074
0 0.694010 0.738426 0.020313 0.023148
0 0.284115 0.627778 0.016146 0.035185
0 0.506510 0.750463 0.015104 0.036111
0 0.215104 0.465278 0.013542 0.032407
0 0.438802 0.406019 0.019271 0.023148
0 0.567448 0.837963 0.019271 0.024074
0 0.616667 0.881019 0.020833 0.026852
0 0.526042 0.776389 0.018750 0.026852
0 0.588542 0.197222 0.018750 0.027778
