0.0 0.542522 0.992540 0.018089 0.014919
0.0 0.438331 0.867154 0.017007 0.039812
0.0 0.310479 0.484706 0.015066 0.030528
0.0 0.291981 0.736351 0.019261 0.033646
0.0 0.736214 0.718096 0.018244 0.033552
0.0 0.352389 0.851416 0.018379 0.025370
0.0 0.581087 0.986546 0.023125 0.026907
0.0 0.736072 0.424924 0.016882 0.037069
0.0 0.322690 0.601036 0.015574 0.030575
0.0 0.700913 0.842909 0.016675 0.032497
0.0 0.609135 0.961555 0.019551 0.040047
0.0 0.425357 0.750896 0.017776 0.034419
0.0 0.433434 0.511140 0.017309 0.035287
0.0 0.530819 0.917342 0.019438 0.026379
0.0 0.309864 0.643648 0.013071 0.031254
0.0 0.412109 0.198982 0.023332 0.034022
0.0 0.548021 0.862034 0.020374 0.024644
0.0 0.760072 0.560651 0.020818 0.045626
0.0 0.444468 0.318003 0.021639 0.030224
0.0 0.489171 0.181395 0.019563 0.029122
0.0 0.687086 0.723087 0.019397 0.025464
0.0 0.414308 0.986551 0.021214 0.026899
0.0 0.273543 0.667943 0.016634 0.031583
0.0 0.637656 0.941621 0.017776 0.034419
0.0 0.468275 0.988222 0.018379 0.023556
0.0 0.422203 0.915534 0.017143 0.031630
0.0 0.474035 0.224677 0.024900 0.035077
0.0 0.438453 0.663188 0.014723 0.034138
0.0 0.622234 0.180491 0.016042 0.029707
0.0 0.407277 0.859095 0.018545 0.029028
