0.0 0.374587 0.707542 0.016934 0.033289
0.0 0.275439 0.325132 0.022521 0.051212
0.0 0.639767 0.855359 0.016093 0.035046
0.0 0.724489 0.686756 0.018131 0.035524
0.0 0.246106 0.526092 0.020436 0.038996
0.0 0.599361 0.862178 0.018285 0.031652
0.0 0.245973 0.416535 0.018177 0.047261
0.0 0.391850 0.861363 0.021521 0.034365
0.0 0.257453 0.348929 0.023962 0.050573
0.0 0.705143 0.755063 0.018065 0.040394
0.0 0.282630 0.600888 0.020436 0.038996
0.0 0.677612 0.862712 0.019547 0.029016
0.0 0.656433 0.732424 0.018575 0.040513
0.0 0.581637 0.999803 0.023138 0.000394
0.0 0.662410 0.814315 0.017888 0.038398
0.0 0.270179 0.755378 0.019838 0.037878
0.0 0.298151 0.876562 0.020969 0.044984
0.0 0.659665 0.631808 0.017111 0.035285
0.0 0.484380 0.929436 0.021764 0.031491
0.0 0.348080 0.998402 0.022540 0.003195
0.0 0.477947 0.466901 0.027683 0.047537
0.0 0.596002 0.484927 0.018243 0.042390
0.0 0.534067 0.941097 0.020412 0.033128
0.0 0.638687 0.437889 0.022452 0.033606
0.0 0.631055 0.210935 0.021942 0.033487
0.0 0.665009 0.779266 0.015139 0.029936
0.0 0.395203 0.885075 0.018173 0.024785
0.0 0.261806 0.411082 0.017977 0.039396
