0.0 0.601302 0.691667 0.015104 0.031481
0.0 0.638542 0.762500 0.015625 0.025000
0.0 0.485938 0.921759 0.015625 0.023148
0.0 0.759115 0.675926 0.015104 0.024074
0.0 0.492448 0.094444 0.014063 0.022222
0.0 0.721875 0.661574 0.012500 0.026852
0.0 0.554688 0.969907 0.021875 0.028704
0.0 0.588802 0.964815 0.019271 0.027778
0.0 0.375260 0.848148 0.016146 0.033333
0.0 0.406771 0.884259 0.016667 0.024074
0.0 0.724740 0.712500 0.014063 0.030556
0.0 0.343750 0.837500 0.018750 0.025000
0.0 0.747656 0.579630 0.011979 0.031481
0.0 0.296354 0.572685 0.018750 0.034259
0.0 0.680990 0.656944 0.015104 0.028704
0.0 0.622917 0.864815 0.017708 0.024074
0.0 0.583854 0.133796 0.019792 0.041667
0.0 0.557031 0.722685 0.019271 0.025000
0.0 0.779427 0.493056 0.013021 0.030556
0.0 0.666667 0.418981 0.020833 0.026852
0.0 0.303906 0.453241 0.014063 0.030556
0.0 0.545312 0.177778 0.017708 0.040741
0.0 0.681250 0.491667 0.014583 0.033333
0.0 0.531510 0.968519 0.019271 0.029630
0.0 0.291667 0.345833 0.013542 0.032407
0.0 0.416146 0.825000 0.019792 0.027778
0.0 0.632552 0.638426 0.016146 0.030556
0.0 0.740885 0.525000 0.013021 0.029630
0.0 0.659115 0.911574 0.020313 0.026852
0.0 0.641667 0.775463 0.013542 0.032407
