0.0 0.304167 0.335648 0.021875 0.045370
0.0 0.347917 0.677778 0.015625 0.033333
0.0 0.459375 0.898611 0.018750 0.025000
0.0 0.300260 0.630093 0.015104 0.028704
0.0 0.706510 0.624074 0.017188 0.031481
0.0 0.770313 0.612963 0.015625 0.029630
0.0 0.746094 0.548611 0.011979 0.023148
0.0 0.346094 0.837963 0.019271 0.029630
0.0 0.549219 0.431944 0.021354 0.030556
0.0 0.658073 0.569444 0.013021 0.033333
0.0 0.725000 0.458333 0.018750 0.048148
0.0 0.552083 0.829630 0.018750 0.025926
0.0 0.679167 0.142130 0.018750 0.023148
0.0 0.412760 0.916667 0.021354 0.033333
0.0 0.646354 0.787500 0.014583 0.032407
0.0 0.324479 0.549074 0.016667 0.033333
0.0 0.761979 0.375000 0.013542 0.031481
0.0 0.691406 0.177778 0.019271 0.025926
0.0 0.627344 0.819444 0.020313 0.027778
0.0 0.521354 0.893981 0.021875 0.028704
0.0 0.479688 0.363889 0.021875 0.040741
0.0 0.646354 0.660185 0.013542 0.033333
0.0 0.692708 0.796759 0.016667 0.032407
0.0 0.762500 0.616204 0.011458 0.028704
0.0 0.464844 0.921759 0.015104 0.019444
0.0 0.427865 0.914815 0.010937 0.025926
0.0 0.358073 0.825463 0.014063 0.028704
0.0 0.357292 0.659259 0.011458 0.020370
0.0 0.290625 0.341667 0.013542 0.033333
