0.0 0.650810 0.828053 0.020299 0.031883
0.0 0.688716 0.541985 0.016490 0.031274
0.0 0.335369 0.905628 0.015060 0.023235
0.0 0.497957 0.940872 0.017971 0.028040
0.0 0.341850 0.933061 0.021970 0.033018
0.0 0.318082 0.855787 0.015643 0.024196
0.0 0.615793 0.378978 0.016414 0.029526
0.0 0.710211 0.469751 0.018654 0.043769
0.0 0.352923 0.873679 0.017971 0.028040
0.0 0.675342 0.799420 0.017578 0.031448
0.0 0.404236 0.979116 0.028108 0.037471
0.0 0.592980 0.847401 0.019325 0.034330
0.0 0.685343 0.493491 0.018705 0.032495
0.0 0.749427 0.620328 0.014465 0.034421
0.0 0.309488 0.252554 0.021932 0.032145
0.0 0.467918 0.907030 0.020540 0.024979
0.0 0.464274 0.972001 0.016692 0.023496
0.0 0.653412 0.377075 0.012528 0.027169
0.0 0.225969 0.421778 0.017920 0.039313
0.0 0.406292 0.919171 0.019996 0.024892
0.0 0.705160 0.358955 0.017262 0.036604
0.0 0.390296 0.953129 0.025311 0.035288
0.0 0.374844 0.501463 0.023096 0.034066
0.0 0.614680 0.953381 0.022477 0.032232
0.0 0.533120 0.427788 0.015440 0.031973
0.0 0.529381 0.994087 0.017743 0.011826
0.0 0.454338 0.872741 0.021122 0.025940
0.0 0.718344 0.572682 0.015908 0.030313
0.0 0.575220 0.455200 0.017806 0.036691
0.0 0.732777 0.530554 0.014933 0.032760
0.0 0.524590 0.857580 0.018642 0.018602
