0.0 0.479873 0.888911 0.018903 0.026404
0.0 0.410277 0.963383 0.016490 0.020731
0.0 0.477035 0.255816 0.029352 0.054420
0.0 0.493085 0.875092 0.018818 0.024668
0.0 0.272242 0.293244 0.015754 0.027442
0.0 0.244473 0.442088 0.022241 0.040005
0.0 0.664075 0.738705 0.016421 0.030163
0.0 0.652158 0.842280 0.016875 0.028543
0.0 0.665187 0.771402 0.017500 0.030395
0.0 0.612650 0.798235 0.024097 0.034393
0.0 0.706379 0.648698 0.019374 0.035952
0.0 0.559763 0.892977 0.021402 0.033812
0.0 0.330802 0.740977 0.019074 0.029876
0.0 0.222742 0.451878 0.023446 0.042842
0.0 0.350991 0.845333 0.020862 0.033696
0.0 0.730627 0.427601 0.020477 0.025884
0.0 0.583611 0.923120 0.020734 0.031093
0.0 0.361669 0.518236 0.018749 0.034099
0.0 0.624765 0.220997 0.021855 0.032193
0.0 0.664677 0.875682 0.018124 0.032248
0.0 0.393610 0.450557 0.022352 0.031441
0.0 0.253741 0.773487 0.017970 0.039943
0.0 0.601973 0.246786 0.020066 0.028372
0.0 0.705305 0.521269 0.014265 0.029698
0.0 0.396380 0.703797 0.021017 0.026000
0.0 0.358011 0.935009 0.021556 0.026117
0.0 0.694324 0.788211 0.015343 0.029930
0.0 0.573779 0.868366 0.020563 0.027620
