0.0 0.636584 0.517628 0.015629 0.028549
0.0 0.513108 0.906605 0.016925 0.022813
0.0 0.572929 0.739535 0.017558 0.026348
0.0 0.583816 0.785984 0.019582 0.026728
0.0 0.683495 0.428742 0.014270 0.032563
0.0 0.674137 0.458204 0.020027 0.038767
0.0 0.530457 0.907250 0.018981 0.024053
0.0 0.299930 0.556912 0.019394 0.035232
0.0 0.596935 0.844569 0.017020 0.025393
0.0 0.250710 0.431492 0.019173 0.042877
0.0 0.602334 0.666485 0.016736 0.031318
0.0 0.366808 0.201488 0.018254 0.031603
0.0 0.678531 0.659997 0.017812 0.033227
0.0 0.703374 0.421986 0.016832 0.033898
0.0 0.519725 0.844321 0.018665 0.029118
0.0 0.708902 0.371594 0.017147 0.028833
0.0 0.262874 0.767772 0.017465 0.037432
0.0 0.624544 0.812553 0.017590 0.027208
0.0 0.694551 0.762632 0.019773 0.031888
0.0 0.551188 0.454405 0.015851 0.034568
0.0 0.568037 0.165506 0.018697 0.029978
0.0 0.615749 0.470879 0.019203 0.030073
0.0 0.452289 0.853496 0.017463 0.023768
0.0 0.621889 0.395695 0.020627 0.027777
0.0 0.372421 0.843354 0.019551 0.025868
0.0 0.307939 0.822103 0.018633 0.028258
0.0 0.675898 0.388603 0.016167 0.029504
0.0 0.661141 0.271877 0.018506 0.024818
0.0 0.628313 0.521343 0.015027 0.025874
0.0 0.351407 0.867640 0.014395 0.022339
