0.0 0.603249 0.810641 0.018876 0.037405
0.0 0.257726 0.751939 0.018627 0.040105
0.0 0.741100 0.471221 0.021076 0.039118
0.0 0.266557 0.809548 0.024765 0.040432
0.0 0.499303 0.982770 0.023526 0.034460
0.0 0.372329 0.914298 0.020518 0.033341
0.0 0.473635 0.080453 0.020860 0.031603
0.0 0.385179 0.880838 0.019621 0.029302
0.0 0.543565 0.084927 0.022906 0.036981
0.0 0.562546 0.157346 0.023185 0.039869
0.0 0.314176 0.933017 0.022502 0.043345
0.0 0.733136 0.436709 0.023433 0.037169
0.0 0.378975 0.237666 0.023556 0.043721
0.0 0.633498 0.155480 0.017295 0.036843
0.0 0.470180 0.992064 0.021759 0.015871
0.0 0.350784 0.925457 0.019899 0.032191
0.0 0.295906 0.656174 0.018720 0.041068
0.0 0.531299 0.172459 0.029694 0.044047
0.0 0.726244 0.354009 0.021231 0.035455
0.0 0.708333 0.515758 0.018286 0.041844
0.0 0.495455 0.817659 0.021262 0.041044
0.0 0.608818 0.258388 0.021944 0.037569
0.0 0.245224 0.681695 0.023431 0.052973
0.0 0.679600 0.729167 0.020178 0.035080
0.0 0.565551 0.888804 0.021480 0.032754
0.0 0.705681 0.299085 0.022007 0.032942
0.0 0.517060 0.115283 0.023773 0.035430
0.0 0.580998 0.735403 0.019496 0.038555
0.0 0.716292 0.626462 0.018286 0.041844
0.0 0.613510 0.787066 0.020116 0.039706
