0.0 0.445151 0.840298 0.018386 0.030651
0.0 0.768114 0.638955 0.018052 0.033177
0.0 0.256919 0.609765 0.020606 0.031794
0.0 0.769043 0.692172 0.024371 0.032281
0.0 0.573670 0.943900 0.023160 0.030411
0.0 0.684379 0.828156 0.020197 0.026601
0.0 0.450407 0.158049 0.020599 0.024939
0.0 0.666535 0.805107 0.019387 0.023069
0.0 0.383831 0.192454 0.022554 0.029476
0.0 0.377413 0.262796 0.022758 0.032072
0.0 0.743415 0.818771 0.021954 0.035395
0.0 0.258937 0.576715 0.023092 0.029546
0.0 0.567247 0.251359 0.023031 0.035535
0.0 0.308815 0.292215 0.016773 0.030442
0.0 0.604540 0.946029 0.021409 0.028471
0.0 0.706942 0.828298 0.019592 0.025666
0.0 0.715693 0.573600 0.018121 0.034043
0.0 0.409961 0.262084 0.029349 0.034638
0.0 0.252036 0.502849 0.020871 0.028402
0.0 0.295747 0.633597 0.017651 0.034839
0.0 0.550052 0.799188 0.020742 0.033525
0.0 0.349412 0.369592 0.021546 0.030203
0.0 0.768652 0.573308 0.022636 0.044051
0.0 0.358328 0.803874 0.019796 0.028263
0.0 0.494227 0.890784 0.021205 0.025875
0.0 0.262839 0.446804 0.021743 0.025944
0.0 0.414310 0.206874 0.023493 0.027884
0.0 0.454255 0.766111 0.018992 0.031585
0.0 0.306204 0.731922 0.017651 0.034839
0.0 0.431416 0.824587 0.019599 0.032520
