0.0 0.416133 0.927786 0.022081 0.033353
0.0 0.340533 0.874082 0.016952 0.025724
0.0 0.347868 0.575111 0.017604 0.029409
0.0 0.360315 0.475221 0.012130 0.034493
0.0 0.332397 0.351968 0.013346 0.030028
0.0 0.716439 0.614490 0.016214 0.030224
0.0 0.512838 0.941262 0.019864 0.026833
0.0 0.403680 0.832147 0.016430 0.024779
0.0 0.328543 0.859067 0.015041 0.035602
0.0 0.433741 0.765057 0.018386 0.025822
0.0 0.372760 0.841940 0.016996 0.026637
0.0 0.544291 0.288144 0.015779 0.031104
0.0 0.392730 0.940840 0.020384 0.027779
0.0 0.454818 0.875938 0.016256 0.021127
0.0 0.388735 0.467547 0.019864 0.026833
0.0 0.485848 0.276825 0.020559 0.031430
0.0 0.681280 0.868516 0.020649 0.043265
0.0 0.378123 0.288238 0.014564 0.035569
0.0 0.590492 0.359988 0.021735 0.046068
0.0 0.629709 0.703351 0.019995 0.029572
0.0 0.301380 0.765171 0.013955 0.032798
0.0 0.559751 0.917908 0.018342 0.024909
0.0 0.628152 0.781089 0.017778 0.033059
0.0 0.471671 0.217243 0.018951 0.027681
0.0 0.741098 0.620296 0.017825 0.043982
0.0 0.426432 0.812638 0.017864 0.024877
0.0 0.570933 0.729099 0.017257 0.032114
0.0 0.300835 0.430403 0.018995 0.028594
0.0 0.514482 0.289771 0.020559 0.031430
0.0 0.369370 0.501483 0.011390 0.028984
