0.0 0.368324 0.926371 0.021945 0.027804
0.0 0.712909 0.720827 0.018910 0.034936
0.0 0.368214 0.953269 0.020870 0.028484
0.0 0.720602 0.740566 0.016049 0.031970
0.0 0.233041 0.566756 0.014483 0.034263
0.0 0.672055 0.699728 0.021440 0.043757
0.0 0.312596 0.551254 0.020933 0.030181
0.0 0.230879 0.441641 0.020633 0.036885
0.0 0.579922 0.452600 0.017676 0.031373
0.0 0.563440 0.898427 0.020221 0.025854
0.0 0.599295 0.845190 0.021392 0.027720
0.0 0.455735 0.233810 0.020221 0.025854
0.0 0.366765 0.892047 0.023636 0.028905
0.0 0.574678 0.811810 0.021613 0.033659
0.0 0.271071 0.765785 0.015337 0.027643
0.0 0.727695 0.602523 0.017186 0.032986
0.0 0.210901 0.622177 0.022467 0.027039
0.0 0.502026 0.855705 0.019731 0.027467
0.0 0.578779 0.302582 0.021977 0.028652
0.0 0.515981 0.953854 0.030593 0.038399
0.0 0.665082 0.445632 0.014910 0.030953
0.0 0.451577 0.443090 0.021977 0.028652
0.0 0.587290 0.224912 0.026009 0.033483
0.0 0.681452 0.847212 0.018815 0.032390
0.0 0.450686 0.948843 0.021392 0.027720
0.0 0.301940 0.765360 0.015890 0.027727
0.0 0.626524 0.515921 0.017218 0.033835
0.0 0.627714 0.204689 0.022594 0.030434
0.0 0.648292 0.875719 0.024744 0.029073
0.0 0.670458 0.686743 0.016474 0.028660
