0 0.466406 0.863426 0.017188 0.017593
0 0.614323 0.867593 0.017188 0.025926
0 0.260156 0.570370 0.015104 0.027778
0 0.545312 0.936574 0.017708 0.023148
0 0.487240 0.861111 0.017188 0.035185
0 0.272396 0.456944 0.014583 0.039815
0 0.623177 0.756944 0.015104 0.026852
0 0.516406 0.179630 0.022396 0.042593
0 0.642188 0.696759 0.016667 0.028704
0 0.253646 0.608796 0.014583 0.032407
0 0.294531 0.712963 0.017188 0.024074
0 0.342708 0.917130 0.015625 0.028704
0 0.596615 0.138889 0.018229 0.027778
0 0.391667 0.247222 0.019792 0.027778
0 0.307552 0.766667 0.016146 0.025926
0 0.432031 0.960648 0.016146 0.039815
0 0.660937 0.781019 0.019792 0.028704
0 0.310417 0.885185 0.015625 0.031481
0 0.415365 0.756944 0.022396 0.028704
0 0.269010 0.299074 0.017188 0.033333
0 0.530990 0.958796 0.018229 0.025000
0 0.362760 0.551852 0.015104 0.035185
0 0.373698 0.195833 0.019271 0.025000
0 0.650000 0.843519 0.020833 0.029630
0 0.381771 0.951852 0.015625 0.033333
0 0.262240 0.549074 0.011979 0.024074
0 0.367708 0.789352 0.014583 0.021296
0 0.540625 0.908333 0.018750 0.022222
0 0.636458 0.856481 0.018750 0.024074
