0.0 0.466494 0.932705 0.017838 0.020415
0.0 0.319783 0.951979 0.018223 0.029267
0.0 0.684326 0.600681 0.016244 0.031025
0.0 0.445964 0.932337 0.018650 0.039103
0.0 0.677439 0.481414 0.016284 0.043760
0.0 0.316123 0.835322 0.016201 0.030042
0.0 0.448544 0.211310 0.024151 0.047496
0.0 0.300071 0.773294 0.017835 0.032166
0.0 0.689000 0.640849 0.015942 0.035891
0.0 0.643691 0.755612 0.018137 0.027300
0.0 0.586541 0.977339 0.016803 0.032061
0.0 0.370975 0.176081 0.019339 0.031339
0.0 0.568981 0.270593 0.020888 0.031496
0.0 0.628313 0.813970 0.017191 0.029163
0.0 0.277608 0.864688 0.020930 0.032480
0.0 0.620002 0.940162 0.016931 0.035011
0.0 0.521969 0.814463 0.023510 0.032741
0.0 0.688084 0.313365 0.018565 0.037136
0.0 0.583547 0.591308 0.016586 0.038894
0.0 0.589153 0.214198 0.020243 0.028492
0.0 0.285556 0.929985 0.022004 0.033568
0.0 0.546245 0.999829 0.017016 0.000343
0.0 0.683245 0.578267 0.012977 0.026777
0.0 0.567679 0.844107 0.015428 0.024087
0.0 0.390903 0.987558 0.019599 0.024884
0.0 0.298371 0.942396 0.019684 0.027456
