0.0 0.533594 0.863426 0.017188 0.017593
0.0 0.385677 0.867593 0.017188 0.025926
0.0 0.739844 0.570370 0.015104 0.027778
0.0 0.454688 0.936574 0.017708 0.023148
0.0 0.512760 0.861111 0.017188 0.035185
0.0 0.727604 0.456944 0.014583 0.039815
0.0 0.376823 0.756944 0.015104 0.026852
0.0 0.483594 0.179630 0.022396 0.042593
0.0 0.357812 0.696759 0.016667 0.028704
0.0 0.746354 0.608796 0.014583 0.032407
0.0 0.705469 0.712963 0.017188 0.024074
0.0 0.657292 0.917130 0.015625 0.028704
0.0 0.403385 0.138889 0.018229 0.027778
0.0 0.608333 0.247222 0.019792 0.027778
0.0 0.692448 0.766667 0.016146 0.025926
0.0 0.567969 0.960648 0.016146 0.039815
0.0 0.339063 0.781019 0.019792 0.028704
0.0 0.689583 0.885185 0.015625 0.031481
0.0 0.584635 0.756944 0.022396 0.028704
0.0 0.730990 0.299074 0.017188 0.033333
0.0 0.469010 0.958796 0.018229 0.025000
0.0 0.637240 0.551852 0.015104 0.035185
0.0 0.626302 0.195833 0.019271 0.025000
0.0 0.350000 0.843519 0.020833 0.029630
0.0 0.618229 0.951852 0.015625 0.033333
0.0 0.737760 0.549074 0.011979 0.024074
0.0 0.632292 0.789352 0.014583 0.021296
0.0 0.459375 0.908333 0.018750 0.022222
0.0 0.363542 0.856481 0.018750 0.024074
