0.0 0.664155 0.273856 0.018738 0.025183
0.0 0.472339 0.797711 0.020754 0.024526
0.0 0.567825 0.828273 0.021276 0.024573
0.0 0.684870 0.637919 0.018811 0.026028
0.0 0.443241 0.602676 0.016346 0.027483
0.0 0.431072 0.764379 0.017839 0.026779
0.0 0.479142 0.821805 0.017331 0.020861
0.0 0.522481 0.971249 0.018956 0.027719
0.0 0.727858 0.513475 0.021407 0.032135
0.0 0.762149 0.486945 0.017824 0.032650
0.0 0.565616 0.879166 0.022016 0.027157
0.0 0.700637 0.515084 0.016041 0.029972
0.0 0.751900 0.625045 0.019304 0.037817
0.0 0.377587 0.585607 0.030355 0.033783
0.0 0.760639 0.432554 0.020957 0.032933
0.0 0.369008 0.323112 0.020870 0.037959
0.0 0.338776 0.274299 0.018361 0.026827
0.0 0.426453 0.311956 0.021189 0.029599
0.0 0.484315 0.452845 0.020681 0.023681
0.0 0.740913 0.401960 0.021015 0.039650
0.0 0.452749 0.198392 0.021929 0.032182
0.0 0.587655 0.737445 0.020971 0.027063
0.0 0.356661 0.387703 0.020072 0.028659
0.0 0.696595 0.894165 0.023364 0.024762
0.0 0.407522 0.183310 0.021943 0.026311
0.0 0.500510 0.975790 0.022002 0.033027
0.0 0.502416 0.725128 0.024322 0.029882
0.0 0.587599 0.822651 0.022016 0.027157
0.0 0.474537 0.783454 0.017781 0.020063
0.0 0.659484 0.884740 0.023973 0.019783
