0.0 0.303702 0.322214 0.017106 0.029173
0.0 0.559404 0.763991 0.018904 0.028940
0.0 0.480189 0.831409 0.019373 0.029097
0.0 0.345498 0.689363 0.017181 0.030035
0.0 0.552897 0.560275 0.014990 0.030974
0.0 0.590318 0.715006 0.016319 0.030583
0.0 0.557376 0.790409 0.015791 0.024547
0.0 0.543794 0.954719 0.017332 0.031760
0.0 0.287029 0.583411 0.019583 0.036699
0.0 0.252393 0.570632 0.016379 0.036460
0.0 0.490537 0.880741 0.020068 0.031841
0.0 0.311316 0.574370 0.014748 0.033402
0.0 0.284225 0.702833 0.017770 0.041948
0.0 0.608014 0.517810 0.027623 0.040235
0.0 0.244751 0.516398 0.019190 0.037404
0.0 0.572270 0.255572 0.019175 0.042420
0.0 0.590892 0.195627 0.016788 0.030740
0.0 0.519739 0.266995 0.019357 0.034113
0.0 0.491930 0.428537 0.018828 0.028078
0.0 0.257108 0.478524 0.019326 0.044144
0.0 0.477795 0.165257 0.020052 0.036856
0.0 0.447704 0.749570 0.019130 0.031527
0.0 0.593823 0.314456 0.018344 0.032936
0.0 0.377435 0.946667 0.021246 0.029726
0.0 0.515215 0.132726 0.019992 0.030979
0.0 0.563931 0.950620 0.020127 0.037719
0.0 0.520887 0.704146 0.022168 0.035057
0.0 0.461813 0.833584 0.020068 0.031841
0.0 0.555112 0.750787 0.016184 0.023843
0.0 0.408627 0.922882 0.021730 0.024868
