0.0 0.702083 0.428704 0.017708 0.038889
0.0 0.517448 0.965278 0.020313 0.028704
0.0 0.276823 0.688889 0.010937 0.029630
0.0 0.324219 0.568056 0.017188 0.037963
0.0 0.274219 0.496296 0.011979 0.027778
0.0 0.296354 0.716667 0.013542 0.029630
0.0 0.521615 0.944444 0.022396 0.033333
0.0 0.264583 0.433333 0.018750 0.025926
0.0 0.278906 0.601389 0.016146 0.030556
0.0 0.697135 0.337037 0.014063 0.031481
0.0 0.334635 0.725000 0.019271 0.025926
0.0 0.405990 0.218519 0.018229 0.029630
0.0 0.716927 0.628241 0.016146 0.037963
0.0 0.666406 0.609722 0.013021 0.032407
0.0 0.564323 0.572685 0.017188 0.034259
0.0 0.313542 0.837037 0.016667 0.031481
0.0 0.326042 0.881944 0.018750 0.025000
0.0 0.388542 0.840278 0.017708 0.026852
0.0 0.489063 0.859722 0.019792 0.026852
0.0 0.609635 0.792130 0.019271 0.025000
0.0 0.467969 0.418981 0.020313 0.034259
0.0 0.345833 0.141667 0.020833 0.038889
0.0 0.622656 0.709722 0.015104 0.036111
0.0 0.248958 0.752315 0.013542 0.034259
0.0 0.423438 0.959722 0.017708 0.023148
0.0 0.675521 0.777315 0.017708 0.036111
0.0 0.386458 0.084722 0.020833 0.026852
0.0 0.375000 0.843056 0.012500 0.021296
0.0 0.671615 0.755093 0.015104 0.034259
0.0 0.697656 0.378704 0.025521 0.029630
