0.0 0.734628 0.489836 0.018146 0.042560
0.0 0.350901 0.733172 0.011452 0.032232
0.0 0.389665 0.608733 0.017623 0.041539
0.0 0.340087 0.528881 0.012339 0.030349
0.0 0.370256 0.764096 0.013872 0.032430
0.0 0.328391 0.461424 0.018549 0.028902
0.0 0.349022 0.640606 0.016332 0.033610
0.0 0.726036 0.392319 0.014437 0.034432
0.0 0.406183 0.775842 0.019033 0.028942
0.0 0.450395 0.244552 0.018226 0.032787
0.0 0.757116 0.702418 0.016654 0.041459
0.0 0.709375 0.678946 0.013509 0.035334
0.0 0.612925 0.631923 0.017461 0.037614
0.0 0.391471 0.892962 0.016856 0.034630
0.0 0.405041 0.941503 0.018509 0.027921
0.0 0.461288 0.902108 0.017621 0.029804
0.0 0.555520 0.930368 0.019557 0.029963
0.0 0.664585 0.867922 0.018993 0.027960
0.0 0.516711 0.461704 0.020364 0.037852
0.0 0.391159 0.158530 0.021049 0.042798
0.0 0.673090 0.781585 0.015606 0.039417
0.0 0.327779 0.798263 0.014074 0.037336
0.0 0.725148 0.857240 0.018025 0.039616
0.0 0.426417 0.101279 0.020524 0.030042
0.0 0.448828 0.904021 0.012541 0.023520
0.0 0.720551 0.833394 0.015525 0.037455
0.0 0.728336 0.436514 0.025001 0.033343
