0 0.329167 0.733796 0.014583 0.030556
0 0.611979 0.885185 0.016667 0.027778
0 0.350781 0.689352 0.015104 0.028704
0 0.293750 0.790741 0.016667 0.020370
0 0.439844 0.968056 0.019271 0.028704
0 0.507292 0.852778 0.019792 0.024074
0 0.651563 0.631944 0.015625 0.030556
0 0.546354 0.920370 0.021875 0.040741
0 0.217188 0.602315 0.013542 0.030556
0 0.370052 0.689352 0.018229 0.034259
0 0.567448 0.245833 0.016146 0.037963
0 0.377083 0.100000 0.022917 0.029630
0 0.534635 0.872222 0.021354 0.025926
0 0.654167 0.841204 0.019792 0.021296
0 0.309635 0.874537 0.017188 0.032407
0 0.717708 0.640278 0.013542 0.034259
0 0.534115 0.678704 0.016146 0.037037
0 0.296354 0.431019 0.014583 0.037963
0 0.510417 0.169907 0.022917 0.032407
0 0.424740 0.754630 0.016146 0.040741
0 0.624740 0.800000 0.016146 0.033333
0 0.703385 0.373611 0.022396 0.036111
0 0.373437 0.158333 0.018750 0.029630
0 0.508073 0.942593 0.019271 0.025926
0 0.252604 0.393056 0.018750 0.032407
0 0.254167 0.634722 0.014583 0.032407
0 0.316927 0.731944 0.017188 0.023148
0 0.295573 0.813889 0.014063 0.029630
0 0.616927 0.863889 0.015104 0.024074
