0.0 0.722018 0.434089 0.013744 0.028108
0.0 0.674543 0.752557 0.014173 0.027342
0.0 0.682163 0.694529 0.016590 0.035248
0.0 0.327353 0.660725 0.018033 0.027965
0.0 0.365519 0.346724 0.012403 0.029562
0.0 0.378068 0.352586 0.017235 0.037858
0.0 0.286574 0.486605 0.018787 0.032262
0.0 0.548580 0.750990 0.015945 0.032639
0.0 0.673354 0.565641 0.013207 0.027186
0.0 0.697812 0.769954 0.020289 0.033340
0.0 0.436720 0.906022 0.018516 0.028043
0.0 0.482343 0.490910 0.017822 0.032106
0.0 0.346062 0.832990 0.016049 0.026810
0.0 0.476297 0.512955 0.015724 0.021746
0.0 0.350124 0.807640 0.015778 0.022590
0.0 0.748963 0.447390 0.019273 0.039858
0.0 0.297681 0.579628 0.014818 0.029952
0.0 0.292686 0.642342 0.016694 0.029419
0.0 0.716445 0.779781 0.017660 0.029575
0.0 0.371775 0.739940 0.020502 0.029199
0.0 0.619524 0.933815 0.021038 0.030120
0.0 0.295405 0.421099 0.015462 0.032561
0.0 0.644479 0.856416 0.017763 0.023745
0.0 0.482848 0.855913 0.018138 0.022135
0.0 0.404145 0.231032 0.021308 0.034339
0.0 0.492515 0.933357 0.020502 0.029199
0.0 0.446049 0.965932 0.022324 0.027822
0.0 0.412512 0.941337 0.016694 0.029419
0.0 0.433166 0.527737 0.015620 0.027576
0.0 0.437434 0.875870 0.017438 0.018682
