0 0.259896 0.331481 0.013542 0.033333
0 0.235937 0.701389 0.017708 0.030556
0 0.254427 0.368519 0.010937 0.033333
0 0.271094 0.493981 0.013021 0.026852
0 0.253906 0.753241 0.019271 0.034259
0 0.357812 0.785648 0.019792 0.025000
0 0.245573 0.494444 0.014063 0.033333
0 0.519792 0.599074 0.015625 0.035185
0 0.710938 0.640278 0.018750 0.037963
0 0.675781 0.694444 0.017188 0.029630
0 0.433333 0.448611 0.023958 0.036111
0 0.604427 0.825463 0.020313 0.032407
0 0.664062 0.490278 0.017708 0.039815
0 0.678646 0.782407 0.020833 0.025926
0 0.646354 0.655093 0.018750 0.026852
0 0.617708 0.869907 0.018750 0.026852
0 0.703906 0.353241 0.015104 0.039815
0 0.340625 0.562500 0.014583 0.036111
0 0.354167 0.266667 0.020833 0.027778
0 0.528125 0.951852 0.017708 0.024074
0 0.423698 0.553241 0.015104 0.034259
0 0.374219 0.711574 0.014063 0.036111
0 0.242448 0.452778 0.014063 0.029630
0 0.243490 0.719444 0.014063 0.027778
0 0.259115 0.699537 0.017188 0.030556
0 0.266406 0.674074 0.013021 0.033333
0 0.307031 0.706481 0.016146 0.024074
0 0.272917 0.762963 0.016667 0.022222
0 0.254167 0.737963 0.013542 0.022222
0 0.282552 0.787037 0.016146 0.027778
