0.0 0.290831 0.331384 0.015657 0.037151
0.0 0.255587 0.712399 0.020157 0.035006
0.0 0.283936 0.368984 0.012800 0.036683
0.0 0.299166 0.502661 0.014928 0.030306
0.0 0.274031 0.769635 0.021961 0.039143
0.0 0.387170 0.822034 0.022307 0.029592
0.0 0.271173 0.498564 0.016228 0.037244
0.0 0.569297 0.656751 0.017985 0.039454
0.0 0.777876 0.733966 0.021479 0.042908
0.0 0.738014 0.784080 0.019564 0.033948
0.0 0.478151 0.484510 0.027144 0.041913
0.0 0.656601 0.907753 0.023058 0.037401
0.0 0.730119 0.569308 0.020382 0.044650
0.0 0.739021 0.876220 0.023471 0.030744
0.0 0.706704 0.737810 0.021210 0.031334
0.0 0.670084 0.956431 0.021210 0.031334
0.0 0.777130 0.433713 0.017527 0.044183
0.0 0.373740 0.586509 0.016865 0.040231
0.0 0.395765 0.280785 0.023516 0.032673
0.0 0.465048 0.591769 0.017392 0.038396
0.0 0.406957 0.747818 0.016295 0.040138
0.0 0.268758 0.454603 0.016138 0.033387
0.0 0.263430 0.732561 0.016093 0.031458
0.0 0.281045 0.714629 0.019587 0.034912
0.0 0.289657 0.689413 0.015085 0.037057
0.0 0.333413 0.730459 0.018287 0.027973
0.0 0.294639 0.783172 0.018813 0.026138
0.0 0.274688 0.753767 0.015387 0.025577
0.0 0.304619 0.809978 0.018377 0.031832
