0 0.663021 0.409259 0.016667 0.033333
0 0.525260 0.433796 0.015104 0.028704
0 0.450781 0.874074 0.016146 0.022222
0 0.726823 0.499074 0.019271 0.027778
0 0.692708 0.330093 0.019792 0.037963
0 0.497917 0.816204 0.013542 0.026852
0 0.351042 0.931481 0.016667 0.024074
0 0.532292 0.925000 0.013542 0.020370
0 0.536979 0.728704 0.017708 0.022222
0 0.420573 0.938426 0.018229 0.026852
0 0.411458 0.219907 0.018750 0.032407
0 0.652604 0.237500 0.016667 0.028704
0 0.275521 0.606944 0.017708 0.034259
0 0.313281 0.724537 0.018229 0.032407
0 0.265885 0.766204 0.015104 0.034259
0 0.658854 0.551389 0.015625 0.037963
0 0.569010 0.874537 0.018229 0.026852
0 0.466927 0.279167 0.015104 0.034259
0 0.401562 0.850463 0.017708 0.023148
0 0.632292 0.802315 0.020833 0.037963
0 0.334375 0.903704 0.017708 0.035185
0 0.445052 0.725926 0.018229 0.025926
0 0.335677 0.173148 0.022396 0.035185
0 0.574219 0.916204 0.022396 0.028704
0 0.713542 0.400463 0.016667 0.039815
0 0.543229 0.843981 0.018750 0.028704
0 0.290625 0.785185 0.013542 0.031481
0 0.232813 0.324537 0.013542 0.030556
0 0.517708 0.861574 0.020833 0.025000
0 0.421354 0.919444 0.019792 0.025926
