0.0 0.281250 0.627315 0.016667 0.032407
0.0 0.311458 0.785185 0.017708 0.027778
0.0 0.682031 0.350463 0.019271 0.036111
0.0 0.595833 0.811111 0.016667 0.024074
0.0 0.626563 0.765278 0.016667 0.026852
0.0 0.264844 0.529630 0.015104 0.033333
0.0 0.326823 0.874074 0.017188 0.029630
0.0 0.444531 0.687963 0.016146 0.025926
0.0 0.681510 0.773611 0.022396 0.030556
0.0 0.409896 0.960185 0.016667 0.024074
0.0 0.325000 0.549074 0.018750 0.031481
0.0 0.321094 0.663426 0.018229 0.025000
0.0 0.480469 0.900926 0.016146 0.029630
0.0 0.488542 0.153241 0.023958 0.036111
0.0 0.352604 0.892593 0.016667 0.027778
0.0 0.489844 0.714352 0.018229 0.025000
0.0 0.428125 0.643519 0.019792 0.024074
0.0 0.717187 0.402315 0.018750 0.039815
0.0 0.415104 0.335648 0.019792 0.028704
0.0 0.287760 0.839815 0.016146 0.029630
0.0 0.270573 0.447222 0.013021 0.033333
0.0 0.600260 0.528704 0.015104 0.037037
0.0 0.218229 0.549074 0.015625 0.029630
0.0 0.416406 0.844444 0.021354 0.025926
0.0 0.380469 0.095833 0.020313 0.028704
0.0 0.327344 0.393056 0.019271 0.028704
0.0 0.551562 0.908796 0.021875 0.032407
0.0 0.540365 0.687500 0.020313 0.026852
0.0 0.674219 0.750000 0.018229 0.027778
