0.0 0.314361 0.831726 0.020241 0.027641
0.0 0.437006 0.925334 0.021783 0.025031
0.0 0.693590 0.400362 0.017469 0.039322
0.0 0.258394 0.811532 0.023637 0.028882
0.0 0.361967 0.934299 0.016755 0.024555
0.0 0.618455 0.691652 0.016130 0.034601
0.0 0.320429 0.812144 0.017493 0.028300
0.0 0.290111 0.800182 0.016644 0.033731
0.0 0.244532 0.785959 0.025581 0.034578
0.0 0.491596 0.812613 0.018521 0.026560
0.0 0.424289 0.818991 0.022966 0.038005
0.0 0.667331 0.843708 0.019124 0.027536
0.0 0.349118 0.958695 0.022431 0.026930
0.0 0.383862 0.597989 0.019124 0.027536
0.0 0.406380 0.989403 0.021492 0.021194
0.0 0.224195 0.684509 0.024217 0.040880
0.0 0.719620 0.404850 0.019749 0.040456
0.0 0.660930 0.496636 0.017894 0.036606
0.0 0.242814 0.750426 0.024508 0.035395
0.0 0.604935 0.905249 0.019594 0.025742
0.0 0.715741 0.603163 0.014968 0.033572
0.0 0.271085 0.638807 0.016644 0.033731
0.0 0.501799 0.762508 0.017784 0.022815
0.0 0.588846 0.763994 0.017068 0.031016
0.0 0.644863 0.355841 0.018498 0.037582
0.0 0.642446 0.938318 0.020665 0.024925
0.0 0.262759 0.524630 0.020263 0.039586
0.0 0.753776 0.664459 0.016912 0.039269
0.0 0.685971 0.405257 0.013895 0.034389
0.0 0.420746 0.994846 0.016666 0.010308
