0.0 0.485677 0.911111 0.013021 0.027778
0.0 0.474219 0.922222 0.014063 0.025926
0.0 0.693750 0.335648 0.017708 0.039815
0.0 0.369010 0.939352 0.019271 0.025000
0.0 0.254948 0.700463 0.016146 0.025000
0.0 0.292708 0.249074 0.015625 0.027778
0.0 0.273438 0.412500 0.017708 0.036111
0.0 0.348438 0.905093 0.017708 0.025000
0.0 0.725781 0.542130 0.018229 0.032407
0.0 0.657292 0.700463 0.017708 0.026852
0.0 0.257031 0.607870 0.016146 0.028704
0.0 0.314063 0.249537 0.015625 0.030556
0.0 0.593490 0.872222 0.017188 0.024074
0.0 0.344792 0.231481 0.016667 0.031481
0.0 0.715365 0.411111 0.016146 0.040741
0.0 0.630990 0.528704 0.016146 0.033333
0.0 0.467969 0.151852 0.025521 0.033333
0.0 0.601302 0.560185 0.015104 0.037037
0.0 0.242188 0.575926 0.014583 0.031481
0.0 0.269531 0.797222 0.017188 0.033333
0.0 0.530208 0.958333 0.019792 0.027778
0.0 0.312760 0.424537 0.016146 0.036111
0.0 0.346354 0.783333 0.017708 0.029630
0.0 0.405469 0.467593 0.022396 0.029630
0.0 0.576042 0.466667 0.014583 0.029630
0.0 0.580208 0.924074 0.017708 0.029630
0.0 0.610677 0.818056 0.021354 0.030556
0.0 0.377604 0.806019 0.018750 0.025000
0.0 0.252604 0.628241 0.013542 0.026852
