0 0.311198 0.255556 0.016146 0.027778
0 0.276823 0.240741 0.018229 0.024074
0 0.671875 0.342130 0.015625 0.025000
0 0.274479 0.368056 0.016667 0.032407
0 0.651563 0.450926 0.015625 0.033333
0 0.363802 0.672685 0.015104 0.028704
0 0.352604 0.686111 0.016667 0.024074
0 0.286458 0.632870 0.014583 0.032407
0 0.265625 0.272222 0.014583 0.040741
0 0.285677 0.675926 0.016146 0.031481
0 0.248177 0.679630 0.013021 0.027778
0 0.297656 0.767130 0.018229 0.028704
0 0.498958 0.063426 0.014583 0.028704
0 0.599219 0.897685 0.021354 0.032407
0 0.574740 0.151852 0.019271 0.035185
0 0.569531 0.821296 0.018229 0.029630
0 0.340885 0.267130 0.016146 0.032407
0 0.342187 0.508796 0.019792 0.037963
0 0.269010 0.514352 0.016146 0.030556
0 0.720573 0.620833 0.015104 0.039815
0 0.314844 0.163889 0.014063 0.031481
0 0.653906 0.768981 0.017188 0.030556
0 0.238281 0.356019 0.013021 0.034259
0 0.627083 0.687963 0.020833 0.025926
0 0.718229 0.410648 0.023958 0.039815
0 0.472917 0.950926 0.019792 0.025926
0 0.447656 0.933333 0.019271 0.025926
0 0.221094 0.480556 0.013021 0.029630
0 0.692448 0.729167 0.015104 0.030556
