0.0 0.633399 0.280150 0.017463 0.029935
0.0 0.667875 0.260642 0.019449 0.026526
0.0 0.269145 0.416123 0.016830 0.027092
0.0 0.674915 0.387345 0.018163 0.034625
0.0 0.293812 0.521879 0.017135 0.035406
0.0 0.595053 0.703564 0.016435 0.030716
0.0 0.606950 0.715420 0.017858 0.026311
0.0 0.672387 0.653204 0.016040 0.034339
0.0 0.680433 0.290512 0.016344 0.042654
0.0 0.674756 0.696055 0.017598 0.033630
0.0 0.713092 0.694594 0.014279 0.029505
0.0 0.665885 0.788699 0.019618 0.031145
0.0 0.435111 0.114276 0.015904 0.030644
0.0 0.363457 0.960424 0.022937 0.035270
0.0 0.361143 0.212921 0.020917 0.037755
0.0 0.390909 0.880126 0.019652 0.032069
0.0 0.603580 0.295780 0.017632 0.034553
0.0 0.611084 0.537075 0.021549 0.040598
0.0 0.685831 0.532556 0.017564 0.032707
0.0 0.229720 0.700889 0.016841 0.041801
0.0 0.626336 0.189193 0.015476 0.033343
0.0 0.303045 0.839532 0.018626 0.032850
0.0 0.711349 0.370358 0.014516 0.035972
0.0 0.327410 0.755010 0.022170 0.028732
0.0 0.224428 0.490859 0.025860 0.043019
0.0 0.494064 0.990941 0.021109 0.018118
0.0 0.519155 0.975150 0.020578 0.028517
0.0 0.733408 0.492248 0.014347 0.031353
0.0 0.262329 0.805109 0.016503 0.032563
