0.0 0.620507 0.697140 0.013392 0.026012
0.0 0.720297 0.600701 0.012990 0.030983
0.0 0.681620 0.767271 0.016673 0.035243
0.0 0.530898 0.394830 0.020795 0.036231
0.0 0.474317 0.179394 0.011789 0.023094
0.0 0.296721 0.838481 0.017571 0.029547
0.0 0.640254 0.380496 0.018161 0.033066
0.0 0.451342 0.884930 0.016063 0.030875
0.0 0.284058 0.372371 0.020317 0.037806
0.0 0.523520 0.935093 0.017439 0.023604
0.0 0.301229 0.810538 0.016138 0.034271
0.0 0.679588 0.614418 0.015032 0.030628
0.0 0.450355 0.464299 0.017037 0.028575
0.0 0.674613 0.744679 0.017093 0.031122
0.0 0.730524 0.595044 0.020776 0.035382
0.0 0.621375 0.797645 0.017609 0.031246
0.0 0.680737 0.435012 0.017590 0.030396
0.0 0.371971 0.890234 0.016999 0.026876
0.0 0.572784 0.955863 0.018525 0.026398
0.0 0.725458 0.543467 0.020587 0.026892
0.0 0.245783 0.695245 0.020204 0.032712
0.0 0.227542 0.502655 0.021041 0.047269
0.0 0.595432 0.741491 0.017112 0.031971
0.0 0.334199 0.795394 0.019040 0.026521
0.0 0.281843 0.669317 0.019669 0.031739
0.0 0.622720 0.899972 0.017552 0.028698
0.0 0.664850 0.322798 0.021196 0.031261
0.0 0.614219 0.293591 0.022378 0.038300
0.0 0.561333 0.446938 0.018677 0.033190
0.0 0.634049 0.763551 0.020644 0.029439
