0.0 0.687760 0.336574 0.017188 0.036111
0.0 0.270573 0.415278 0.015104 0.030556
0.0 0.413281 0.360648 0.017188 0.032407
0.0 0.286458 0.709259 0.015625 0.029630
0.0 0.508073 0.680093 0.018229 0.021296
0.0 0.219271 0.533333 0.018750 0.024074
0.0 0.299219 0.528704 0.017188 0.037037
0.0 0.221354 0.568519 0.015625 0.029630
0.0 0.621615 0.722685 0.016146 0.025000
0.0 0.653385 0.487037 0.017188 0.027778
0.0 0.651042 0.726389 0.016667 0.032407
0.0 0.709375 0.366204 0.021875 0.037963
0.0 0.490104 0.160185 0.027083 0.037037
0.0 0.646615 0.644907 0.015104 0.032407
0.0 0.292969 0.332870 0.016146 0.030556
0.0 0.559635 0.917130 0.024479 0.034259
0.0 0.726823 0.473611 0.016146 0.036111
0.0 0.591927 0.132870 0.019271 0.028704
0.0 0.210938 0.494444 0.019792 0.024074
0.0 0.307812 0.712500 0.017708 0.030556
0.0 0.505469 0.901389 0.017188 0.023148
0.0 0.259375 0.315278 0.013542 0.032407
0.0 0.337240 0.184259 0.019271 0.025926
0.0 0.401562 0.737963 0.021875 0.031481
0.0 0.353125 0.421759 0.021875 0.028704
0.0 0.217708 0.415278 0.017708 0.030556
0.0 0.292969 0.837963 0.017188 0.037037
0.0 0.535156 0.957407 0.021354 0.025926
0.0 0.400260 0.136111 0.021354 0.027778
0.0 0.498177 0.093056 0.015104 0.032407
