0.0 0.697634 0.327814 0.020837 0.042794
0.0 0.328827 0.519543 0.018142 0.036356
0.0 0.451013 0.424542 0.020306 0.038862
0.0 0.385447 0.827530 0.018484 0.035508
0.0 0.583175 0.739103 0.019661 0.027336
0.0 0.299012 0.658179 0.020534 0.030420
0.0 0.371188 0.632535 0.020970 0.043777
0.0 0.305955 0.694994 0.018484 0.035508
0.0 0.692727 0.754880 0.018294 0.030728
0.0 0.687888 0.496466 0.019642 0.033947
0.0 0.720069 0.751183 0.019831 0.038727
0.0 0.721575 0.353666 0.025373 0.045976
0.0 0.492265 0.191800 0.029985 0.046343
0.0 0.704353 0.665825 0.018407 0.038321
0.0 0.337417 0.426247 0.019091 0.036626
0.0 0.664136 0.977384 0.027214 0.042718
0.0 0.752871 0.463171 0.019887 0.042524
0.0 0.581118 0.136400 0.021673 0.035470
0.0 0.285845 0.619053 0.021484 0.030690
0.0 0.405367 0.825434 0.020514 0.037031
0.0 0.612529 0.974718 0.018978 0.029032
0.0 0.304288 0.416281 0.016984 0.037916
0.0 0.356445 0.256995 0.021274 0.032521
0.0 0.494432 0.828158 0.024443 0.039094
0.0 0.404968 0.505019 0.024045 0.036146
0.0 0.280663 0.533251 0.020514 0.037031
0.0 0.409832 0.962481 0.020970 0.043777
0.0 0.406958 0.189538 0.023438 0.035028
0.0 0.489996 0.118439 0.018407 0.038321
