0.0 0.750764 0.428018 0.024149 0.043121
0.0 0.316730 0.453887 0.017172 0.035051
0.0 0.581735 0.118988 0.019037 0.039257
0.0 0.341583 0.821455 0.020153 0.029842
0.0 0.434312 0.991256 0.019992 0.017488
0.0 0.321656 0.318643 0.019870 0.034603
0.0 0.332140 0.765574 0.019817 0.033629
0.0 0.639215 0.216479 0.025320 0.034679
0.0 0.264395 0.374093 0.020153 0.029842
0.0 0.403060 0.856287 0.020420 0.034707
0.0 0.502801 0.943648 0.021681 0.037836
0.0 0.450552 0.234575 0.018486 0.039152
0.0 0.270147 0.785706 0.016125 0.035813
0.0 0.302572 0.868585 0.018770 0.034393
0.0 0.728771 0.555090 0.018593 0.041099
0.0 0.784889 0.490082 0.021238 0.039677
0.0 0.409757 0.744488 0.021093 0.027132
0.0 0.420698 0.945195 0.021751 0.029183
0.0 0.680063 0.950909 0.021911 0.032103
0.0 0.328959 0.874110 0.024432 0.038361
0.0 0.453556 0.903774 0.021804 0.030157
0.0 0.412936 0.413239 0.019373 0.035471
0.0 0.368348 0.617614 0.020527 0.036653
0.0 0.767007 0.744780 0.018983 0.038284
0.0 0.495225 0.236213 0.025320 0.034679
0.0 0.364736 0.475826 0.020031 0.037521
0.0 0.724676 0.847324 0.019710 0.031683
0.0 0.396660 0.724783 0.013993 0.026741
0.0 0.625207 0.177918 0.018235 0.024661
