0 0.264323 0.627315 0.011979 0.026852
0 0.523958 0.924074 0.017708 0.025926
0 0.465885 0.139352 0.015104 0.028704
0 0.298958 0.347222 0.013542 0.038889
0 0.438281 0.812963 0.018229 0.025926
0 0.284896 0.648148 0.013542 0.033333
0 0.214844 0.543981 0.018229 0.030556
0 0.625521 0.417593 0.015625 0.031481
0 0.673177 0.591667 0.017188 0.033333
0 0.366667 0.207870 0.019792 0.028704
0 0.235677 0.646296 0.014063 0.027778
0 0.720313 0.601852 0.019792 0.031481
0 0.621094 0.507870 0.018229 0.030556
0 0.218229 0.401389 0.016667 0.032407
0 0.419792 0.910648 0.020833 0.032407
0 0.499219 0.864815 0.017188 0.022222
0 0.392969 0.728704 0.015104 0.029630
0 0.458594 0.168519 0.024479 0.037037
0 0.257031 0.410648 0.016146 0.034259
0 0.461719 0.972685 0.020313 0.028704
0 0.596094 0.541204 0.015104 0.034259
0 0.637500 0.863426 0.018750 0.021296
0 0.302865 0.819444 0.018229 0.027778
0 0.308594 0.635648 0.016146 0.032407
0 0.284375 0.835185 0.018750 0.027778
0 0.438542 0.867593 0.017708 0.020370
0 0.392969 0.940741 0.019271 0.024074
0 0.716667 0.556019 0.020833 0.039815
0 0.277344 0.229630 0.020313 0.027778
0 0.337760 0.484722 0.018229 0.030556
