0.0 0.278326 0.685063 0.014775 0.030102
0.0 0.274342 0.424338 0.013250 0.030749
0.0 0.494708 0.828290 0.015786 0.018306
0.0 0.617632 0.859574 0.018340 0.033987
0.0 0.229365 0.520284 0.013761 0.035079
0.0 0.659321 0.793902 0.015283 0.027613
0.0 0.561453 0.948070 0.018842 0.023828
0.0 0.534404 0.827240 0.017825 0.025396
0.0 0.685433 0.640812 0.012741 0.031533
0.0 0.644966 0.628328 0.016300 0.026897
0.0 0.672451 0.634026 0.014266 0.030034
0.0 0.639713 0.371608 0.015284 0.030170
0.0 0.629738 0.291539 0.017830 0.033067
0.0 0.477923 0.842896 0.017831 0.034771
0.0 0.702535 0.325270 0.014778 0.034363
0.0 0.312194 0.723577 0.013252 0.034159
0.0 0.539303 0.928445 0.018335 0.026317
0.0 0.366259 0.911540 0.017317 0.026180
0.0 0.446355 0.421776 0.018336 0.028021
0.0 0.540217 0.766368 0.019352 0.024748
0.0 0.669773 0.822337 0.017826 0.026248
0.0 0.599853 0.910114 0.019355 0.029862
0.0 0.388502 0.677139 0.016302 0.030306
0.0 0.308701 0.834003 0.019356 0.031566
0.0 0.271513 0.775902 0.018346 0.043362
0.0 0.446961 0.970636 0.019861 0.024816
0.0 0.658152 0.555388 0.013250 0.030749
0.0 0.384034 0.851625 0.019358 0.034123
0.0 0.689074 0.365002 0.019359 0.035828
0.0 0.527420 0.252383 0.011717 0.022022
