0.0 0.265339 0.622821 0.017006 0.034563
0.0 0.277471 0.339318 0.015479 0.035054
0.0 0.478587 0.869843 0.017325 0.021949
0.0 0.602846 0.956043 0.020903 0.039251
0.0 0.225323 0.423854 0.016268 0.039805
0.0 0.649734 0.902827 0.017375 0.031942
0.0 0.519407 0.885626 0.019851 0.029894
0.0 0.686068 0.748489 0.015004 0.035832
0.0 0.645298 0.717749 0.018376 0.031307
0.0 0.673162 0.735621 0.016479 0.034420
0.0 0.655878 0.438034 0.017533 0.034707
0.0 0.650618 0.347240 0.020323 0.038187
0.0 0.460444 0.878477 0.020428 0.040030
0.0 0.723260 0.414722 0.017268 0.039170
0.0 0.297715 0.678883 0.015688 0.038740
0.0 0.518140 0.990811 0.020430 0.018378
0.0 0.341528 0.905084 0.019377 0.030672
0.0 0.454236 0.409856 0.020535 0.032802
0.0 0.529163 0.822310 0.021379 0.029402
0.0 0.658696 0.938016 0.019904 0.030815
0.0 0.581447 0.992813 0.021694 0.014373
0.0 0.378949 0.661210 0.018586 0.034993
0.0 0.287259 0.796748 0.021799 0.036773
0.0 0.252692 0.718101 0.021480 0.049387
0.0 0.420708 0.994289 0.021906 0.011422
0.0 0.663374 0.644531 0.015479 0.035054
0.0 0.363505 0.847899 0.021956 0.039538
0.0 0.706968 0.451930 0.022061 0.041381
0.0 0.548005 0.261314 0.013373 0.025410
