0.0 0.675781 0.621759 0.015104 0.030556
0.0 0.679688 0.337963 0.013542 0.031481
0.0 0.454427 0.808796 0.016146 0.017593
0.0 0.328646 0.860648 0.018750 0.034259
0.0 0.725781 0.435648 0.014063 0.036111
0.0 0.285938 0.795370 0.015625 0.027778
0.0 0.386198 0.948611 0.019271 0.023148
0.0 0.413802 0.813426 0.018229 0.025000
0.0 0.259115 0.632870 0.013021 0.032407
0.0 0.300521 0.613426 0.016667 0.026852
0.0 0.272396 0.623611 0.014583 0.030556
0.0 0.305729 0.333796 0.015625 0.030556
0.0 0.315885 0.245370 0.018229 0.033333
0.0 0.471615 0.822222 0.018229 0.035185
0.0 0.241406 0.292593 0.015104 0.035185
0.0 0.641146 0.668519 0.013542 0.035185
0.0 0.408854 0.924074 0.018750 0.025926
0.0 0.585938 0.880556 0.017708 0.025926
0.0 0.503646 0.360185 0.018750 0.027778
0.0 0.407813 0.748148 0.019792 0.024074
0.0 0.275260 0.827778 0.018229 0.025926
0.0 0.346875 0.912963 0.019792 0.029630
0.0 0.563021 0.629167 0.016667 0.030556
0.0 0.644792 0.787963 0.019792 0.031481
0.0 0.682813 0.719444 0.018750 0.044444
0.0 0.503385 0.956481 0.020313 0.024074
0.0 0.286979 0.536111 0.013542 0.031481
0.0 0.567708 0.818056 0.019792 0.034259
0.0 0.255208 0.333796 0.019792 0.036111
0.0 0.420573 0.187963 0.011979 0.022222
