0 0.689844 0.331481 0.017188 0.033333
0 0.292448 0.430556 0.017188 0.025926
0 0.372135 0.856019 0.015104 0.023148
0 0.273958 0.424537 0.013542 0.026852
0 0.356771 0.705093 0.015625 0.026852
0 0.588542 0.121296 0.015625 0.037037
0 0.281771 0.542130 0.014583 0.028704
0 0.377083 0.929167 0.015625 0.021296
0 0.712240 0.595833 0.017188 0.030556
0 0.622917 0.695833 0.014583 0.034259
0 0.225521 0.660185 0.018750 0.029630
0 0.306510 0.581019 0.020313 0.039815
0 0.318229 0.730093 0.018750 0.023148
0 0.715625 0.393519 0.022917 0.029630
0 0.217188 0.537500 0.019792 0.032407
0 0.343490 0.120370 0.016146 0.031481
0 0.412760 0.872222 0.019271 0.024074
0 0.482552 0.761111 0.017188 0.024074
0 0.382812 0.250000 0.019792 0.025926
0 0.490104 0.867130 0.019792 0.023148
0 0.599479 0.861574 0.023958 0.025000
0 0.445573 0.388889 0.022396 0.025926
0 0.708854 0.451852 0.021875 0.027778
0 0.670312 0.808333 0.017708 0.035185
0 0.473958 0.954167 0.019792 0.028704
0 0.402344 0.214352 0.014063 0.026852
0 0.290365 0.419444 0.011979 0.022222
0 0.237500 0.604630 0.015625 0.022222
0 0.253906 0.621296 0.017188 0.040741
0 0.350260 0.724074 0.018229 0.020370
0 0.447656 0.928704 0.020313 0.024074
