0 0.434115 0.812963 0.018229 0.020370
0 0.235417 0.520833 0.015625 0.034259
0 0.583854 0.656944 0.017708 0.028704
0 0.278385 0.492593 0.014063 0.033333
0 0.696354 0.340278 0.020833 0.043519
0 0.251823 0.341204 0.013021 0.032407
0 0.562500 0.650926 0.013542 0.033333
0 0.610417 0.721759 0.021875 0.028704
0 0.531510 0.521296 0.016146 0.033333
0 0.408594 0.868056 0.019271 0.025000
0 0.492448 0.847685 0.020313 0.019444
0 0.220312 0.505556 0.019792 0.033333
0 0.409375 0.459722 0.017708 0.034259
0 0.232813 0.359259 0.015625 0.037037
0 0.542448 0.950926 0.016146 0.040741
0 0.565885 0.939815 0.015104 0.037037
0 0.369792 0.435185 0.019792 0.035185
0 0.404167 0.904167 0.018750 0.026852
0 0.317188 0.634259 0.016667 0.027778
0 0.327604 0.137500 0.018750 0.025000
0 0.723958 0.513426 0.019792 0.041667
0 0.438542 0.771296 0.019792 0.024074
0 0.260677 0.756944 0.015104 0.028704
0 0.490104 0.957407 0.020833 0.031481
0 0.690365 0.648148 0.023438 0.035185
0 0.508854 0.820370 0.020833 0.024074
0 0.398438 0.211111 0.013542 0.025926
0 0.483073 0.865741 0.014063 0.018519
0 0.578385 0.225000 0.016146 0.040741
