0.0 0.273958 0.679167 0.013542 0.021296
0.0 0.549740 0.904630 0.017188 0.024074
0.0 0.277344 0.557407 0.014063 0.033333
0.0 0.637760 0.201852 0.022396 0.042593
0.0 0.675260 0.393981 0.018229 0.037963
0.0 0.246615 0.676852 0.016146 0.022222
0.0 0.685156 0.336111 0.018229 0.037037
0.0 0.286719 0.504630 0.016146 0.033333
0.0 0.501042 0.765741 0.018750 0.022222
0.0 0.437760 0.903241 0.017188 0.021296
0.0 0.271615 0.586111 0.013021 0.033333
0.0 0.415104 0.900463 0.017708 0.021296
0.0 0.334115 0.811111 0.019271 0.029630
0.0 0.213021 0.556019 0.015625 0.034259
0.0 0.555208 0.880556 0.017708 0.022222
0.0 0.361458 0.939352 0.019792 0.030556
0.0 0.398958 0.749537 0.013542 0.032407
0.0 0.346615 0.725926 0.014063 0.027778
0.0 0.333333 0.850926 0.018750 0.027778
0.0 0.263802 0.332407 0.016146 0.031481
0.0 0.657552 0.672222 0.014063 0.031481
0.0 0.404948 0.140741 0.020313 0.025926
0.0 0.271615 0.825926 0.014063 0.037037
0.0 0.220833 0.662963 0.013542 0.031481
0.0 0.709635 0.366667 0.014063 0.040741
0.0 0.438802 0.753704 0.019271 0.027778
0.0 0.671094 0.795370 0.020313 0.024074
0.0 0.400260 0.215278 0.016146 0.028704
0.0 0.265625 0.759259 0.016667 0.025926
