0 0.451562 0.865741 0.017708 0.027778
0 0.641667 0.194907 0.019792 0.037963
0 0.399740 0.870833 0.018229 0.023148
0 0.365625 0.799537 0.014583 0.032407
0 0.391927 0.825463 0.017188 0.025000
0 0.236198 0.350463 0.013021 0.032407
0 0.306771 0.825000 0.018750 0.029630
0 0.704167 0.613889 0.014583 0.029630
0 0.260937 0.567130 0.013542 0.034259
0 0.409896 0.103241 0.018750 0.023148
0 0.290885 0.616667 0.017188 0.033333
0 0.463542 0.961574 0.016667 0.019444
0 0.261979 0.783796 0.014583 0.041667
0 0.529427 0.824074 0.018229 0.022222
0 0.273698 0.663889 0.015104 0.033333
0 0.430990 0.926852 0.017188 0.024074
0 0.290885 0.249537 0.018229 0.030556
0 0.324219 0.163889 0.018229 0.029630
0 0.384115 0.576389 0.014063 0.036111
0 0.557031 0.940278 0.020313 0.030556
0 0.545312 0.246296 0.020833 0.033333
0 0.598177 0.849074 0.018229 0.024074
0 0.687500 0.751389 0.021875 0.026852
0 0.410417 0.354167 0.019792 0.026852
0 0.720573 0.451852 0.020313 0.038889
0 0.395313 0.212500 0.016667 0.028704
0 0.359635 0.837037 0.016146 0.022222
0 0.329167 0.852778 0.018750 0.022222
0 0.375521 0.855093 0.012500 0.017593
0 0.662240 0.350463 0.019271 0.034259
