0.0 0.481993 0.926700 0.018627 0.031148
0.0 0.323613 0.217452 0.021116 0.041771
0.0 0.532797 0.941195 0.018942 0.026584
0.0 0.569446 0.875640 0.015749 0.035239
0.0 0.542437 0.896965 0.017996 0.028259
0.0 0.716154 0.447274 0.014211 0.034957
0.0 0.626300 0.911900 0.019733 0.033199
0.0 0.244092 0.627649 0.015630 0.032445
0.0 0.682496 0.660769 0.014804 0.036914
0.0 0.555745 0.167152 0.019455 0.026678
0.0 0.650883 0.705188 0.018354 0.036642
0.0 0.672170 0.878549 0.016147 0.044555
0.0 0.407116 0.870700 0.018902 0.025652
0.0 0.665779 0.755802 0.016302 0.036265
0.0 0.499624 0.989118 0.017956 0.021765
0.0 0.666642 0.335851 0.019260 0.034036
0.0 0.637498 0.243659 0.019220 0.033105
0.0 0.560820 0.647807 0.015396 0.038871
0.0 0.374950 0.982610 0.021311 0.034413
0.0 0.416276 0.286576 0.021943 0.037301
0.0 0.338353 0.883417 0.018981 0.027515
0.0 0.254600 0.768990 0.022690 0.030970
0.0 0.544461 0.419492 0.020639 0.030593
0.0 0.234894 0.461671 0.021669 0.042796
0.0 0.565413 0.279705 0.017642 0.031891
0.0 0.573734 0.914449 0.016851 0.025276
0.0 0.603057 0.935795 0.019415 0.025747
0.0 0.557318 0.929740 0.013062 0.019959
0.0 0.296680 0.370222 0.020444 0.037950
