0.0 0.282654 0.817109 0.017567 0.025427
0.0 0.702154 0.232449 0.022242 0.035493
0.0 0.681717 0.213460 0.020046 0.035968
0.0 0.271355 0.808538 0.016504 0.033435
0.0 0.552391 0.932264 0.020614 0.028775
0.0 0.735331 0.346813 0.025430 0.040696
0.0 0.593453 0.889699 0.017851 0.021831
0.0 0.291238 0.480674 0.021889 0.030856
0.0 0.691495 0.722771 0.017495 0.039112
0.0 0.634191 0.895688 0.024369 0.034092
0.0 0.333720 0.932140 0.024086 0.030382
0.0 0.336617 0.732424 0.019621 0.037710
0.0 0.269388 0.688412 0.018770 0.041193
0.0 0.721726 0.621168 0.021534 0.033526
0.0 0.362958 0.832619 0.026706 0.035472
0.0 0.416843 0.539394 0.021887 0.038162
0.0 0.457563 0.926246 0.022810 0.028300
0.0 0.461471 0.834135 0.022810 0.028300
0.0 0.249819 0.544966 0.019267 0.033073
0.0 0.566056 0.741696 0.019834 0.033186
0.0 0.271836 0.407341 0.017779 0.035515
0.0 0.513237 0.754595 0.025856 0.031649
0.0 0.502371 0.947899 0.021606 0.027146
0.0 0.345264 0.442112 0.024510 0.035946
0.0 0.798640 0.554497 0.020612 0.043388
0.0 0.411246 0.281114 0.024086 0.030382
0.0 0.383877 0.948489 0.019693 0.031331
0.0 0.418561 0.927912 0.023023 0.031083
0.0 0.599190 0.908326 0.020827 0.024251
