0.0 0.278151 0.394301 0.020060 0.042852
0.0 0.299684 0.235002 0.025097 0.036026
0.0 0.511363 0.921043 0.022926 0.031271
0.0 0.268851 0.742433 0.020984 0.037470
0.0 0.237481 0.443404 0.024730 0.043282
0.0 0.431095 0.872190 0.018640 0.024497
0.0 0.439575 0.968191 0.021369 0.031127
0.0 0.603539 0.845704 0.019812 0.030984
0.0 0.437438 0.927901 0.020850 0.031079
0.0 0.482202 0.876442 0.020255 0.027379
0.0 0.678665 0.710477 0.016256 0.034300
0.0 0.593263 0.304416 0.018736 0.029062
0.0 0.628253 0.875772 0.017160 0.028006
0.0 0.331863 0.709056 0.018640 0.024497
0.0 0.551206 0.931548 0.018159 0.026275
0.0 0.680804 0.490620 0.017275 0.033483
0.0 0.576770 0.742094 0.014218 0.035935
0.0 0.462844 0.999011 0.012142 0.001978
0.0 0.436305 0.241665 0.022369 0.029397
0.0 0.624579 0.947874 0.019331 0.032761
0.0 0.509234 0.831550 0.018140 0.025362
0.0 0.358067 0.921957 0.024021 0.034104
0.0 0.647511 0.818318 0.014642 0.031419
0.0 0.509976 0.259841 0.017718 0.029880
0.0 0.641118 0.772624 0.016141 0.028823
0.0 0.465189 0.892643 0.017565 0.022575
0.0 0.279412 0.752062 0.014623 0.030506
0.0 0.275460 0.761267 0.020793 0.028340
