0.0 0.392984 0.478471 0.012468 0.027123
0.0 0.353183 0.577509 0.015857 0.034356
0.0 0.383693 0.483266 0.016634 0.031675
0.0 0.659871 0.257676 0.018328 0.035292
0.0 0.526341 0.964837 0.021076 0.026357
0.0 0.307044 0.356411 0.016758 0.033472
0.0 0.500293 0.911921 0.019694 0.027234
0.0 0.344033 0.816614 0.019756 0.028132
0.0 0.346793 0.561701 0.017473 0.029893
0.0 0.499197 0.968910 0.017098 0.024500
0.0 0.655942 0.915202 0.016679 0.025392
0.0 0.761559 0.669046 0.016588 0.037959
0.0 0.698510 0.564842 0.015251 0.032551
0.0 0.605403 0.880315 0.018356 0.021826
0.0 0.461769 0.953076 0.018293 0.020928
0.0 0.281236 0.490675 0.014707 0.031645
0.0 0.318229 0.475980 0.015795 0.033458
0.0 0.568176 0.860443 0.017812 0.020920
0.0 0.734994 0.788936 0.020334 0.043402
0.0 0.724948 0.429241 0.020238 0.028140
0.0 0.408881 0.742197 0.019149 0.026327
0.0 0.307123 0.690366 0.016634 0.031675
0.0 0.479539 0.991187 0.019444 0.017625
0.0 0.600856 0.741995 0.021014 0.025458
0.0 0.631283 0.788693 0.017830 0.028103
0.0 0.393772 0.819171 0.017830 0.028103
0.0 0.470647 0.262859 0.020969 0.031741
0.0 0.319833 0.492163 0.012530 0.028022
0.0 0.480049 0.918344 0.020221 0.020957
0.0 0.558233 0.991343 0.018962 0.017314
