0.0 0.413281 0.786574 0.015104 0.025000
0.0 0.474219 0.917130 0.015104 0.021296
0.0 0.715885 0.414352 0.017188 0.028704
0.0 0.725781 0.354167 0.015104 0.034259
0.0 0.359375 0.194907 0.017708 0.034259
0.0 0.700000 0.281944 0.016667 0.032407
0.0 0.747656 0.407407 0.016146 0.029630
0.0 0.361458 0.787037 0.015625 0.025926
0.0 0.589844 0.813426 0.014063 0.030556
0.0 0.611458 0.315278 0.020833 0.028704
0.0 0.660156 0.805093 0.016146 0.026852
0.0 0.772917 0.612963 0.017708 0.035185
0.0 0.294010 0.353704 0.021354 0.031481
0.0 0.558594 0.881944 0.020313 0.026852
0.0 0.399740 0.731481 0.019271 0.027778
0.0 0.343750 0.713426 0.020833 0.030556
0.0 0.640625 0.241204 0.019792 0.028704
0.0 0.774740 0.412500 0.013021 0.032407
0.0 0.336198 0.529630 0.017188 0.040741
0.0 0.301823 0.718056 0.018229 0.041667
0.0 0.307552 0.383333 0.017188 0.035185
0.0 0.445573 0.524537 0.016146 0.034259
0.0 0.708854 0.770833 0.015625 0.026852
0.0 0.625260 0.950926 0.019271 0.029630
0.0 0.352604 0.844444 0.017708 0.033333
0.0 0.443490 0.939815 0.023438 0.031481
0.0 0.768750 0.705556 0.014583 0.035185
0.0 0.634635 0.271296 0.011979 0.031481
0.0 0.590104 0.342593 0.023958 0.029630
0.0 0.383594 0.159259 0.017188 0.022222
