0.0 0.478646 0.715278 0.013542 0.028704
0.0 0.709375 0.687963 0.014583 0.025926
0.0 0.715104 0.786574 0.013542 0.026852
0.0 0.706250 0.718981 0.018750 0.030556
0.0 0.277865 0.562037 0.018229 0.027778
0.0 0.331771 0.253241 0.018750 0.037963
0.0 0.468750 0.734259 0.018750 0.033333
0.0 0.705208 0.826389 0.017708 0.026852
0.0 0.662240 0.857870 0.016146 0.026852
0.0 0.718229 0.810648 0.014583 0.023148
0.0 0.360938 0.197222 0.020833 0.038889
0.0 0.682552 0.806481 0.017188 0.025926
0.0 0.575260 0.844907 0.017188 0.026852
0.0 0.597656 0.234722 0.015104 0.030556
0.0 0.670573 0.912963 0.018229 0.024074
0.0 0.732292 0.812500 0.015625 0.036111
0.0 0.515885 0.968056 0.020313 0.025000
0.0 0.291146 0.551389 0.023958 0.039815
0.0 0.500000 0.912500 0.016667 0.021296
0.0 0.716667 0.426852 0.018750 0.033333
0.0 0.278646 0.609259 0.020833 0.029630
0.0 0.451823 0.754630 0.016146 0.031481
0.0 0.343490 0.637037 0.016146 0.027778
0.0 0.357812 0.727315 0.015625 0.030556
0.0 0.573437 0.886574 0.018750 0.025000
0.0 0.467448 0.922685 0.016146 0.021296
0.0 0.697656 0.561111 0.014063 0.033333
0.0 0.765625 0.557870 0.013542 0.030556
0.0 0.578646 0.828241 0.012500 0.026852
0.0 0.447917 0.126852 0.015625 0.024074
