0 0.296094 0.725463 0.020313 0.026852
0 0.299219 0.708333 0.020313 0.035185
0 0.363802 0.800926 0.014063 0.022222
0 0.670833 0.319907 0.020833 0.037963
0 0.641146 0.194444 0.017708 0.035185
0 0.244010 0.732407 0.015104 0.025926
0 0.385937 0.816667 0.013542 0.024074
0 0.581771 0.552778 0.018750 0.027778
0 0.382812 0.230556 0.018750 0.024074
0 0.283594 0.425463 0.018229 0.026852
0 0.549740 0.468981 0.016146 0.032407
0 0.277604 0.364815 0.014583 0.035185
0 0.228125 0.460648 0.013542 0.034259
0 0.386719 0.937500 0.019271 0.025000
0 0.578125 0.112963 0.022917 0.031481
0 0.516406 0.643981 0.019271 0.023148
0 0.581250 0.612963 0.020833 0.033333
0 0.247656 0.436574 0.011979 0.032407
0 0.288021 0.776389 0.016667 0.028704
0 0.479167 0.823611 0.019792 0.026852
0 0.575260 0.859722 0.021354 0.026852
0 0.707552 0.388889 0.015104 0.038889
0 0.543750 0.918981 0.019792 0.028704
0 0.648698 0.821296 0.019271 0.042593
0 0.435417 0.727778 0.018750 0.029630
0 0.521875 0.961111 0.018750 0.024074
0 0.431510 0.968981 0.019271 0.030556
0 0.395052 0.824537 0.014063 0.026852
0 0.495312 0.870833 0.018750 0.019444
