0.0 0.371143 0.844429 0.021634 0.034110
0.0 0.372826 0.825036 0.022279 0.043178
0.0 0.442167 0.910250 0.015259 0.027567
0.0 0.700528 0.312903 0.022994 0.046326
0.0 0.662238 0.183520 0.019771 0.042551
0.0 0.321538 0.864522 0.016547 0.031848
0.0 0.464695 0.922052 0.014900 0.029457
0.0 0.632808 0.587751 0.020201 0.034741
0.0 0.416328 0.284999 0.019914 0.030710
0.0 0.335892 0.520978 0.019628 0.033608
0.0 0.595486 0.504273 0.018052 0.039152
0.0 0.325431 0.456423 0.016762 0.041798
0.0 0.285213 0.572618 0.015689 0.040540
0.0 0.595260 0.110022 0.024499 0.039774
0.0 0.576937 0.702731 0.020344 0.029828
0.0 0.636964 0.653369 0.022636 0.041287
0.0 0.302153 0.541719 0.014040 0.038149
0.0 0.367312 0.901790 0.018267 0.035247
0.0 0.554988 0.907168 0.021132 0.033984
0.0 0.650294 0.923334 0.022636 0.034360
0.0 0.741217 0.379131 0.017551 0.045954
0.0 0.624544 0.988702 0.021276 0.022596
0.0 0.718021 0.863842 0.021849 0.050988
0.0 0.505452 0.813413 0.020344 0.036756
0.0 0.474080 0.928422 0.015617 0.032605
0.0 0.574186 0.954668 0.019556 0.025672
