0.0 0.347464 0.809858 0.013317 0.032847
0.0 0.357717 0.798818 0.015944 0.030738
0.0 0.690001 0.236723 0.020705 0.034231
0.0 0.365504 0.505543 0.014875 0.027069
0.0 0.685164 0.541171 0.015944 0.030738
0.0 0.716141 0.431145 0.019646 0.033165
0.0 0.295819 0.577226 0.013324 0.034582
0.0 0.519300 0.728150 0.019614 0.025355
0.0 0.375826 0.706402 0.016997 0.030068
0.0 0.333248 0.495520 0.018044 0.028530
0.0 0.703339 0.660223 0.016479 0.032572
0.0 0.449601 0.989864 0.017496 0.020272
0.0 0.635280 0.481908 0.017000 0.030936
0.0 0.385868 0.838270 0.018037 0.026794
0.0 0.743586 0.686986 0.018601 0.035571
0.0 0.656817 0.908647 0.024944 0.039362
0.0 0.395135 0.389256 0.021225 0.032595
0.0 0.291048 0.767887 0.019104 0.029596
0.0 0.659132 0.698471 0.023864 0.033090
0.0 0.625743 0.864532 0.019086 0.025256
0.0 0.280413 0.425086 0.018597 0.034703
0.0 0.435997 0.957847 0.018041 0.027662
0.0 0.375212 0.880218 0.018572 0.028629
0.0 0.444741 0.574938 0.016493 0.036044
0.0 0.261351 0.672706 0.013313 0.031979
0.0 0.341416 0.556088 0.015951 0.032473
0.0 0.479953 0.922686 0.018555 0.024289
0.0 0.596011 0.956086 0.020149 0.027190
0.0 0.299376 0.607825 0.011726 0.030815
0.0 0.301500 0.740742 0.015923 0.025531
