0.0 0.289814 0.776227 0.012073 0.025817
0.0 0.314559 0.247422 0.019883 0.037389
0.0 0.448365 0.891071 0.018692 0.023736
0.0 0.667155 0.534945 0.016224 0.030811
0.0 0.283273 0.765273 0.015178 0.028932
0.0 0.675004 0.877422 0.016664 0.025023
0.0 0.447813 0.852611 0.018723 0.026259
0.0 0.257393 0.364953 0.020447 0.041692
0.0 0.606476 0.895827 0.017698 0.026061
0.0 0.426439 0.878417 0.018734 0.027100
0.0 0.687667 0.849938 0.015774 0.035758
0.0 0.693319 0.808037 0.017761 0.031107
0.0 0.636906 0.510151 0.015743 0.033235
0.0 0.594983 0.870011 0.016695 0.027546
0.0 0.695556 0.709846 0.013663 0.030318
0.0 0.611457 0.929240 0.021357 0.032639
0.0 0.273112 0.735499 0.018723 0.026259
0.0 0.640062 0.837394 0.016840 0.039319
0.0 0.726473 0.534574 0.013683 0.031999
0.0 0.570343 0.473302 0.018273 0.031206
0.0 0.683639 0.405782 0.014196 0.032098
0.0 0.580030 0.624788 0.015763 0.034917
0.0 0.292262 0.702522 0.021357 0.032639
0.0 0.461869 0.941298 0.019215 0.024676
0.0 0.599663 0.552707 0.020313 0.030760
0.0 0.485387 0.887246 0.019800 0.030661
0.0 0.491801 0.324984 0.015753 0.034076
0.0 0.296062 0.748351 0.017719 0.027743
0.0 0.257392 0.406678 0.019329 0.033926
