0.0 0.567969 0.885185 0.016146 0.022222
0.0 0.523698 0.940741 0.016146 0.027778
0.0 0.528646 0.960185 0.019792 0.025926
0.0 0.497135 0.861111 0.019271 0.024074
0.0 0.541146 0.924074 0.015625 0.031481
0.0 0.517188 0.892130 0.018750 0.023148
0.0 0.645833 0.189815 0.019792 0.033333
0.0 0.648958 0.633333 0.017708 0.033333
0.0 0.265104 0.785648 0.014583 0.026852
0.0 0.709375 0.673148 0.017708 0.024074
0.0 0.316146 0.843056 0.017708 0.026852
0.0 0.523177 0.837963 0.019271 0.024074
0.0 0.717969 0.493519 0.019271 0.038889
0.0 0.578646 0.443519 0.016667 0.027778
0.0 0.598698 0.843519 0.019271 0.025926
0.0 0.716146 0.435185 0.025000 0.033333
0.0 0.326562 0.260185 0.018750 0.027778
0.0 0.588542 0.668519 0.016667 0.033333
0.0 0.293490 0.481944 0.014063 0.032407
0.0 0.434635 0.889815 0.016146 0.020370
0.0 0.470052 0.938426 0.020313 0.028704
0.0 0.642188 0.782870 0.017708 0.028704
0.0 0.444531 0.717130 0.019271 0.026852
0.0 0.271094 0.297222 0.015104 0.033333
0.0 0.255990 0.545370 0.015104 0.033333
0.0 0.335417 0.912037 0.018750 0.024074
0.0 0.342708 0.653241 0.018750 0.032407
0.0 0.235417 0.692130 0.013542 0.034259
0.0 0.508333 0.939352 0.016667 0.017593
0.0 0.550521 0.904167 0.013542 0.028704
0.0 0.703646 0.560185 0.011458 0.029630
