0 0.688802 0.491204 0.0161458 0.0324074
0 0.641146 0.19537 0.015625 0.0333333
0 0.61276 0.588426 0.0192708 0.0268519
0 0.668229 0.226389 0.0166667 0.0361111
0 0.489844 0.77037 0.0192708 0.0277778
0 0.589844 0.728704 0.0151042 0.0333333
0 0.692969 0.347222 0.0213542 0.0388889
0 0.57474 0.738426 0.0171875 0.0212963
0 0.334635 0.598148 0.0171875 0.0277778
0 0.288281 0.483333 0.0161458 0.0333333
0 0.561458 0.609259 0.0166667 0.0314815
0 0.223958 0.52963 0.015625 0.0277778
0 0.67526 0.750463 0.0151042 0.0324074
0 0.314583 0.577315 0.0135417 0.0305556
0 0.710677 0.661574 0.0151042 0.0342593
0 0.626302 0.500926 0.0151042 0.0351852
0 0.634896 0.765278 0.0177083 0.0305556
0 0.21849 0.605556 0.0182292 0.0314815
0 0.226042 0.442593 0.0145833 0.0333333
0 0.584635 0.473611 0.0171875 0.0361111
0 0.559635 0.800463 0.0182292 0.025
0 0.496354 0.697222 0.0177083 0.0333333
0 0.382031 0.77037 0.0192708 0.0277778
0 0.340104 0.705093 0.01875 0.0231481
0 0.467969 0.759722 0.0182292 0.025
0 0.384896 0.906944 0.0208333 0.025
0 0.60026 0.908333 0.0192708 0.0296296
0 0.405469 0.249074 0.0171875 0.0333333
0 0.721875 0.5625 0.0197917 0.0342593
0 0.4375 0.841667 0.01875 0.0259259
