0.0 0.746218 0.577268 0.018269 0.037150
0.0 0.710714 0.257421 0.017773 0.038022
0.0 0.662781 0.664651 0.021249 0.031921
0.0 0.737342 0.295228 0.018984 0.041140
0.0 0.526746 0.831931 0.021292 0.032893
0.0 0.632415 0.807516 0.017233 0.037921
0.0 0.757314 0.426889 0.023976 0.044963
0.0 0.616294 0.814804 0.018827 0.025685
0.0 0.373884 0.621085 0.019132 0.032490
0.0 0.331214 0.491564 0.018313 0.038123
0.0 0.608596 0.676607 0.018766 0.036279
0.0 0.262327 0.527741 0.017511 0.032188
0.0 0.719975 0.846878 0.017189 0.036949
0.0 0.354069 0.595333 0.015482 0.034702
0.0 0.760888 0.760390 0.017276 0.038893
0.0 0.680942 0.575392 0.017320 0.039866
0.0 0.677417 0.854630 0.019803 0.035508
0.0 0.253084 0.606408 0.020386 0.036581
0.0 0.268583 0.436753 0.016692 0.037820
0.0 0.639015 0.538655 0.019524 0.041241
0.0 0.597709 0.877024 0.020082 0.029775
0.0 0.536939 0.756383 0.019933 0.038425
0.0 0.414935 0.811086 0.021292 0.032893
0.0 0.374524 0.734437 0.020535 0.027931
0.0 0.504561 0.816521 0.020081 0.029775
0.0 0.411480 0.955046 0.022782 0.030279
0.0 0.634766 0.990363 0.021380 0.019274
0.0 0.463770 0.268244 0.019393 0.038324
0.0 0.777163 0.658525 0.022138 0.039800
0.0 0.469106 0.896675 0.020665 0.030848
