0.0 0.646526 0.604264 0.015455 0.037336
0.0 0.249947 0.560680 0.020219 0.035737
0.0 0.585268 0.851603 0.015315 0.033741
0.0 0.283095 0.548202 0.019802 0.037425
0.0 0.682602 0.824121 0.018059 0.029906
0.0 0.279169 0.610790 0.015837 0.034749
0.0 0.578897 0.901399 0.018341 0.037096
0.0 0.238757 0.545463 0.020007 0.030345
0.0 0.324343 0.222453 0.015942 0.037446
0.0 0.688180 0.794548 0.016394 0.036657
0.0 0.668982 0.551293 0.014969 0.037226
0.0 0.644328 0.829550 0.014828 0.033631
0.0 0.425005 0.956032 0.018235 0.034399
0.0 0.420010 0.682428 0.016253 0.033062
0.0 0.643396 0.427196 0.018969 0.040801
0.0 0.415872 0.894581 0.018405 0.026420
0.0 0.673524 0.754975 0.013262 0.030606
0.0 0.503247 0.858054 0.018405 0.026420
0.0 0.379373 0.685511 0.015802 0.033850
0.0 0.610034 0.946500 0.017227 0.033282
0.0 0.408627 0.847611 0.018200 0.033501
0.0 0.554434 0.995243 0.019520 0.009515
0.0 0.246075 0.690833 0.016083 0.041042
0.0 0.536502 0.943075 0.017883 0.025411
0.0 0.687779 0.478909 0.014377 0.034420
0.0 0.611791 0.732449 0.014898 0.035429
0.0 0.645981 0.367480 0.017192 0.032383
0.0 0.375952 0.960845 0.020705 0.035846
0.0 0.326597 0.835471 0.018822 0.024732
