0.0 0.705653 0.247113 0.024314 0.038512
0.0 0.693682 0.758480 0.014576 0.033272
0.0 0.729755 0.410131 0.016885 0.039785
0.0 0.606336 0.995552 0.019287 0.008897
0.0 0.353159 0.550891 0.017438 0.040910
0.0 0.423753 0.857134 0.019023 0.032306
0.0 0.400079 0.866440 0.017460 0.030948
0.0 0.527769 0.859764 0.017004 0.031839
0.0 0.512829 0.984257 0.019576 0.031487
0.0 0.293860 0.584578 0.015274 0.037420
0.0 0.508556 0.946534 0.019383 0.029398
0.0 0.699465 0.829625 0.021455 0.051807
0.0 0.338075 0.897974 0.019264 0.037346
0.0 0.412548 0.994554 0.020081 0.010893
0.0 0.405605 0.292437 0.017895 0.040019
0.0 0.501969 0.406931 0.020081 0.033547
0.0 0.738552 0.588977 0.019145 0.045292
0.0 0.439453 0.262551 0.021043 0.032772
0.0 0.392258 0.235342 0.018014 0.032072
0.0 0.413962 0.960348 0.022895 0.040177
0.0 0.289842 0.444543 0.015129 0.034397
0.0 0.375263 0.952936 0.019602 0.044401
0.0 0.269108 0.493764 0.015515 0.042460
0.0 0.307211 0.540275 0.012388 0.039743
0.0 0.420635 0.884947 0.017316 0.027924
0.0 0.521480 0.868502 0.019432 0.030406
0.0 0.476399 0.930443 0.022677 0.025176
