0.0 0.518490 0.957870 0.019271 0.030556
0.0 0.355990 0.192130 0.023438 0.030556
0.0 0.524219 0.946296 0.016146 0.020370
0.0 0.343229 0.659259 0.013542 0.027778
0.0 0.323438 0.335185 0.015625 0.033333
0.0 0.420312 0.901389 0.018750 0.021296
0.0 0.700781 0.542130 0.016146 0.034259
0.0 0.613802 0.805556 0.018229 0.025926
0.0 0.637500 0.818981 0.016667 0.025000
0.0 0.507552 0.786111 0.016146 0.025926
0.0 0.516667 0.903241 0.018750 0.026852
0.0 0.759635 0.585185 0.014063 0.031481
0.0 0.421354 0.932407 0.020833 0.027778
0.0 0.522917 0.868981 0.018750 0.023148
0.0 0.333854 0.722685 0.019792 0.043519
0.0 0.699219 0.860648 0.018229 0.030556
0.0 0.617969 0.943056 0.019271 0.026852
0.0 0.659896 0.296296 0.016667 0.033333
0.0 0.555990 0.380093 0.019271 0.026852
0.0 0.305729 0.495833 0.017708 0.037963
0.0 0.626823 0.262037 0.020313 0.025926
0.0 0.676302 0.247222 0.017188 0.025926
0.0 0.618750 0.901389 0.021875 0.032407
0.0 0.770573 0.458796 0.014063 0.028704
0.0 0.658594 0.902778 0.018229 0.037037
0.0 0.789323 0.507870 0.014063 0.036111
0.0 0.748177 0.542130 0.010937 0.034259
0.0 0.615625 0.831481 0.016667 0.022222
0.0 0.513542 0.795370 0.018750 0.024074
0.0 0.556510 0.861111 0.022396 0.018519
