0.0 0.402872 0.159188 0.018956 0.032747
0.0 0.255402 0.361604 0.016669 0.030601
0.0 0.312218 0.227571 0.021556 0.042226
0.0 0.308218 0.807638 0.018365 0.031752
0.0 0.560680 0.967300 0.016118 0.030524
0.0 0.595092 0.571845 0.016983 0.037936
0.0 0.290617 0.810229 0.016512 0.026934
0.0 0.712989 0.813991 0.022150 0.030463
0.0 0.605729 0.926613 0.017457 0.036180
0.0 0.251337 0.437126 0.018600 0.037252
0.0 0.271620 0.637834 0.023844 0.031613
0.0 0.325112 0.724241 0.018678 0.039086
0.0 0.580723 0.959520 0.019784 0.026484
0.0 0.629779 0.747375 0.018009 0.036258
0.0 0.224460 0.474842 0.020648 0.046654
0.0 0.229359 0.723650 0.021438 0.039475
0.0 0.737868 0.738636 0.017852 0.032591
0.0 0.361696 0.634857 0.018561 0.036335
0.0 0.658890 0.650942 0.014619 0.033957
0.0 0.693355 0.604611 0.015210 0.034952
0.0 0.466945 0.809269 0.020376 0.027479
0.0 0.449997 0.919869 0.021676 0.032219
0.0 0.596166 0.332642 0.017496 0.037097
0.0 0.634644 0.348214 0.023253 0.030618
0.0 0.439484 0.886565 0.017459 0.023422
0.0 0.557992 0.932793 0.022189 0.031380
0.0 0.542154 0.978523 0.024396 0.031691
0.0 0.341323 0.676258 0.013279 0.028301
0.0 0.330573 0.635541 0.014896 0.027617
