0 0.448958 0.828241 0.015625 0.036111
0 0.242708 0.546296 0.014583 0.035185
0 0.502604 0.966204 0.018750 0.023148
0 0.527865 0.923611 0.016146 0.025000
0 0.642448 0.192130 0.017188 0.034259
0 0.699479 0.556944 0.019792 0.036111
0 0.315625 0.855556 0.017708 0.029630
0 0.633854 0.526389 0.015625 0.026852
0 0.240625 0.600926 0.011458 0.027778
0 0.256250 0.541667 0.014583 0.033333
0 0.641406 0.685648 0.019271 0.030556
0 0.719792 0.567593 0.020833 0.044444
0 0.640104 0.479167 0.017708 0.028704
0 0.452083 0.185185 0.020833 0.027778
0 0.316146 0.296296 0.016667 0.033333
0 0.525521 0.960648 0.019792 0.028704
0 0.255729 0.763889 0.017708 0.029630
0 0.610938 0.630556 0.021875 0.025926
0 0.348698 0.790741 0.016146 0.029630
0 0.235417 0.378241 0.012500 0.030556
0 0.386719 0.761574 0.017188 0.023148
0 0.319792 0.817130 0.018750 0.025000
0 0.522396 0.556481 0.014583 0.037037
0 0.554427 0.689815 0.020313 0.033333
0 0.623698 0.882870 0.017188 0.032407
0 0.264323 0.688889 0.019271 0.027778
0 0.483594 0.895833 0.018229 0.023148
0 0.307812 0.605093 0.017708 0.032407
0 0.654427 0.840278 0.018229 0.037963
0 0.532031 0.904630 0.019271 0.018519
