0.0 0.347926 0.914088 0.021536 0.042232
0.0 0.313888 0.198679 0.019326 0.037900
0.0 0.257219 0.324662 0.015532 0.033132
0.0 0.265041 0.415070 0.012338 0.031322
0.0 0.677659 0.669313 0.014113 0.039257
0.0 0.407828 0.681391 0.016447 0.027799
0.0 0.292664 0.658651 0.012914 0.033342
0.0 0.440517 0.682839 0.015871 0.025778
0.0 0.705187 0.675004 0.013971 0.033633
0.0 0.731312 0.536364 0.014571 0.036590
0.0 0.409585 0.969292 0.019641 0.029609
0.0 0.649447 0.701189 0.016803 0.041860
0.0 0.544362 0.763816 0.013056 0.038966
0.0 0.722783 0.684096 0.014618 0.038465
0.0 0.429163 0.900114 0.017047 0.030757
0.0 0.426315 0.999475 0.018009 0.001050
0.0 0.705180 0.380977 0.016203 0.038902
0.0 0.552253 0.925037 0.018608 0.030256
0.0 0.474518 0.884756 0.020675 0.028963
0.0 0.560301 0.144757 0.019760 0.034296
0.0 0.634495 0.345941 0.018869 0.040566
0.0 0.278206 0.504590 0.015698 0.039694
0.0 0.227199 0.491019 0.015147 0.038611
0.0 0.553534 0.243891 0.020675 0.028963
0.0 0.498594 0.879586 0.020556 0.024277
0.0 0.489843 0.888975 0.017016 0.050295
0.0 0.383828 0.977776 0.022931 0.035169
0.0 0.284898 0.671143 0.012842 0.030530
