0.0 0.409115 0.884722 0.020313 0.036111
0.0 0.358073 0.192130 0.018229 0.032407
0.0 0.305729 0.331019 0.014583 0.028704
0.0 0.315625 0.417593 0.011458 0.027778
0.0 0.725781 0.555556 0.013021 0.035185
0.0 0.461979 0.640278 0.015625 0.023148
0.0 0.348698 0.649074 0.011979 0.029630
0.0 0.578646 0.956019 0.017708 0.028704
0.0 0.494010 0.632870 0.015104 0.021296
0.0 0.752865 0.553704 0.013021 0.029630
0.0 0.775000 0.410648 0.013542 0.032407
0.0 0.470833 0.922222 0.018750 0.024074
0.0 0.698958 0.594444 0.015625 0.037037
0.0 0.597656 0.684259 0.011979 0.035185
0.0 0.770313 0.557870 0.013542 0.034259
0.0 0.488281 0.849074 0.016146 0.025926
0.0 0.488281 0.960185 0.017188 0.022222
0.0 0.745573 0.265278 0.015104 0.034259
0.0 0.609375 0.840278 0.017708 0.025000
0.0 0.532292 0.821759 0.019792 0.023148
0.0 0.597917 0.072685 0.018750 0.028704
0.0 0.675521 0.250000 0.017708 0.035185
0.0 0.330729 0.501852 0.014583 0.035185
0.0 0.280469 0.502315 0.014063 0.034259
0.0 0.593750 0.171759 0.019792 0.023148
0.0 0.555729 0.810185 0.019792 0.018519
0.0 0.547396 0.821759 0.015625 0.045370
0.0 0.445833 0.937500 0.021875 0.028704
0.0 0.341406 0.663426 0.011979 0.026852
