0.0 0.605392 0.976175 0.023036 0.041797
0.0 0.715801 0.241658 0.020673 0.037509
0.0 0.754919 0.398487 0.016780 0.032985
0.0 0.737676 0.489766 0.013640 0.031517
0.0 0.324135 0.575148 0.015817 0.039693
0.0 0.574977 0.706136 0.017315 0.027189
0.0 0.685100 0.732821 0.014312 0.033581
0.0 0.544268 0.693317 0.016644 0.025125
0.0 0.297784 0.569037 0.015332 0.033740
0.0 0.288600 0.412343 0.016084 0.036795
0.0 0.541704 0.996318 0.020455 0.007365
0.0 0.346998 0.620913 0.018528 0.042075
0.0 0.438324 0.732605 0.014797 0.039535
0.0 0.280340 0.570844 0.016246 0.038780
0.0 0.531008 0.925909 0.018068 0.030246
0.0 0.330093 0.261024 0.017775 0.039018
0.0 0.413236 0.898035 0.019516 0.029492
0.0 0.490309 0.889929 0.021395 0.027824
0.0 0.491441 0.077104 0.020859 0.033620
0.0 0.400000 0.255322 0.020405 0.040407
0.0 0.715538 0.577771 0.017346 0.039931
0.0 0.764697 0.585924 0.016756 0.038860
0.0 0.486874 0.183923 0.021395 0.027824
0.0 0.468377 0.873955 0.020991 0.022863
0.0 0.475524 0.887628 0.019255 0.051006
0.0 0.690985 0.749313 0.014070 0.030604
