0.0 0.515403 0.885472 0.019429 0.026132
0.0 0.718127 0.357755 0.014898 0.030672
0.0 0.701429 0.358601 0.014955 0.031582
0.0 0.664520 0.224312 0.019245 0.038682
0.0 0.469239 0.963181 0.020029 0.028043
0.0 0.356379 0.668836 0.016585 0.034585
0.0 0.429609 0.812844 0.017354 0.039225
0.0 0.691894 0.260561 0.019245 0.038682
0.0 0.498688 0.731276 0.018829 0.024222
0.0 0.328496 0.846617 0.017276 0.030222
0.0 0.428982 0.314702 0.019845 0.040593
0.0 0.519415 0.771538 0.019055 0.027860
0.0 0.515513 0.125409 0.017820 0.031223
0.0 0.458451 0.872739 0.019711 0.030680
0.0 0.630065 0.752528 0.017107 0.027493
0.0 0.398598 0.456149 0.020798 0.032683
0.0 0.616929 0.979870 0.024341 0.040259
0.0 0.736347 0.782190 0.018942 0.026041
0.0 0.401015 0.586354 0.015667 0.035311
0.0 0.458888 0.673444 0.018455 0.025949
0.0 0.676787 0.755227 0.015068 0.033400
0.0 0.487397 0.989892 0.020029 0.020217
0.0 0.408680 0.630457 0.017559 0.034769
0.0 0.634281 0.665700 0.015181 0.035219
0.0 0.521480 0.943676 0.018624 0.028678
0.0 0.463801 0.911297 0.019598 0.028861
0.0 0.315051 0.637977 0.013437 0.030397
0.0 0.419644 0.811040 0.012258 0.034669
0.0 0.528314 0.875217 0.019111 0.028769
0.0 0.588911 0.799849 0.019429 0.026133
