0.0 0.740439 0.422179 0.017424 0.030751
0.0 0.716341 0.276821 0.022429 0.042367
0.0 0.544210 0.987864 0.016369 0.022484
0.0 0.669067 0.771636 0.015749 0.029575
0.0 0.590139 0.983521 0.025862 0.032959
0.0 0.516192 0.874448 0.019812 0.034741
0.0 0.636694 0.870026 0.018872 0.028293
0.0 0.535923 0.991918 0.025323 0.016165
0.0 0.305787 0.691889 0.018160 0.025477
0.0 0.575396 0.125474 0.022600 0.045093
0.0 0.378794 0.921982 0.022338 0.032462
0.0 0.303032 0.579892 0.019019 0.039106
0.0 0.342806 0.839840 0.025495 0.040176
0.0 0.671126 0.215648 0.016174 0.027847
0.0 0.259542 0.422151 0.015438 0.033120
0.0 0.426382 0.729252 0.020973 0.027740
0.0 0.596051 0.558984 0.017768 0.036202
0.0 0.383685 0.186986 0.017964 0.030840
0.0 0.719527 0.658790 0.017825 0.037111
0.0 0.627973 0.930552 0.020972 0.027740
0.0 0.696816 0.802843 0.022764 0.030734
0.0 0.276304 0.610363 0.017285 0.037021
0.0 0.303366 0.816801 0.019134 0.040924
0.0 0.307800 0.335565 0.020294 0.033922
0.0 0.419152 0.203861 0.022052 0.027919
0.0 0.669559 0.755192 0.016942 0.031570
0.0 0.482343 0.857840 0.020891 0.034920
0.0 0.599518 0.975426 0.020858 0.025923
0.0 0.317937 0.594289 0.014015 0.027490
