0.0 0.728354 0.379750 0.017979 0.029195
0.0 0.685683 0.242881 0.023127 0.040368
0.0 0.598585 0.980771 0.016925 0.021014
0.0 0.699040 0.739283 0.016240 0.028171
0.0 0.645181 0.967929 0.026730 0.035219
0.0 0.555890 0.876151 0.020444 0.032972
0.0 0.678261 0.843404 0.019500 0.026601
0.0 0.591961 0.989774 0.026169 0.020453
0.0 0.318543 0.746724 0.018774 0.023847
0.0 0.523073 0.127687 0.023291 0.043081
0.0 0.421651 0.955160 0.023088 0.030458
0.0 0.301795 0.637541 0.019594 0.037415
0.0 0.374718 0.883090 0.026333 0.037893
0.0 0.631947 0.193549 0.016692 0.026402
0.0 0.237801 0.493100 0.015897 0.031749
0.0 0.446209 0.754934 0.021691 0.025855
0.0 0.598094 0.547953 0.018307 0.034622
0.0 0.335169 0.233209 0.018541 0.029235
0.0 0.736469 0.616720 0.018361 0.035526
0.0 0.676897 0.904818 0.021691 0.025855
0.0 0.731229 0.763345 0.023540 0.028688
0.0 0.278322 0.673724 0.017800 0.035486
0.0 0.331619 0.869794 0.019703 0.039224
0.0 0.276252 0.396809 0.020950 0.032107
0.0 0.373449 0.241396 0.022815 0.025935
0.0 0.697495 0.723041 0.017472 0.030060
0.0 0.519295 0.867845 0.021567 0.033051
0.0 0.653456 0.955533 0.021582 0.024046
0.0 0.318791 0.648145 0.014446 0.026242
