0 0.426563 0.941667 0.018750 0.025926
0 0.295573 0.813426 0.018229 0.028704
0 0.405729 0.911574 0.019792 0.026852
0 0.642448 0.193056 0.016146 0.030556
0 0.693229 0.327315 0.020833 0.037963
0 0.276823 0.571296 0.014063 0.031481
0 0.639323 0.724537 0.018229 0.025000
0 0.426042 0.968056 0.020833 0.032407
0 0.304948 0.849537 0.016146 0.036111
0 0.690365 0.671296 0.017188 0.029630
0 0.717708 0.558796 0.019792 0.039815
0 0.530469 0.605556 0.015104 0.035185
0 0.482812 0.909259 0.021875 0.027778
0 0.693490 0.721759 0.016146 0.028704
0 0.326562 0.898611 0.015625 0.032407
0 0.350781 0.807407 0.018229 0.024074
0 0.553125 0.890741 0.019792 0.024074
0 0.472396 0.862500 0.018750 0.023148
0 0.597656 0.501852 0.016146 0.037037
0 0.722396 0.450463 0.019792 0.037963
0 0.569792 0.832407 0.018750 0.027778
0 0.247396 0.510648 0.013542 0.028704
0 0.245573 0.746296 0.016146 0.031481
0 0.335938 0.508333 0.014583 0.035185
0 0.490365 0.731481 0.022396 0.031481
0 0.648958 0.697685 0.014583 0.025000
0 0.667448 0.724537 0.013021 0.025000
0 0.453385 0.818056 0.016146 0.026852
0 0.344531 0.821759 0.017188 0.021296
0 0.504948 0.084722 0.010937 0.019444
