0.0 0.448812 0.981623 0.020055 0.026792
0.0 0.329302 0.846682 0.019730 0.029504
0.0 0.430449 0.950583 0.021135 0.027773
0.0 0.709680 0.255807 0.017817 0.031201
0.0 0.750382 0.391629 0.022892 0.038814
0.0 0.327092 0.606332 0.015843 0.031984
0.0 0.671245 0.780584 0.019484 0.025845
0.0 0.446546 0.995497 0.022522 0.009007
0.0 0.336063 0.882943 0.018187 0.036688
0.0 0.724684 0.731218 0.018774 0.030352
0.0 0.758902 0.621821 0.021998 0.040577
0.0 0.572758 0.656187 0.017107 0.035708
0.0 0.505954 0.953163 0.023233 0.028819
0.0 0.724380 0.781260 0.017694 0.029372
0.0 0.353924 0.932781 0.017431 0.032997
0.0 0.383670 0.844222 0.019422 0.024930
0.0 0.575920 0.939311 0.020950 0.025029
0.0 0.498885 0.906319 0.019870 0.024048
0.0 0.645338 0.557995 0.018249 0.037603
0.0 0.770696 0.515111 0.021874 0.038748
0.0 0.596096 0.882744 0.020178 0.028622
0.0 0.302363 0.544569 0.015149 0.029208
0.0 0.284894 0.777217 0.017879 0.032115
0.0 0.389070 0.547873 0.016598 0.035675
0.0 0.525172 0.778039 0.023988 0.032510
0.0 0.682451 0.754669 0.015920 0.025615
0.0 0.698738 0.782360 0.014393 0.025516
0.0 0.483260 0.861219 0.017571 0.027543
0.0 0.376605 0.858004 0.018219 0.022120
0.0 0.582482 0.140119 0.011986 0.019896
