0.0 0.654345 0.900518 0.020531 0.032080
0.0 0.533346 0.993942 0.022116 0.012116
0.0 0.311219 0.209163 0.018395 0.034013
0.0 0.251810 0.353485 0.023675 0.042290
0.0 0.684131 0.637173 0.016220 0.034934
0.0 0.292869 0.789076 0.020380 0.028040
0.0 0.642915 0.939515 0.018621 0.040073
0.0 0.240828 0.728847 0.019464 0.033046
0.0 0.216373 0.604972 0.022645 0.044267
0.0 0.413335 0.663866 0.017477 0.039019
0.0 0.451569 0.990782 0.024366 0.018436
0.0 0.235451 0.783764 0.018319 0.031992
0.0 0.617958 0.987067 0.017917 0.025866
0.0 0.595953 0.891627 0.020343 0.027029
0.0 0.377644 0.974014 0.022003 0.027095
0.0 0.464539 0.946606 0.020858 0.026041
0.0 0.346203 0.547908 0.018659 0.041083
0.0 0.215811 0.486596 0.022569 0.042246
0.0 0.362321 0.909677 0.021047 0.031092
0.0 0.717859 0.572252 0.015553 0.031883
0.0 0.710187 0.829392 0.018432 0.035022
0.0 0.623912 0.565999 0.016923 0.038997
0.0 0.450796 0.802923 0.025071 0.035285
0.0 0.283730 0.759378 0.016508 0.027886
0.0 0.262997 0.787892 0.014849 0.027820
0.0 0.486543 0.898923 0.018244 0.029972
0.0 0.602006 0.907546 0.019124 0.023955
0.0 0.461676 0.096774 0.012409 0.021672
