0.0 0.678610 0.238950 0.022646 0.031257
0.0 0.708826 0.624756 0.018127 0.031793
0.0 0.345865 0.629049 0.018209 0.033586
0.0 0.334429 0.640295 0.016730 0.034363
0.0 0.734818 0.487766 0.021674 0.032072
0.0 0.691928 0.417825 0.018427 0.027352
0.0 0.722028 0.386666 0.020018 0.039981
0.0 0.553656 0.999411 0.019783 0.001177
0.0 0.557699 0.905193 0.020537 0.029304
0.0 0.706261 0.651946 0.015840 0.036972
0.0 0.580643 0.525097 0.014072 0.031474
0.0 0.497264 0.967977 0.017632 0.021037
0.0 0.494990 0.846708 0.019234 0.022949
0.0 0.500123 0.902979 0.020331 0.024822
0.0 0.686382 0.662058 0.014703 0.034203
0.0 0.726866 0.519429 0.015210 0.034243
0.0 0.773567 0.600315 0.015551 0.030698
0.0 0.469647 0.832060 0.016907 0.027232
0.0 0.385738 0.793687 0.014456 0.028825
0.0 0.565660 0.993126 0.018509 0.013748
0.0 0.524734 0.735961 0.016659 0.021853
0.0 0.763871 0.489077 0.024197 0.042989
0.0 0.372827 0.822592 0.018344 0.025559
0.0 0.363882 0.313214 0.019016 0.029185
0.0 0.634277 0.966633 0.020372 0.025718
0.0 0.436479 0.907091 0.017797 0.024623
0.0 0.395798 0.514913 0.021632 0.031177
0.0 0.702234 0.879417 0.021974 0.027631
0.0 0.517585 0.862470 0.019358 0.025639
