0.0 0.711794 0.620335 0.020816 0.035177
0.0 0.712757 0.543138 0.019456 0.038531
0.0 0.435142 0.681547 0.023302 0.048741
0.0 0.535420 0.899340 0.018649 0.034341
0.0 0.284421 0.432565 0.016403 0.040262
0.0 0.561847 0.280304 0.021689 0.040362
0.0 0.678427 0.578889 0.018095 0.041884
0.0 0.357321 0.761256 0.020949 0.037167
0.0 0.316021 0.688684 0.020461 0.045705
0.0 0.740647 0.499799 0.021068 0.046909
0.0 0.560206 0.987711 0.024200 0.024578
0.0 0.277180 0.763013 0.017698 0.035914
0.0 0.427748 0.934877 0.022244 0.032818
0.0 0.282997 0.650434 0.021279 0.042142
0.0 0.242428 0.767472 0.024506 0.058901
0.0 0.365637 0.974716 0.020010 0.030987
0.0 0.674090 0.267963 0.018782 0.036332
0.0 0.460896 0.900200 0.024200 0.038421
0.0 0.241059 0.449524 0.023592 0.037217
0.0 0.683086 0.922602 0.021755 0.041356
0.0 0.481627 0.450436 0.020605 0.039944
0.0 0.640802 0.739422 0.018703 0.043088
0.0 0.278618 0.883493 0.021279 0.042142
0.0 0.572596 0.820797 0.022575 0.037794
0.0 0.480859 0.896672 0.020671 0.040938
0.0 0.317878 0.159176 0.028509 0.055597
