0.0 0.354167 0.186574 0.017708 0.034259
0.0 0.481510 0.143981 0.018229 0.037963
0.0 0.587500 0.429630 0.016667 0.022222
0.0 0.583594 0.725926 0.018229 0.022222
0.0 0.788802 0.447685 0.013021 0.032407
0.0 0.600521 0.082870 0.015625 0.028704
0.0 0.699740 0.616667 0.014063 0.033333
0.0 0.524740 0.970370 0.017188 0.025926
0.0 0.293490 0.622685 0.021354 0.039815
0.0 0.769792 0.574074 0.016667 0.035185
0.0 0.687760 0.314352 0.016146 0.030556
0.0 0.392188 0.723611 0.017708 0.025000
0.0 0.477865 0.756481 0.016146 0.033333
0.0 0.304948 0.739815 0.016146 0.029630
0.0 0.706250 0.187037 0.015625 0.035185
0.0 0.444531 0.926852 0.022396 0.040741
0.0 0.642448 0.481019 0.022396 0.034259
0.0 0.559375 0.971296 0.019792 0.024074
0.0 0.371875 0.621296 0.017708 0.033333
0.0 0.539062 0.930093 0.019792 0.023148
0.0 0.515625 0.693519 0.018750 0.025926
0.0 0.621094 0.381944 0.021354 0.028704
0.0 0.521094 0.883796 0.017188 0.021296
0.0 0.435417 0.615278 0.019792 0.028704
0.0 0.658333 0.886574 0.021875 0.028704
0.0 0.655729 0.813889 0.018750 0.027778
0.0 0.746354 0.547685 0.013542 0.034259
0.0 0.327604 0.254630 0.016667 0.035185
0.0 0.562500 0.757407 0.016667 0.022222
0.0 0.546615 0.814352 0.021354 0.030556
