0.0 0.637397 0.820393 0.022351 0.028050
0.0 0.435229 0.954795 0.020269 0.027763
0.0 0.646529 0.941338 0.024250 0.036634
0.0 0.664457 0.845191 0.020131 0.031443
0.0 0.559445 0.375607 0.017060 0.036567
0.0 0.643642 0.791000 0.020790 0.027835
0.0 0.535014 0.802180 0.019749 0.027691
0.0 0.555635 0.940087 0.022161 0.026174
0.0 0.670666 0.649375 0.016679 0.032816
0.0 0.549271 0.880099 0.018708 0.027548
0.0 0.279658 0.602979 0.019046 0.035916
0.0 0.395128 0.895181 0.019845 0.028629
0.0 0.343736 0.916536 0.021215 0.026969
0.0 0.622620 0.981252 0.023964 0.033821
0.0 0.695582 0.476657 0.016540 0.036495
0.0 0.693154 0.844560 0.020555 0.030577
0.0 0.672555 0.704274 0.018569 0.031228
0.0 0.434259 0.122786 0.020790 0.027835
0.0 0.285238 0.509960 0.019567 0.035988
0.0 0.573861 0.475853 0.022447 0.028988
0.0 0.504842 0.969918 0.027849 0.041755
0.0 0.357284 0.429646 0.022308 0.032668
0.0 0.633438 0.900824 0.022351 0.028050
0.0 0.288394 0.818606 0.021406 0.028845
0.0 0.274470 0.772501 0.023444 0.033750
0.0 0.689966 0.317661 0.020790 0.027835
0.0 0.575646 0.905943 0.021640 0.026103
0.0 0.273563 0.257649 0.027372 0.037065
0.0 0.525224 0.866774 0.024858 0.027471
