0.0 0.568870 0.633882 0.019042 0.045917
0.0 0.698042 0.259166 0.017908 0.040548
0.0 0.348636 0.675037 0.016386 0.043114
0.0 0.712523 0.617191 0.015912 0.045992
0.0 0.638553 0.301424 0.020564 0.043352
0.0 0.734225 0.704966 0.022171 0.045843
0.0 0.411845 0.984227 0.020496 0.031545
0.0 0.374080 0.573347 0.018397 0.038682
0.0 0.559297 0.794166 0.020917 0.033395
0.0 0.662384 0.900581 0.017719 0.029424
0.0 0.404303 0.795793 0.015775 0.037902
0.0 0.729801 0.639614 0.019618 0.049107
0.0 0.711723 0.850729 0.015707 0.033856
0.0 0.389715 0.956618 0.020513 0.040317
0.0 0.705815 0.934856 0.017366 0.039381
0.0 0.289490 0.386552 0.013712 0.039299
0.0 0.494775 0.806974 0.018733 0.027713
0.0 0.269601 0.564602 0.015844 0.041946
0.0 0.775450 0.589679 0.022679 0.044987
0.0 0.462957 0.181553 0.019361 0.033938
0.0 0.364677 0.879030 0.018311 0.033625
0.0 0.422399 0.723425 0.015827 0.040935
0.0 0.338626 0.612596 0.014202 0.037433
0.0 0.659648 0.983930 0.021424 0.032140
0.0 0.604464 0.788303 0.019412 0.036972
0.0 0.280434 0.329986 0.015775 0.037902
0.0 0.499377 0.877460 0.019885 0.034094
0.0 0.432239 0.992292 0.014013 0.015416
0.0 0.430933 0.903839 0.017753 0.031447
