0.0 0.277891 0.329381 0.024512 0.034613
0.0 0.691766 0.562914 0.017319 0.027650
0.0 0.565081 0.947369 0.019091 0.023359
0.0 0.564528 0.908021 0.018452 0.022366
0.0 0.551855 0.886731 0.021332 0.024027
0.0 0.660221 0.302522 0.016433 0.029796
0.0 0.716920 0.311114 0.015468 0.031114
0.0 0.701276 0.730453 0.019638 0.029145
0.0 0.650431 0.878167 0.018765 0.025672
0.0 0.678426 0.699025 0.020824 0.035923
0.0 0.224453 0.474045 0.026896 0.042552
0.0 0.715727 0.362454 0.022596 0.031633
0.0 0.657653 0.704791 0.018347 0.032775
0.0 0.215909 0.612126 0.020498 0.038235
0.0 0.420939 0.632590 0.022179 0.038736
0.0 0.664047 0.218106 0.017618 0.036574
0.0 0.762650 0.560055 0.019390 0.032284
0.0 0.294252 0.727709 0.017710 0.031783
0.0 0.506182 0.738893 0.022583 0.037250
0.0 0.221244 0.714205 0.021215 0.040056
0.0 0.737859 0.483744 0.017632 0.030956
0.0 0.618447 0.780633 0.024434 0.033787
0.0 0.687425 0.608394 0.019533 0.039554
0.0 0.452903 0.739052 0.023874 0.033620
0.0 0.286536 0.834951 0.024017 0.040891
0.0 0.728089 0.669776 0.018765 0.025672
0.0 0.724284 0.690455 0.019078 0.028978
0.0 0.520704 0.883269 0.015794 0.028802
0.0 0.587808 0.925725 0.023340 0.022217
0.0 0.219058 0.490099 0.019234 0.030631
