0.0 0.509245 0.839638 0.017808 0.021582
0.0 0.689447 0.905874 0.015212 0.028238
0.0 0.311943 0.207960 0.022756 0.036329
0.0 0.231818 0.590092 0.022390 0.052329
0.0 0.689034 0.868583 0.016793 0.026455
0.0 0.656709 0.893698 0.016845 0.031479
0.0 0.408076 0.933006 0.017337 0.027535
0.0 0.622866 0.833566 0.016457 0.045471
0.0 0.291232 0.555223 0.017421 0.035574
0.0 0.368091 0.923830 0.019481 0.028842
0.0 0.504208 0.861568 0.016793 0.026455
0.0 0.669648 0.651501 0.016384 0.038437
0.0 0.218212 0.562508 0.017986 0.038663
0.0 0.656386 0.642077 0.015306 0.037281
0.0 0.497063 0.932004 0.017860 0.026606
0.0 0.486315 0.809225 0.019450 0.025827
0.0 0.720942 0.626552 0.014763 0.036201
0.0 0.337718 0.530097 0.018948 0.028766
0.0 0.712046 0.839635 0.015296 0.036276
0.0 0.716059 0.505106 0.013162 0.035974
0.0 0.669230 0.280620 0.018466 0.033715
0.0 0.591249 0.585068 0.017473 0.040598
0.0 0.286394 0.712024 0.017473 0.040598
0.0 0.675802 0.779164 0.015338 0.040296
0.0 0.490251 0.944626 0.020622 0.036027
0.0 0.269323 0.580804 0.011477 0.027710
0.0 0.247052 0.512749 0.013664 0.033036
