0 0.576823 0.105093 0.014063 0.025000
0 0.678906 0.333796 0.015104 0.030556
0 0.643490 0.855093 0.019271 0.026852
0 0.336458 0.751852 0.012500 0.020370
0 0.639844 0.196296 0.019271 0.033333
0 0.306510 0.705093 0.015104 0.023148
0 0.330469 0.729630 0.021354 0.029630
0 0.625521 0.864815 0.020833 0.029630
0 0.628385 0.828241 0.018229 0.037963
0 0.274479 0.706019 0.015625 0.034259
0 0.320052 0.875463 0.016146 0.023148
0 0.341667 0.791667 0.018750 0.025926
0 0.392969 0.853241 0.016146 0.021296
0 0.366406 0.589352 0.020313 0.025000
0 0.405469 0.917130 0.016146 0.025000
0 0.233854 0.539352 0.014583 0.034259
0 0.305729 0.807870 0.013542 0.026852
0 0.445573 0.174537 0.019271 0.023148
0 0.412500 0.624537 0.017708 0.023148
0 0.264323 0.355556 0.014063 0.033333
0 0.304948 0.161574 0.016146 0.030556
0 0.717708 0.594444 0.017708 0.035185
0 0.282552 0.599537 0.014063 0.030556
0 0.400260 0.762500 0.017188 0.023148
0 0.324479 0.130093 0.018750 0.025000
0 0.536458 0.311574 0.018750 0.025000
0 0.366146 0.732407 0.013542 0.035185
0 0.413802 0.858796 0.021354 0.021296
0 0.452604 0.858796 0.027083 0.028704
0 0.237760 0.592593 0.010937 0.029630
