0.0 0.657256 0.868800 0.016723 0.023042
0.0 0.666166 0.842296 0.014575 0.026760
0.0 0.696558 0.227271 0.029848 0.035316
0.0 0.759833 0.434980 0.019114 0.029901
0.0 0.275453 0.699531 0.014773 0.035414
0.0 0.250693 0.669657 0.017032 0.036503
0.0 0.527652 0.996322 0.020033 0.007355
0.0 0.718777 0.451289 0.015914 0.036439
0.0 0.760024 0.357947 0.016406 0.033586
0.0 0.716853 0.599184 0.016450 0.035510
0.0 0.538328 0.980546 0.015649 0.024901
0.0 0.680262 0.895405 0.018150 0.036567
0.0 0.263002 0.754640 0.017458 0.030767
0.0 0.773400 0.721110 0.026647 0.041855
0.0 0.241158 0.583553 0.017591 0.036535
0.0 0.770655 0.589367 0.015804 0.031632
0.0 0.717051 0.790765 0.021351 0.030029
0.0 0.502841 0.849231 0.021218 0.024260
0.0 0.307232 0.413214 0.016516 0.038394
0.0 0.294255 0.652723 0.016516 0.038394
0.0 0.421718 0.681054 0.021240 0.025221
0.0 0.532342 0.914938 0.021306 0.028106
0.0 0.388412 0.839891 0.016987 0.034580
0.0 0.664109 0.947837 0.022602 0.035861
0.0 0.381294 0.200537 0.019628 0.028010
0.0 0.358659 0.897434 0.018754 0.038522
0.0 0.335120 0.750033 0.016362 0.031664
0.0 0.264616 0.703038 0.010815 0.033267
0.0 0.509002 0.922532 0.020298 0.032850
0.0 0.535650 0.961443 0.016678 0.021119
