0.0 0.371226 0.823289 0.015273 0.021758
0.0 0.361843 0.799044 0.013395 0.024854
0.0 0.301721 0.251536 0.027188 0.033709
0.0 0.256302 0.430158 0.017502 0.028013
0.0 0.703385 0.705950 0.013681 0.032503
0.0 0.723913 0.681598 0.015718 0.033658
0.0 0.494266 0.953533 0.018218 0.020514
0.0 0.293868 0.448116 0.014716 0.033506
0.0 0.252002 0.361890 0.015121 0.031031
0.0 0.303514 0.579315 0.015185 0.032732
0.0 0.483505 0.932460 0.014334 0.023306
0.0 0.352091 0.844894 0.016721 0.033810
0.0 0.717467 0.755841 0.016029 0.028635
0.0 0.259510 0.682509 0.024402 0.039202
0.0 0.727820 0.606126 0.016220 0.033734
0.0 0.254903 0.566019 0.014557 0.029256
0.0 0.313604 0.749039 0.019507 0.028317
0.0 0.508184 0.819149 0.019317 0.023217
0.0 0.659639 0.449558 0.015280 0.035282
0.0 0.684073 0.662872 0.015280 0.035282
0.0 0.571674 0.677078 0.019348 0.024067
0.0 0.485338 0.874843 0.019444 0.026617
0.0 0.609952 0.820654 0.015655 0.031958
0.0 0.369338 0.892729 0.020701 0.033569
0.0 0.582050 0.254797 0.017939 0.026389
0.0 0.639627 0.874181 0.017287 0.035586
0.0 0.652766 0.745595 0.015058 0.029332
0.0 0.713258 0.709984 0.010107 0.030270
0.0 0.506606 0.883566 0.018600 0.030715
0.0 0.484874 0.915764 0.015209 0.020058
