0.0 0.467969 0.835185 0.018229 0.025926
0.0 0.450260 0.863426 0.023438 0.026852
0.0 0.642448 0.194907 0.016146 0.028704
0.0 0.656510 0.418981 0.017188 0.023148
0.0 0.350000 0.848611 0.015625 0.028704
0.0 0.411458 0.829630 0.015625 0.027778
0.0 0.531510 0.842593 0.017188 0.029630
0.0 0.416146 0.878241 0.016667 0.023148
0.0 0.232031 0.357870 0.019271 0.026852
0.0 0.698958 0.715741 0.021875 0.027778
0.0 0.389323 0.837963 0.016146 0.027778
0.0 0.340365 0.770370 0.014063 0.029630
0.0 0.560156 0.410185 0.020313 0.027778
0.0 0.516146 0.965741 0.020833 0.027778
0.0 0.449740 0.937963 0.019271 0.024074
0.0 0.570052 0.931481 0.018229 0.024074
0.0 0.688542 0.376852 0.016667 0.040741
0.0 0.216927 0.419907 0.020313 0.034259
0.0 0.661198 0.824537 0.018229 0.023148
0.0 0.718750 0.482407 0.019792 0.042593
0.0 0.406771 0.115741 0.019792 0.027778
0.0 0.304427 0.701852 0.014063 0.033333
0.0 0.409896 0.431944 0.020833 0.028704
0.0 0.377865 0.202778 0.022396 0.031481
0.0 0.468750 0.970370 0.014583 0.031481
0.0 0.342187 0.657407 0.013542 0.033333
0.0 0.283854 0.728241 0.014583 0.034259
0.0 0.232813 0.569907 0.014583 0.032407
0.0 0.480208 0.847685 0.020833 0.026852
0.0 0.347917 0.783333 0.010417 0.029630
