0.0 0.728281 0.403538 0.019821 0.041565
0.0 0.378190 0.954701 0.014925 0.030222
0.0 0.747282 0.482950 0.015927 0.039031
0.0 0.461816 0.899714 0.015809 0.037090
0.0 0.347176 0.684773 0.014512 0.031119
0.0 0.578456 0.967983 0.017698 0.029695
0.0 0.741299 0.577553 0.018228 0.038431
0.0 0.444324 0.913139 0.017050 0.026709
0.0 0.395593 0.915295 0.020235 0.032978
0.0 0.366416 0.862213 0.015928 0.023649
0.0 0.626712 0.910877 0.016872 0.031489
0.0 0.713480 0.560941 0.019468 0.035741
0.0 0.381929 0.775475 0.018760 0.031785
0.0 0.524024 0.812950 0.020353 0.027227
0.0 0.749581 0.433336 0.016635 0.042988
0.0 0.522321 0.974367 0.021533 0.031258
0.0 0.563318 0.860269 0.017049 0.026709
0.0 0.653787 0.798514 0.015809 0.037090
0.0 0.627603 0.390198 0.019527 0.036711
0.0 0.547442 0.737251 0.018111 0.028799
0.0 0.365389 0.329964 0.017580 0.035445
0.0 0.303298 0.403028 0.016695 0.036267
0.0 0.294928 0.568300 0.014453 0.037839
0.0 0.487657 0.921405 0.021473 0.037978
0.0 0.379134 0.943090 0.021414 0.037008
0.0 0.387188 0.971301 0.021474 0.030287
0.0 0.424180 0.985922 0.021710 0.026479
0.0 0.699307 0.249069 0.024422 0.048056
