0.0 0.758246 0.601177 0.010528 0.031034
0.0 0.293116 0.253034 0.017908 0.033471
0.0 0.640690 0.482512 0.018983 0.028434
0.0 0.763184 0.612805 0.013359 0.031311
0.0 0.655066 0.629653 0.018417 0.028378
0.0 0.244902 0.391905 0.023657 0.041750
0.0 0.652082 0.363612 0.020720 0.032032
0.0 0.711294 0.675877 0.017822 0.025748
0.0 0.429916 0.171270 0.020739 0.033748
0.0 0.598663 0.794726 0.019549 0.028489
0.0 0.496873 0.947212 0.019481 0.022481
0.0 0.217690 0.638273 0.022458 0.035631
0.0 0.428280 0.731327 0.019578 0.031063
0.0 0.282948 0.657520 0.019003 0.030150
0.0 0.699769 0.581308 0.019635 0.036212
0.0 0.738205 0.604359 0.015606 0.029817
0.0 0.583470 0.877250 0.020057 0.023395
0.0 0.678310 0.659789 0.017860 0.029181
0.0 0.424785 0.797850 0.020106 0.027686
0.0 0.471713 0.847022 0.021200 0.024364
0.0 0.412027 0.946192 0.021756 0.023561
0.0 0.211782 0.464529 0.016814 0.036793
0.0 0.520434 0.451024 0.022342 0.025333
0.0 0.502945 0.177562 0.021776 0.025278
0.0 0.675757 0.911145 0.018456 0.031810
0.0 0.625841 0.923403 0.020077 0.025111
0.0 0.302585 0.870328 0.024040 0.025499
0.0 0.533006 0.865880 0.018935 0.024142
0.0 0.590457 0.895079 0.018926 0.023284
0.0 0.279685 0.391880 0.013820 0.021927
