0.0 0.711294 0.607567 0.009237 0.036061
0.0 0.324812 0.205303 0.015524 0.038850
0.0 0.614499 0.470187 0.016387 0.032978
0.0 0.715169 0.621071 0.011642 0.036365
0.0 0.622518 0.641392 0.015906 0.032917
0.0 0.279714 0.367288 0.020483 0.048450
0.0 0.627633 0.331692 0.017896 0.037155
0.0 0.669119 0.694837 0.015375 0.029859
0.0 0.443783 0.109223 0.017929 0.039154
0.0 0.569684 0.833933 0.016867 0.033038
0.0 0.478522 0.999548 0.016752 0.000904
0.0 0.249424 0.654282 0.019406 0.041334
0.0 0.426264 0.761238 0.016917 0.036035
0.0 0.304499 0.676263 0.016420 0.034976
0.0 0.662017 0.584817 0.017016 0.042029
0.0 0.694118 0.611402 0.013534 0.034611
0.0 0.554356 0.930105 0.017250 0.027105
0.0 0.641465 0.676323 0.015441 0.033855
0.0 0.421369 0.838706 0.017332 0.032100
0.0 0.459958 0.895644 0.018229 0.028225
0.0 0.406223 0.998921 0.018693 0.002158
0.0 0.249389 0.452052 0.014627 0.042724
0.0 0.512892 0.434314 0.019208 0.029346
0.0 0.505856 0.116071 0.018726 0.029285
0.0 0.632051 0.968962 0.015972 0.036912
0.0 0.589147 0.983558 0.017283 0.029103
0.0 0.315113 0.923880 0.020650 0.029529
0.0 0.511666 0.917198 0.016305 0.027982
0.0 0.559799 0.950815 0.016288 0.026983
0.0 0.309366 0.367033 0.011942 0.025436
