0 0.559635 0.891667 0.016146 0.024074
0 0.641667 0.192593 0.015625 0.031481
0 0.433854 0.778241 0.015625 0.021296
0 0.619531 0.728241 0.013021 0.023148
0 0.431510 0.803241 0.019271 0.025000
0 0.242188 0.280093 0.014583 0.032407
0 0.450260 0.955556 0.016146 0.024074
0 0.260937 0.254167 0.016667 0.039815
0 0.523698 0.966204 0.020313 0.028704
0 0.588021 0.919907 0.022917 0.037963
0 0.630469 0.667130 0.018229 0.023148
0 0.264583 0.452778 0.016667 0.031481
0 0.452344 0.910648 0.016146 0.021296
0 0.456510 0.153704 0.020313 0.025926
0 0.323698 0.531019 0.011979 0.032407
0 0.517188 0.818519 0.019792 0.022222
0 0.318229 0.803241 0.016667 0.028704
0 0.272917 0.518056 0.012500 0.036111
0 0.440104 0.699537 0.014583 0.034259
0 0.426563 0.970833 0.019792 0.026852
0 0.298177 0.179630 0.015104 0.033333
0 0.491406 0.877778 0.017188 0.022222
0 0.681771 0.775926 0.017708 0.035185
0 0.721354 0.486111 0.022917 0.038889
0 0.600000 0.794444 0.016667 0.040741
0 0.696875 0.368056 0.020833 0.030556
0 0.250260 0.624537 0.016146 0.030556
0 0.588021 0.728704 0.018750 0.033333
0 0.478385 0.941667 0.021354 0.018519
0 0.675781 0.405556 0.017188 0.031481
