0.0 0.384909 0.906496 0.017719 0.022332
0.0 0.294457 0.276542 0.017154 0.029019
0.0 0.522725 0.799603 0.017146 0.019800
0.0 0.319122 0.760599 0.014293 0.021389
0.0 0.525313 0.822151 0.021146 0.023276
0.0 0.732488 0.342289 0.016012 0.029822
0.0 0.504869 0.960638 0.017719 0.022332
0.0 0.711914 0.319455 0.018302 0.036597
0.0 0.424364 0.972748 0.022291 0.026663
0.0 0.353809 0.933010 0.025153 0.035131
0.0 0.307085 0.705657 0.020002 0.021564
0.0 0.708063 0.499336 0.018296 0.029054
0.0 0.502551 0.920063 0.017717 0.019818
0.0 0.497424 0.235112 0.022289 0.024149
0.0 0.643311 0.572140 0.013157 0.029734
0.0 0.431392 0.838862 0.021715 0.020779
0.0 0.649508 0.818337 0.018294 0.026540
0.0 0.698974 0.558698 0.013731 0.033104
0.0 0.515814 0.728580 0.016013 0.031498
0.0 0.530860 0.973668 0.021719 0.024969
0.0 0.671031 0.253247 0.016584 0.030677
0.0 0.459701 0.891628 0.018860 0.020691
0.0 0.250920 0.805853 0.019440 0.032441
0.0 0.207310 0.544880 0.025154 0.035969
0.0 0.340583 0.819860 0.018303 0.037435
0.0 0.234060 0.437208 0.022863 0.028357
0.0 0.723893 0.654309 0.017724 0.028199
0.0 0.353668 0.759957 0.020581 0.030800
0.0 0.474024 0.949014 0.023425 0.017480
0.0 0.257214 0.470438 0.018867 0.029071
