0 0.645052 0.194444 0.018229 0.037037
0 0.480990 0.168056 0.021354 0.026852
0 0.319792 0.854630 0.019792 0.027778
0 0.388802 0.662037 0.018229 0.025926
0 0.679948 0.765741 0.019271 0.035185
0 0.277083 0.681944 0.013542 0.030556
0 0.274219 0.584259 0.014063 0.031481
0 0.306771 0.157407 0.012500 0.029630
0 0.218229 0.493519 0.013542 0.031481
0 0.527344 0.706481 0.014063 0.029630
0 0.695052 0.713426 0.016146 0.043519
0 0.527865 0.818056 0.020313 0.025000
0 0.317708 0.328704 0.017708 0.035185
0 0.507552 0.776389 0.021354 0.030556
0 0.316667 0.887500 0.019792 0.030556
0 0.577865 0.654630 0.015104 0.031481
0 0.254948 0.692130 0.014063 0.032407
0 0.223438 0.437963 0.019792 0.031481
0 0.396615 0.957870 0.021354 0.026852
0 0.415365 0.822685 0.020313 0.036111
0 0.246875 0.305093 0.017708 0.032407
0 0.569531 0.760185 0.021354 0.027778
0 0.716927 0.532407 0.019271 0.037037
0 0.395313 0.543519 0.015625 0.037037
0 0.345313 0.682870 0.019792 0.028704
0 0.347135 0.925926 0.013021 0.033333
0 0.417708 0.778241 0.025000 0.023148
0 0.696094 0.641204 0.011979 0.028704
0 0.683594 0.711574 0.013021 0.030556
0 0.530208 0.137500 0.017708 0.023148
