0.0 0.287369 0.249789 0.019159 0.034474
0.0 0.240111 0.393942 0.015211 0.031334
0.0 0.271142 0.734047 0.016237 0.028594
0.0 0.396485 0.898329 0.020530 0.024234
0.0 0.326066 0.886513 0.023947 0.048032
0.0 0.626084 0.725792 0.016054 0.021992
0.0 0.651331 0.907111 0.021449 0.037481
0.0 0.564446 0.950965 0.018924 0.025987
0.0 0.348466 0.525096 0.019424 0.024145
0.0 0.679047 0.807533 0.018924 0.025987
0.0 0.491430 0.955426 0.018846 0.023158
0.0 0.359432 0.210908 0.020003 0.025133
0.0 0.427490 0.867479 0.016607 0.022037
0.0 0.669573 0.415602 0.016446 0.036137
0.0 0.592284 0.775768 0.020238 0.033620
0.0 0.584066 0.229210 0.024056 0.032046
0.0 0.368482 0.737552 0.022476 0.034741
0.0 0.710396 0.829109 0.020660 0.028950
0.0 0.216916 0.646737 0.023581 0.034830
0.0 0.518934 0.118204 0.020791 0.033664
0.0 0.560487 0.878038 0.018397 0.026885
0.0 0.602419 0.961612 0.021213 0.028994
0.0 0.375843 0.973237 0.021871 0.032811
0.0 0.587051 0.306941 0.022320 0.029083
0.0 0.735032 0.418366 0.017526 0.035283
0.0 0.324746 0.588910 0.021923 0.034696
0.0 0.725390 0.760327 0.022293 0.028140
0.0 0.419672 0.865273 0.018872 0.024101
0.0 0.407085 0.940951 0.017265 0.025853
0.0 0.340373 0.892923 0.015237 0.032277
0.0 0.591548 0.769212 0.016816 0.029581
