0.0 0.340299 0.728194 0.019959 0.030568
0.0 0.710742 0.367974 0.024590 0.042570
0.0 0.498118 0.902720 0.018378 0.024303
0.0 0.451372 0.974955 0.019287 0.028730
0.0 0.432424 0.917059 0.018178 0.027642
0.0 0.531093 0.895523 0.020754 0.028204
0.0 0.664752 0.235470 0.019323 0.034656
0.0 0.353297 0.896494 0.022057 0.036943
0.0 0.615021 0.735542 0.017304 0.029142
0.0 0.331759 0.761294 0.017977 0.030980
0.0 0.737029 0.583968 0.014886 0.030306
0.0 0.369309 0.723622 0.022578 0.026066
0.0 0.778420 0.585492 0.022615 0.031993
0.0 0.628314 0.198990 0.025112 0.031692
0.0 0.739790 0.401229 0.018292 0.034431
0.0 0.707779 0.793167 0.019959 0.030568
0.0 0.690079 0.734558 0.018571 0.031956
0.0 0.458650 0.864701 0.021427 0.030042
0.0 0.712552 0.456888 0.020160 0.027229
0.0 0.609526 0.848047 0.021190 0.027454
0.0 0.689413 0.891323 0.019644 0.027116
0.0 0.660269 0.715987 0.020596 0.026479
0.0 0.401132 0.790147 0.019880 0.029705
0.0 0.592885 0.944947 0.026300 0.033643
0.0 0.748790 0.767497 0.019917 0.035631
0.0 0.404784 0.847422 0.021942 0.030155
0.0 0.361606 0.886762 0.020195 0.033155
0.0 0.456522 0.979551 0.020081 0.026366
0.0 0.575495 0.221957 0.018972 0.025279
0.0 0.574549 0.179929 0.016868 0.029893
