0.0 0.666327 0.886857 0.015596 0.032626
0.0 0.712716 0.243793 0.019846 0.034708
0.0 0.360615 0.811974 0.014757 0.027899
0.0 0.368845 0.838794 0.016943 0.022384
0.0 0.685327 0.442467 0.019843 0.027211
0.0 0.587508 0.905640 0.016108 0.025154
0.0 0.362966 0.954082 0.018168 0.025255
0.0 0.696826 0.860518 0.017336 0.035523
0.0 0.507262 0.873877 0.020938 0.028202
0.0 0.401422 0.986743 0.020552 0.026514
0.0 0.632690 0.872472 0.020423 0.028177
0.0 0.349179 0.899157 0.019263 0.026246
0.0 0.385806 0.633947 0.017977 0.029931
0.0 0.746693 0.575673 0.022295 0.040451
0.0 0.498198 0.986651 0.019133 0.024365
0.0 0.641434 0.254454 0.015210 0.034481
0.0 0.328335 0.789164 0.018298 0.027136
0.0 0.716357 0.813357 0.020948 0.050694
0.0 0.384056 0.228168 0.020682 0.031938
0.0 0.471447 0.981095 0.022292 0.032954
0.0 0.552557 0.951573 0.019519 0.022510
0.0 0.339593 0.595832 0.017332 0.028026
0.0 0.666922 0.923209 0.020170 0.039410
0.0 0.312977 0.577074 0.018816 0.034658
0.0 0.767605 0.605944 0.017660 0.040224
0.0 0.498019 0.235635 0.022227 0.032014
0.0 0.429977 0.847920 0.018553 0.023400
0.0 0.339197 0.687801 0.016370 0.036413
0.0 0.620444 0.971409 0.022933 0.027363
