0.0 0.308040 0.218129 0.019147 0.031775
0.0 0.356216 0.951669 0.017260 0.037660
0.0 0.276074 0.377786 0.014786 0.036642
0.0 0.605329 0.308232 0.019626 0.030796
0.0 0.513689 0.687273 0.019515 0.022913
0.0 0.393860 0.810803 0.017573 0.024858
0.0 0.374676 0.993628 0.018204 0.012744
0.0 0.373246 0.955340 0.017656 0.030770
0.0 0.674720 0.799719 0.015688 0.030744
0.0 0.597572 0.176128 0.018613 0.028813
0.0 0.287361 0.673954 0.014279 0.035651
0.0 0.459124 0.920021 0.018066 0.024865
0.0 0.395179 0.996220 0.019695 0.007560
0.0 0.598787 0.262833 0.015632 0.026803
0.0 0.264995 0.658391 0.014266 0.034665
0.0 0.714221 0.545594 0.015292 0.037634
0.0 0.601697 0.347588 0.019106 0.028819
0.0 0.671054 0.590832 0.013309 0.036623
0.0 0.510397 0.908874 0.016700 0.032728
0.0 0.489682 0.958349 0.019064 0.025863
0.0 0.445707 0.208610 0.018176 0.032747
0.0 0.583205 0.989085 0.019161 0.021831
0.0 0.617849 0.867928 0.019078 0.026848
0.0 0.594657 0.898654 0.016166 0.029766
0.0 0.668673 0.824760 0.016603 0.025831
0.0 0.541708 0.860524 0.017532 0.021902
0.0 0.342309 0.889917 0.013829 0.038600
0.0 0.290345 0.799099 0.021636 0.033777
