0.0 0.685077 0.223154 0.020860 0.034209
0.0 0.375210 0.845777 0.015556 0.028623
0.0 0.727875 0.362212 0.018733 0.035387
0.0 0.726914 0.731429 0.017738 0.028312
0.0 0.365013 0.828059 0.016784 0.030635
0.0 0.744410 0.729719 0.020084 0.030603
0.0 0.747632 0.658908 0.016333 0.032230
0.0 0.361115 0.951434 0.020370 0.026406
0.0 0.433176 0.873627 0.024502 0.030848
0.0 0.767021 0.529037 0.019455 0.038128
0.0 0.265041 0.574213 0.019074 0.032059
0.0 0.266867 0.716419 0.017396 0.031641
0.0 0.421142 0.405931 0.022988 0.033032
0.0 0.639143 0.911774 0.029232 0.044828
0.0 0.779454 0.695463 0.020860 0.034209
0.0 0.474672 0.992925 0.027787 0.014150
0.0 0.265200 0.463656 0.018569 0.032787
0.0 0.486343 0.879335 0.020193 0.032337
0.0 0.514595 0.763991 0.021543 0.027551
0.0 0.421785 0.949992 0.025007 0.030120
0.0 0.522175 0.994957 0.026902 0.010087
0.0 0.629997 0.471980 0.022211 0.029424
0.0 0.612312 0.601866 0.018787 0.036254
0.0 0.682021 0.509234 0.019525 0.030463
0.0 0.386355 0.914775 0.023439 0.031437
0.0 0.296734 0.834917 0.022211 0.029424
0.0 0.445772 0.943144 0.019089 0.023526
0.0 0.720748 0.379836 0.022211 0.029424
0.0 0.473977 0.361086 0.019416 0.028729
