0.0 0.343398 0.713041 0.015750 0.033758
0.0 0.378499 0.838461 0.021890 0.038747
0.0 0.543574 0.880418 0.019677 0.028139
0.0 0.681142 0.272787 0.016273 0.034789
0.0 0.362736 0.830966 0.017860 0.038813
0.0 0.285324 0.652787 0.017773 0.034187
0.0 0.674919 0.843330 0.017669 0.028635
0.0 0.689315 0.480964 0.016710 0.031196
0.0 0.496674 0.932671 0.018682 0.028850
0.0 0.499542 0.897336 0.016554 0.022868
0.0 0.354780 0.674907 0.016727 0.032122
0.0 0.633157 0.900820 0.017704 0.030486
0.0 0.404985 0.934402 0.016554 0.022868
0.0 0.542133 0.989402 0.016624 0.021196
0.0 0.267075 0.498689 0.013220 0.033221
0.0 0.553728 0.789952 0.018210 0.030593
0.0 0.618080 0.201796 0.018785 0.034402
0.0 0.504072 0.829638 0.020252 0.031948
0.0 0.757003 0.543259 0.020895 0.039458
0.0 0.307450 0.744578 0.021229 0.030312
0.0 0.622576 0.988990 0.020304 0.022019
0.0 0.696394 0.819319 0.016325 0.037565
0.0 0.418374 0.801306 0.015226 0.032725
0.0 0.707822 0.918515 0.017302 0.035930
0.0 0.580786 0.994087 0.023024 0.011826
0.0 0.747140 0.824562 0.015819 0.037458
0.0 0.473693 0.188193 0.019746 0.031841
0.0 0.443458 0.835662 0.014737 0.033543
0.0 0.315982 0.540408 0.015784 0.035607
0.0 0.298710 0.640883 0.012714 0.033113
