0.0 0.251157 0.536134 0.011782 0.033668
0.0 0.308712 0.297780 0.016725 0.031377
0.0 0.636330 0.881266 0.016223 0.031261
0.0 0.694625 0.512857 0.013691 0.029814
0.0 0.274544 0.445573 0.015258 0.032755
0.0 0.643749 0.734460 0.016766 0.033105
0.0 0.679978 0.642227 0.014735 0.031775
0.0 0.669811 0.714954 0.014112 0.026474
0.0 0.301582 0.543128 0.017329 0.035813
0.0 0.564282 0.878416 0.021648 0.028221
0.0 0.603314 0.787270 0.019197 0.030231
0.0 0.252549 0.455449 0.016527 0.044222
0.0 0.550972 0.461442 0.017811 0.035066
0.0 0.626029 0.711200 0.017709 0.030746
0.0 0.613951 0.874724 0.018252 0.032590
0.0 0.483619 0.863661 0.015639 0.027688
0.0 0.618440 0.312013 0.018232 0.031726
0.0 0.668468 0.291297 0.015238 0.031892
0.0 0.575539 0.453577 0.017790 0.034201
0.0 0.709656 0.669231 0.018212 0.030862
0.0 0.474336 0.984831 0.019699 0.030339
0.0 0.656761 0.837002 0.013812 0.034998
0.0 0.362221 0.910472 0.018333 0.036046
0.0 0.650151 0.522729 0.020202 0.030464
0.0 0.291197 0.843528 0.020084 0.046765
0.0 0.405152 0.877935 0.018633 0.027522
0.0 0.545302 0.779863 0.016766 0.033105
0.0 0.649897 0.781252 0.015781 0.033736
0.0 0.617111 0.901793 0.015035 0.023250
0.0 0.547212 0.893666 0.019055 0.024182
