0 0.687240 0.343056 0.018229 0.025000
0 0.404948 0.737500 0.018229 0.025000
0 0.411719 0.957870 0.014063 0.023148
0 0.638281 0.200463 0.020313 0.034259
0 0.265104 0.482870 0.012500 0.037963
0 0.513542 0.935185 0.017708 0.024074
0 0.424479 0.964815 0.022917 0.033333
0 0.388281 0.906944 0.016146 0.023148
0 0.587500 0.499537 0.018750 0.028704
0 0.527604 0.931019 0.018750 0.026852
0 0.326302 0.273611 0.016146 0.023148
0 0.379948 0.958796 0.018229 0.028704
0 0.325521 0.861574 0.015625 0.026852
0 0.277865 0.275463 0.014063 0.028704
0 0.401302 0.710648 0.019271 0.026852
0 0.252865 0.271296 0.014063 0.029630
0 0.321615 0.314352 0.019271 0.026852
0 0.426823 0.857407 0.019271 0.031481
0 0.289583 0.406481 0.014583 0.029630
0 0.702083 0.445833 0.019792 0.039815
0 0.316146 0.738426 0.016667 0.026852
0 0.694010 0.735185 0.021354 0.037037
0 0.270052 0.806944 0.018229 0.025000
0 0.616667 0.385185 0.018750 0.037037
0 0.665104 0.672222 0.018750 0.029630
0 0.241146 0.543519 0.013542 0.033333
0 0.423958 0.806481 0.016667 0.022222
0 0.530208 0.641204 0.014583 0.032407
0 0.252865 0.711111 0.017188 0.027778
0 0.670312 0.368056 0.017708 0.025000
