0.0 0.271501 0.398842 0.017506 0.026567
0.0 0.542693 0.788495 0.017506 0.026567
0.0 0.315756 0.250161 0.019592 0.036164
0.0 0.671112 0.520280 0.012278 0.039556
0.0 0.442970 0.991966 0.017003 0.016067
0.0 0.560629 0.961297 0.015519 0.024561
0.0 0.367545 0.554056 0.018046 0.030390
0.0 0.429665 0.989470 0.018021 0.021060
0.0 0.610691 0.308977 0.015519 0.024561
0.0 0.569164 0.999414 0.017555 0.001172
0.0 0.619169 0.911547 0.015077 0.028330
0.0 0.656357 0.308367 0.013629 0.030147
0.0 0.545775 0.760785 0.018512 0.028519
0.0 0.679859 0.302802 0.013641 0.031096
0.0 0.615644 0.350490 0.018512 0.028519
0.0 0.523659 0.912522 0.018573 0.033263
0.0 0.647040 0.443256 0.014131 0.031123
0.0 0.258868 0.504948 0.019174 0.041832
0.0 0.626381 0.784846 0.016059 0.028384
0.0 0.270285 0.801090 0.020609 0.039065
0.0 0.670717 0.852684 0.017506 0.026567
0.0 0.338555 0.438366 0.018155 0.038931
0.0 0.296694 0.735062 0.018058 0.031339
0.0 0.694486 0.581200 0.013199 0.034865
0.0 0.525688 0.860179 0.015998 0.023639
0.0 0.423395 0.696286 0.014168 0.033970
0.0 0.685650 0.753574 0.016562 0.029360
0.0 0.287781 0.423588 0.017015 0.026540
