0.0 0.273790 0.784506 0.018261 0.026407
0.0 0.634135 0.781222 0.020897 0.026951
0.0 0.549989 0.874717 0.018554 0.029186
0.0 0.282159 0.276632 0.020098 0.034033
0.0 0.695517 0.446437 0.016367 0.037793
0.0 0.504483 0.994426 0.015761 0.011148
0.0 0.643037 0.883456 0.022402 0.036319
0.0 0.714805 0.675197 0.018085 0.034523
0.0 0.258014 0.313301 0.020781 0.040514
0.0 0.266282 0.795041 0.023554 0.037462
0.0 0.696742 0.695476 0.019570 0.033924
0.0 0.690748 0.720362 0.020702 0.025099
0.0 0.583700 0.936362 0.021952 0.027168
0.0 0.228124 0.665722 0.020254 0.040406
0.0 0.551294 0.818156 0.020897 0.026951
0.0 0.341547 0.609714 0.017129 0.035232
0.0 0.413445 0.269925 0.021718 0.029837
0.0 0.550182 0.998905 0.022050 0.002190
0.0 0.697540 0.835803 0.020527 0.033216
0.0 0.641726 0.304255 0.017031 0.034306
0.0 0.583829 0.284017 0.017559 0.034415
0.0 0.225654 0.517224 0.029511 0.045030
0.0 0.656779 0.748174 0.020370 0.026842
0.0 0.389438 0.874682 0.022577 0.028203
0.0 0.634555 0.948590 0.021874 0.036210
0.0 0.734397 0.551955 0.016113 0.030495
0.0 0.589464 0.817388 0.020332 0.031364
0.0 0.740996 0.703860 0.023164 0.033759
0.0 0.577186 0.208281 0.022871 0.030981
0.0 0.692051 0.451882 0.015254 0.032129
