0 0.640625 0.199537 0.017708 0.039815
0 0.423958 0.934259 0.018750 0.025926
0 0.386458 0.880093 0.016667 0.025000
0 0.288021 0.820833 0.016667 0.026852
0 0.266406 0.760648 0.016146 0.025000
0 0.534115 0.817130 0.019271 0.025000
0 0.442188 0.900463 0.017708 0.023148
0 0.664583 0.670833 0.014583 0.032407
0 0.324740 0.728704 0.016146 0.025926
0 0.691146 0.386574 0.022917 0.034259
0 0.579948 0.849074 0.018229 0.027778
0 0.308594 0.236574 0.014063 0.028704
0 0.491667 0.863889 0.017708 0.029630
0 0.555729 0.950000 0.020833 0.029630
0 0.725521 0.562963 0.016667 0.035185
0 0.485417 0.976389 0.020833 0.025000
0 0.292708 0.340741 0.016667 0.035185
0 0.271615 0.392593 0.014063 0.033333
0 0.703646 0.533333 0.014583 0.038889
0 0.472656 0.869444 0.018229 0.027778
0 0.227865 0.670833 0.016146 0.030556
0 0.283594 0.711111 0.015104 0.029630
0 0.676042 0.490741 0.014583 0.033333
0 0.656771 0.778241 0.017708 0.045370
0 0.373177 0.263426 0.018229 0.028704
0 0.368750 0.708333 0.015625 0.031481
0 0.519010 0.187037 0.020313 0.027778
0 0.397656 0.563426 0.014063 0.037963
0 0.428125 0.924537 0.018750 0.021296
