0.0 0.330726 0.662127 0.011671 0.028825
0.0 0.319516 0.654575 0.015000 0.030971
0.0 0.606867 0.762591 0.021748 0.029451
0.0 0.278873 0.319090 0.022266 0.036339
0.0 0.260369 0.851173 0.021411 0.046028
0.0 0.751514 0.600581 0.018108 0.037207
0.0 0.654104 0.750195 0.021877 0.031173
0.0 0.451894 0.738961 0.020569 0.034835
0.0 0.531774 0.237225 0.020374 0.032252
0.0 0.672990 0.822540 0.028094 0.043647
0.0 0.342950 0.876717 0.019352 0.032685
0.0 0.636645 0.882950 0.022214 0.049685
0.0 0.241308 0.724378 0.020000 0.041295
0.0 0.391752 0.546344 0.022331 0.037199
0.0 0.421197 0.889341 0.022357 0.030526
0.0 0.298936 0.805402 0.020310 0.031391
0.0 0.368220 0.762161 0.020595 0.028161
0.0 0.279618 0.879939 0.019650 0.043663
0.0 0.706257 0.646770 0.017978 0.035485
0.0 0.469369 0.919128 0.025880 0.035256
0.0 0.725589 0.680378 0.019132 0.036775
0.0 0.607852 0.920884 0.019935 0.040433
0.0 0.373688 0.976309 0.022460 0.038921
0.0 0.233419 0.634404 0.020957 0.040001
0.0 0.607208 0.696414 0.021657 0.035264
0.0 0.576226 0.794603 0.021942 0.032034
0.0 0.635161 0.740368 0.016347 0.034843
0.0 0.619955 0.795113 0.016373 0.028170
0.0 0.412452 0.166313 0.016438 0.029031
0.0 0.368666 0.228324 0.020051 0.027947
