0.0 0.761990 0.486856 0.017842 0.032605
0.0 0.677880 0.208071 0.020299 0.035920
0.0 0.730588 0.298138 0.025405 0.045371
0.0 0.751716 0.417070 0.019993 0.039556
0.0 0.288283 0.337798 0.018537 0.034609
0.0 0.780507 0.547203 0.023079 0.043935
0.0 0.368076 0.907109 0.019844 0.029341
0.0 0.274054 0.621909 0.019473 0.032037
0.0 0.256912 0.402874 0.021104 0.031469
0.0 0.440794 0.937930 0.022365 0.033596
0.0 0.574718 0.305574 0.019928 0.038616
0.0 0.785468 0.461198 0.024080 0.042303
0.0 0.718481 0.858006 0.019538 0.032977
0.0 0.769004 0.405649 0.020948 0.045320
0.0 0.277929 0.570013 0.015275 0.035745
0.0 0.435350 0.962976 0.025321 0.036096
0.0 0.726823 0.808472 0.020974 0.029589
0.0 0.795712 0.630222 0.018797 0.038368
0.0 0.713992 0.747356 0.024015 0.041363
0.0 0.611478 0.148197 0.021254 0.041684
0.0 0.359187 0.824139 0.021799 0.033473
0.0 0.771709 0.702269 0.021623 0.038987
0.0 0.577522 0.915128 0.023301 0.031024
0.0 0.322590 0.701440 0.017797 0.040001
0.0 0.346052 0.584189 0.022384 0.041931
0.0 0.383977 0.738560 0.017101 0.037997
0.0 0.564630 0.770063 0.024431 0.031272
0.0 0.602866 0.796034 0.020864 0.036044
0.0 0.530760 0.151093 0.018797 0.038368
