0 0.657292 0.729167 0.013542 0.030556
0 0.526823 0.963889 0.021354 0.022222
0 0.484635 0.861111 0.014063 0.018519
0 0.650000 0.475000 0.014583 0.031481
0 0.662240 0.608796 0.014063 0.030556
0 0.446354 0.869907 0.016667 0.023148
0 0.715625 0.631944 0.014583 0.034259
0 0.578906 0.689815 0.016146 0.027778
0 0.386719 0.922222 0.022396 0.027778
0 0.548177 0.943056 0.016146 0.037963
0 0.249740 0.582870 0.014063 0.034259
0 0.427865 0.783796 0.019271 0.023148
0 0.375521 0.350000 0.016667 0.029630
0 0.229167 0.665741 0.017708 0.031481
0 0.615885 0.751389 0.015104 0.032407
0 0.719271 0.532407 0.016667 0.037037
0 0.319271 0.316667 0.016667 0.031481
0 0.444010 0.723148 0.016146 0.029630
0 0.336719 0.769907 0.016146 0.030556
0 0.668750 0.796759 0.015625 0.036111
0 0.472135 0.668981 0.021354 0.023148
0 0.276302 0.684259 0.015104 0.025926
0 0.572396 0.805556 0.020833 0.031481
0 0.394010 0.098611 0.020313 0.026852
0 0.297917 0.858796 0.016667 0.034259
0 0.533594 0.278704 0.019271 0.029630
0 0.252865 0.747685 0.013021 0.028704
0 0.650521 0.773611 0.017708 0.028704
0 0.626042 0.167130 0.018750 0.034259
0 0.666927 0.293519 0.026562 0.037037
