0.0 0.277002 0.732215 0.015753 0.034264
0.0 0.386788 0.994469 0.022781 0.011062
0.0 0.436467 0.913149 0.015311 0.022458
0.0 0.304349 0.481843 0.016851 0.035484
0.0 0.281684 0.611215 0.016266 0.034415
0.0 0.473446 0.932943 0.018241 0.027808
0.0 0.227304 0.618790 0.017072 0.038243
0.0 0.357275 0.715764 0.018096 0.032257
0.0 0.527989 0.992552 0.024247 0.014897
0.0 0.367424 0.976197 0.018904 0.042374
0.0 0.689738 0.704599 0.016560 0.038093
0.0 0.498477 0.852744 0.020804 0.028560
0.0 0.584420 0.436949 0.018756 0.034247
0.0 0.703410 0.792861 0.019927 0.036386
0.0 0.315993 0.766249 0.017438 0.036554
0.0 0.231615 0.518862 0.019343 0.041605
0.0 0.642428 0.420083 0.018902 0.036086
0.0 0.487399 0.787836 0.018243 0.034096
0.0 0.589288 0.865272 0.018316 0.035016
0.0 0.260361 0.796049 0.018244 0.040384
0.0 0.464016 0.725906 0.022854 0.029162
0.0 0.655549 0.797643 0.016923 0.030116
0.0 0.354498 0.832616 0.023003 0.037289
0.0 0.586171 0.181890 0.022124 0.032540
0.0 0.620424 0.964777 0.019123 0.038845
0.0 0.434497 0.320472 0.021318 0.034999
0.0 0.673583 0.867417 0.015094 0.032274
0.0 0.280140 0.778319 0.019707 0.033628
0.0 0.352360 0.182939 0.021173 0.039447
0.0 0.302090 0.296679 0.029082 0.044463
