0.0 0.609375 0.786111 0.017708 0.020370
0.0 0.361979 0.191667 0.016667 0.033333
0.0 0.710156 0.756481 0.016146 0.031481
0.0 0.737500 0.467593 0.014583 0.031481
0.0 0.286198 0.392130 0.015104 0.036111
0.0 0.586979 0.852778 0.016667 0.020370
0.0 0.450000 0.875926 0.018750 0.031481
0.0 0.689323 0.702778 0.015104 0.035185
0.0 0.739583 0.302778 0.017708 0.033333
0.0 0.623177 0.309722 0.019271 0.023148
0.0 0.447396 0.943056 0.026042 0.036111
0.0 0.744792 0.785648 0.015625 0.026852
0.0 0.598177 0.885648 0.017188 0.023148
0.0 0.394271 0.827315 0.015625 0.026852
0.0 0.765625 0.323148 0.015625 0.031481
0.0 0.627604 0.772685 0.018750 0.026852
0.0 0.422917 0.732870 0.014583 0.032407
0.0 0.732812 0.725926 0.016667 0.027778
0.0 0.728125 0.419444 0.017708 0.033333
0.0 0.330469 0.614815 0.014063 0.033333
0.0 0.319792 0.389815 0.014583 0.033333
0.0 0.718750 0.525926 0.014583 0.031481
0.0 0.466146 0.251389 0.021875 0.034259
0.0 0.782292 0.416204 0.017708 0.032407
0.0 0.621875 0.840741 0.019792 0.027778
0.0 0.304948 0.699074 0.015104 0.038889
0.0 0.522396 0.975463 0.021875 0.028704
0.0 0.660417 0.138426 0.020833 0.028704
0.0 0.482552 0.851389 0.020313 0.019444
0.0 0.429427 0.836111 0.020313 0.022222
