0.0 0.532687 0.832143 0.017407 0.021422
0.0 0.342480 0.243233 0.017237 0.033399
0.0 0.626553 0.818005 0.016650 0.031597
0.0 0.668950 0.551659 0.015222 0.031387
0.0 0.261158 0.420412 0.015977 0.035785
0.0 0.508206 0.891443 0.016456 0.021282
0.0 0.381657 0.894653 0.019029 0.031948
0.0 0.610756 0.765006 0.015921 0.034919
0.0 0.680788 0.397886 0.018189 0.033539
0.0 0.574013 0.388717 0.019003 0.024229
0.0 0.375231 0.957049 0.025970 0.037256
0.0 0.656441 0.849927 0.015895 0.027201
0.0 0.516456 0.923674 0.017099 0.023949
0.0 0.333669 0.841719 0.015895 0.027201
0.0 0.703354 0.420430 0.016174 0.031527
0.0 0.550151 0.822046 0.018750 0.027621
0.0 0.365535 0.757294 0.015277 0.032253
0.0 0.649095 0.792493 0.016903 0.028206
0.0 0.663287 0.505393 0.018189 0.033539
0.0 0.288184 0.634511 0.014858 0.033048
0.0 0.291991 0.422767 0.015333 0.033118
0.0 0.648303 0.603661 0.015222 0.031387
0.0 0.434054 0.313068 0.022052 0.034965
0.0 0.712973 0.509651 0.018133 0.032673
0.0 0.540815 0.884887 0.019758 0.028627
0.0 0.259787 0.709835 0.016144 0.038382
0.0 0.441803 0.991272 0.021717 0.017457
0.0 0.618363 0.233616 0.020765 0.029632
0.0 0.412878 0.876097 0.019731 0.020907
0.0 0.365260 0.854670 0.019899 0.023504
