0.0 0.550671 0.871939 0.016179 0.024795
0.0 0.323206 0.199250 0.015293 0.038248
0.0 0.642078 0.859775 0.014811 0.036200
0.0 0.665581 0.560738 0.013392 0.035905
0.0 0.255297 0.396025 0.013886 0.040878
0.0 0.530636 0.937909 0.015233 0.024598
0.0 0.406320 0.936409 0.017177 0.036692
0.0 0.622906 0.799290 0.013882 0.039903
0.0 0.666711 0.387579 0.016239 0.038445
0.0 0.561007 0.372903 0.017612 0.028015
0.0 0.404264 0.992567 0.023822 0.014866
0.0 0.673674 0.897031 0.014317 0.031227
0.0 0.540959 0.974637 0.015719 0.027622
0.0 0.355474 0.874695 0.014317 0.031227
0.0 0.690461 0.413948 0.014338 0.036101
0.0 0.567167 0.861244 0.017155 0.031817
0.0 0.381058 0.780654 0.013396 0.036880
0.0 0.662516 0.831880 0.015268 0.032399
0.0 0.656843 0.508266 0.016239 0.038445
0.0 0.296539 0.638878 0.012928 0.037756
0.0 0.285801 0.399933 0.013400 0.037855
0.0 0.648819 0.618621 0.013392 0.035905
0.0 0.418101 0.281815 0.020028 0.040207
0.0 0.706030 0.515086 0.016235 0.037470
0.0 0.562278 0.931826 0.018106 0.032989
0.0 0.273746 0.722782 0.013899 0.043804
0.0 0.594043 0.199561 0.019056 0.034161
0.0 0.435775 0.916721 0.018541 0.024312
0.0 0.387448 0.890598 0.018554 0.027237
