0.0 0.373587 0.807466 0.019519 0.029693
0.0 0.396655 0.897212 0.021873 0.033717
0.0 0.740492 0.332409 0.021381 0.033613
0.0 0.362656 0.822685 0.017061 0.029173
0.0 0.732509 0.428047 0.014699 0.029556
0.0 0.444673 0.951177 0.019809 0.032399
0.0 0.341413 0.575114 0.015771 0.035072
0.0 0.714889 0.280412 0.020881 0.037915
0.0 0.324460 0.550315 0.017948 0.028479
0.0 0.454848 0.898437 0.020116 0.026292
0.0 0.678309 0.809583 0.023235 0.041940
0.0 0.456486 0.343433 0.021100 0.026500
0.0 0.392901 0.779721 0.019528 0.025286
0.0 0.545019 0.835848 0.020793 0.032607
0.0 0.379834 0.943934 0.023058 0.031322
0.0 0.279449 0.447170 0.014199 0.033858
0.0 0.508648 0.943016 0.020011 0.029797
0.0 0.413091 0.290905 0.018818 0.036598
0.0 0.322508 0.772688 0.018730 0.031290
0.0 0.582748 0.984739 0.022751 0.030522
0.0 0.494721 0.984913 0.025613 0.030174
0.0 0.419114 0.171329 0.020099 0.035105
0.0 0.281889 0.518257 0.016263 0.035176
0.0 0.443689 0.843036 0.020213 0.027194
0.0 0.677301 0.715736 0.022558 0.035625
0.0 0.292055 0.782398 0.018721 0.035695
0.0 0.473184 0.792994 0.020599 0.030803
0.0 0.650944 0.842085 0.019519 0.029693
0.0 0.616856 0.960806 0.019914 0.028895
0.0 0.390687 0.913017 0.019528 0.025286
