0 0.598437 0.718519 0.014583 0.025926
0 0.674740 0.618981 0.015104 0.028704
0 0.428385 0.942593 0.019271 0.029630
0 0.640104 0.199537 0.030208 0.041667
0 0.360417 0.913889 0.016667 0.024074
0 0.664323 0.224537 0.015104 0.034259
0 0.521094 0.708333 0.020313 0.029630
0 0.667188 0.348611 0.014583 0.034259
0 0.371094 0.875000 0.018229 0.022222
0 0.428906 0.969907 0.020313 0.026852
0 0.537760 0.717593 0.016146 0.037037
0 0.378125 0.307870 0.019792 0.023148
0 0.268229 0.218519 0.014583 0.027778
0 0.667188 0.577778 0.014583 0.035185
0 0.358594 0.768519 0.020313 0.025926
0 0.720052 0.471296 0.020313 0.042593
0 0.461719 0.809722 0.020313 0.028704
0 0.323177 0.885185 0.020313 0.025926
0 0.663542 0.706944 0.017708 0.030556
0 0.308594 0.764352 0.016146 0.028704
0 0.410677 0.835648 0.019271 0.028704
0 0.271094 0.687963 0.014063 0.029630
0 0.447656 0.073148 0.021354 0.035185
0 0.466667 0.973611 0.020833 0.030556
0 0.241927 0.732407 0.013021 0.031481
0 0.658333 0.787037 0.019792 0.027778
0 0.285156 0.262963 0.021354 0.029630
0 0.533854 0.883796 0.019792 0.025000
0 0.563542 0.716667 0.018750 0.025926
