0.0 0.369622 0.804760 0.017692 0.031401
0.0 0.280633 0.737733 0.018508 0.034344
0.0 0.568168 0.956343 0.022921 0.036941
0.0 0.274924 0.311165 0.035455 0.053206
0.0 0.635791 0.900608 0.019669 0.030423
0.0 0.252294 0.345554 0.019060 0.039808
0.0 0.448801 0.763446 0.024001 0.037363
0.0 0.261635 0.468749 0.018519 0.039597
0.0 0.620862 0.866678 0.021105 0.029233
0.0 0.570338 0.983052 0.023725 0.033896
0.0 0.432441 0.779297 0.020415 0.042962
0.0 0.557298 0.311711 0.022818 0.030776
0.0 0.662374 0.179360 0.017876 0.033222
0.0 0.284374 0.694151 0.018611 0.040508
0.0 0.623256 0.756889 0.023633 0.033719
0.0 0.218998 0.610809 0.025287 0.050113
0.0 0.520423 0.839143 0.023909 0.036452
0.0 0.671553 0.857307 0.023633 0.033719
0.0 0.300971 0.819719 0.021392 0.037219
0.0 0.674684 0.732558 0.019589 0.034766
0.0 0.575917 0.843990 0.022829 0.036030
0.0 0.705984 0.642250 0.017521 0.034834
0.0 0.461916 0.108981 0.025631 0.043248
0.0 0.531555 0.991550 0.024632 0.016900
0.0 0.740635 0.674162 0.016624 0.036233
0.0 0.314319 0.896389 0.023277 0.035330
0.0 0.649234 0.229923 0.025080 0.037784
0.0 0.452982 0.941189 0.023001 0.032598
0.0 0.405618 0.788819 0.022013 0.033087
