0 0.641406 0.198148 0.018229 0.040741
0 0.339323 0.858796 0.017188 0.019444
0 0.643490 0.482870 0.015104 0.030556
0 0.672656 0.786574 0.016146 0.026852
0 0.327865 0.826852 0.015104 0.022222
0 0.664583 0.221296 0.017708 0.038889
0 0.342187 0.119907 0.016667 0.028704
0 0.543750 0.913889 0.018750 0.027778
0 0.313021 0.546296 0.019792 0.027778
0 0.256250 0.697685 0.016667 0.032407
0 0.353125 0.767130 0.019792 0.023148
0 0.361719 0.103704 0.020313 0.035185
0 0.433333 0.808796 0.018750 0.023148
0 0.300521 0.872222 0.016667 0.022222
0 0.244271 0.731019 0.014583 0.034259
0 0.578646 0.787963 0.017708 0.022222
0 0.559896 0.869444 0.017708 0.025926
0 0.370052 0.305093 0.020313 0.025000
0 0.685156 0.445833 0.022396 0.045370
0 0.253906 0.629167 0.017188 0.028704
0 0.290885 0.733796 0.016146 0.026852
0 0.431250 0.908796 0.018750 0.023148
0 0.603385 0.843981 0.019271 0.026852
0 0.276823 0.826389 0.016146 0.036111
0 0.352865 0.936111 0.020313 0.025926
0 0.709635 0.406481 0.019271 0.035185
0 0.693229 0.732407 0.015625 0.038889
0 0.285156 0.400926 0.017188 0.031481
0 0.500521 0.866667 0.022917 0.033333
