0.0 0.285970 0.234979 0.021272 0.044049
0.0 0.637476 0.924753 0.018747 0.021371
0.0 0.303516 0.537679 0.017404 0.033096
0.0 0.294948 0.861665 0.018204 0.029202
0.0 0.646873 0.890332 0.016829 0.024238
0.0 0.264098 0.260532 0.020616 0.042059
0.0 0.583565 0.139548 0.018859 0.031191
0.0 0.434271 0.988274 0.020904 0.023453
0.0 0.642536 0.591536 0.021960 0.030336
0.0 0.710475 0.750110 0.019115 0.035127
0.0 0.617171 0.827893 0.021640 0.025415
0.0 0.562668 0.123128 0.022999 0.038229
0.0 0.538827 0.875467 0.020585 0.025372
0.0 0.677694 0.937431 0.018412 0.024302
0.0 0.724906 0.785047 0.017132 0.037010
0.0 0.390241 0.859285 0.019466 0.024345
0.0 0.414853 0.945118 0.019721 0.028282
0.0 0.568133 0.337514 0.022295 0.027404
0.0 0.258767 0.500024 0.025811 0.049140
0.0 0.708118 0.677190 0.019387 0.031213
0.0 0.677896 0.789911 0.018204 0.029202
0.0 0.547840 0.981666 0.020585 0.025372
0.0 0.369057 0.919838 0.021368 0.029330
0.0 0.698527 0.887746 0.018843 0.039043
0.0 0.629100 0.996644 0.022359 0.006712
0.0 0.231262 0.459203 0.021943 0.038187
0.0 0.270376 0.804938 0.018507 0.041974
0.0 0.660717 0.435887 0.019578 0.034164
0.0 0.474786 0.939731 0.025508 0.036368
