0.0 0.679753 0.552618 0.017053 0.023415
0.0 0.577012 0.949840 0.015320 0.020369
0.0 0.588462 0.225533 0.016581 0.025045
0.0 0.707454 0.298522 0.021014 0.041856
0.0 0.748319 0.372722 0.015095 0.028172
0.0 0.480390 0.987899 0.020379 0.024202
0.0 0.626682 0.222048 0.017089 0.024297
0.0 0.628421 0.698919 0.020767 0.035682
0.0 0.761214 0.721435 0.017406 0.032234
0.0 0.730456 0.319335 0.020401 0.039958
0.0 0.493940 0.978773 0.020450 0.027746
0.0 0.560789 0.991429 0.023339 0.017141
0.0 0.464562 0.891377 0.015095 0.028172
0.0 0.343291 0.690477 0.020732 0.034800
0.0 0.756738 0.566266 0.021416 0.038462
0.0 0.412851 0.328264 0.019907 0.027612
0.0 0.351671 0.316733 0.017336 0.030471
0.0 0.386656 0.222951 0.019576 0.032770
0.0 0.664432 0.873889 0.018893 0.029108
0.0 0.317715 0.371141 0.016356 0.032849
0.0 0.435610 0.231910 0.021782 0.034187
0.0 0.777409 0.570029 0.021381 0.037580
0.0 0.294109 0.652965 0.014799 0.034210
0.0 0.778058 0.677055 0.019070 0.033518
0.0 0.261641 0.677016 0.017724 0.040171
0.0 0.505817 0.866823 0.022078 0.028148
0.0 0.613889 0.795076 0.022113 0.029030
0.0 0.681576 0.931551 0.022690 0.030045
0.0 0.621523 0.980857 0.022620 0.028281
0.0 0.580800 0.156851 0.016722 0.028573
