0.0 0.283483 0.521941 0.011444 0.030355
0.0 0.671152 0.235069 0.016559 0.035414
0.0 0.295673 0.536436 0.015040 0.034355
0.0 0.498785 0.973380 0.017222 0.026332
0.0 0.535279 0.993530 0.018739 0.012939
0.0 0.696977 0.743203 0.018870 0.031062
0.0 0.335887 0.542740 0.017647 0.038262
0.0 0.708407 0.764216 0.016395 0.030826
0.0 0.749974 0.655290 0.017218 0.040050
0.0 0.393430 0.484780 0.019562 0.036615
0.0 0.282846 0.608558 0.013985 0.032426
0.0 0.539692 0.191404 0.020687 0.026661
0.0 0.374833 0.374210 0.016890 0.030874
0.0 0.619158 0.838542 0.017091 0.022661
0.0 0.344734 0.254605 0.014116 0.036097
0.0 0.717138 0.646903 0.019726 0.041203
0.0 0.469921 0.867469 0.021808 0.030427
0.0 0.752996 0.538059 0.018506 0.034685
0.0 0.386707 0.902088 0.017716 0.026379
0.0 0.742561 0.781686 0.018109 0.037391
0.0 0.509440 0.937836 0.018179 0.025508
0.0 0.585369 0.476194 0.022303 0.030474
0.0 0.467850 0.614443 0.021079 0.037674
0.0 0.535736 0.853383 0.019366 0.031109
0.0 0.541261 0.130941 0.011313 0.026684
0.0 0.728940 0.636573 0.009599 0.020119
0.0 0.454905 0.864293 0.015867 0.029862
