0 0.641927 0.198611 0.017188 0.039815
0 0.701823 0.636111 0.016146 0.035185
0 0.542708 0.851852 0.017708 0.024074
0 0.253385 0.658796 0.015104 0.026852
0 0.366667 0.884722 0.019792 0.026852
0 0.318229 0.875000 0.018750 0.029630
0 0.298438 0.860648 0.020833 0.036111
0 0.566146 0.158333 0.018750 0.024074
0 0.320573 0.310648 0.019271 0.025000
0 0.642448 0.780093 0.017188 0.032407
0 0.607552 0.692593 0.016146 0.033333
0 0.447396 0.894444 0.017708 0.024074
0 0.245052 0.527778 0.015104 0.033333
0 0.394010 0.102315 0.019271 0.026852
0 0.297396 0.700000 0.017708 0.033333
0 0.615885 0.876389 0.018229 0.036111
0 0.306771 0.630556 0.017708 0.025926
0 0.267708 0.389815 0.015625 0.037037
0 0.683854 0.607407 0.019792 0.035185
0 0.468750 0.663889 0.020833 0.029630
0 0.267969 0.816667 0.016146 0.033333
0 0.704167 0.376389 0.023958 0.028704
0 0.535677 0.917130 0.014063 0.037963
0 0.402604 0.845833 0.021875 0.028704
0 0.511458 0.799537 0.019792 0.032407
0 0.289844 0.836111 0.011979 0.020370
0 0.326562 0.850463 0.020833 0.028704
0 0.511458 0.081944 0.014583 0.032407
