0.0 0.294181 0.242433 0.019031 0.043316
0.0 0.255786 0.708767 0.017770 0.038350
0.0 0.424556 0.924633 0.018786 0.026737
0.0 0.703072 0.699214 0.016329 0.029475
0.0 0.601306 0.946181 0.020994 0.029826
0.0 0.649030 0.932299 0.020092 0.032680
0.0 0.668026 0.915670 0.022478 0.039678
0.0 0.367630 0.194251 0.019822 0.026815
0.0 0.619351 0.336701 0.020386 0.027832
0.0 0.321840 0.856330 0.018672 0.035495
0.0 0.352321 0.761351 0.017680 0.036395
0.0 0.521454 0.962476 0.018786 0.026737
0.0 0.705014 0.560278 0.016643 0.036317
0.0 0.536187 0.122255 0.020475 0.029787
0.0 0.661278 0.746000 0.019234 0.036512
0.0 0.352936 0.956003 0.019887 0.039483
0.0 0.648585 0.673389 0.018875 0.028692
0.0 0.675786 0.416326 0.017341 0.040266
0.0 0.272274 0.677122 0.021398 0.038623
0.0 0.489035 0.720679 0.022164 0.032836
0.0 0.696211 0.866964 0.017680 0.036395
0.0 0.240868 0.434759 0.025229 0.032092
0.0 0.434715 0.986228 0.015832 0.027544
0.0 0.563665 0.907812 0.023156 0.031936
0.0 0.453114 0.867070 0.021263 0.035690
0.0 0.675388 0.889125 0.012906 0.022399
0.0 0.639550 0.907019 0.022119 0.031859
0.0 0.418341 0.109524 0.016080 0.035301
