0.0 0.696745 0.285048 0.016780 0.031092
0.0 0.714578 0.612243 0.013080 0.026512
0.0 0.592131 0.859529 0.017994 0.022848
0.0 0.302163 0.685632 0.015614 0.026782
0.0 0.677096 0.761408 0.014125 0.027460
0.0 0.614380 0.939952 0.022000 0.035834
0.0 0.579673 0.887316 0.017335 0.018592
0.0 0.508871 0.799193 0.018116 0.026211
0.0 0.453855 0.787429 0.015845 0.019270
0.0 0.480000 0.740005 0.015352 0.033452
0.0 0.694108 0.755202 0.017379 0.033668
0.0 0.688681 0.680790 0.018178 0.027892
0.0 0.754423 0.440124 0.018514 0.037138
0.0 0.640659 0.253763 0.020389 0.033151
0.0 0.617959 0.283412 0.014448 0.022471
0.0 0.570197 0.944953 0.020082 0.024745
0.0 0.552005 0.816020 0.019991 0.022223
0.0 0.382313 0.328786 0.018776 0.030467
0.0 0.761349 0.613002 0.018637 0.040500
0.0 0.679182 0.578519 0.021218 0.028216
0.0 0.693962 0.829022 0.020082 0.024745
0.0 0.384253 0.645429 0.020236 0.028948
0.0 0.294830 0.761218 0.016903 0.034454
0.0 0.361781 0.382715 0.019191 0.028000
0.0 0.416622 0.908774 0.019484 0.022169
0.0 0.379277 0.886657 0.020773 0.029843
0.0 0.601204 0.924627 0.013311 0.019000
0.0 0.615230 0.923588 0.018116 0.026211
0.0 0.420415 0.902428 0.018470 0.022061
