0.0 0.294180 0.321441 0.017618 0.034842
0.0 0.303456 0.653809 0.013913 0.029398
0.0 0.435532 0.870784 0.018062 0.027040
0.0 0.688685 0.623517 0.016223 0.030306
0.0 0.349653 0.793849 0.014932 0.030596
0.0 0.421374 0.956976 0.022709 0.040831
0.0 0.449176 0.895492 0.017130 0.022687
0.0 0.507404 0.789359 0.018439 0.030379
0.0 0.557102 0.763718 0.015837 0.022975
0.0 0.529323 0.722778 0.016514 0.036801
0.0 0.333513 0.791914 0.018363 0.037527
0.0 0.332665 0.715979 0.018627 0.032049
0.0 0.253282 0.491363 0.019663 0.041229
0.0 0.343330 0.275969 0.021040 0.037783
0.0 0.366544 0.299965 0.014829 0.025769
0.0 0.462419 0.950864 0.020099 0.029437
0.0 0.469037 0.817081 0.019816 0.026933
0.0 0.586926 0.286105 0.019372 0.034733
0.0 0.260481 0.666346 0.020039 0.044568
0.0 0.333377 0.611103 0.021399 0.033138
0.0 0.339442 0.865851 0.020099 0.029437
0.0 0.609996 0.603898 0.020570 0.033610
0.0 0.701365 0.697415 0.017995 0.038180
0.0 0.610051 0.334977 0.019551 0.032412
0.0 0.600885 0.875943 0.019354 0.026751
0.0 0.633511 0.844377 0.021126 0.034626
0.0 0.432294 0.938302 0.013528 0.022067
0.0 0.419307 0.940792 0.018439 0.030379
0.0 0.596898 0.870538 0.018430 0.026388
