0 0.608594 0.174537 0.010937 0.023148
0 0.639323 0.193056 0.015104 0.030556
0 0.604167 0.780556 0.015625 0.025926
0 0.271615 0.761574 0.014063 0.028704
0 0.691927 0.660648 0.017188 0.039815
0 0.373958 0.746296 0.019792 0.031481
0 0.398698 0.150463 0.017188 0.032407
0 0.272656 0.732870 0.016146 0.028704
0 0.303646 0.744907 0.015625 0.025000
0 0.692969 0.697222 0.017188 0.037037
0 0.288802 0.257407 0.018229 0.031481
0 0.645833 0.734722 0.019792 0.034259
0 0.429948 0.901852 0.018229 0.020370
0 0.408854 0.926389 0.017708 0.021296
0 0.284115 0.334259 0.013021 0.033333
0 0.407292 0.958333 0.017708 0.025926
0 0.228385 0.353241 0.015104 0.034259
0 0.664844 0.483796 0.016146 0.039815
0 0.234635 0.579630 0.015104 0.033333
0 0.703125 0.405556 0.017708 0.040741
0 0.718229 0.626389 0.014583 0.037963
0 0.427865 0.093056 0.020313 0.032407
0 0.310417 0.381019 0.017708 0.034259
0 0.600000 0.911574 0.019792 0.025000
0 0.294531 0.355556 0.011979 0.020370
0 0.686198 0.700926 0.013021 0.035185
0 0.678646 0.599074 0.014583 0.031481
