0.0 0.399076 0.285822 0.021338 0.036792
0.0 0.418723 0.811001 0.017385 0.034531
0.0 0.715238 0.613496 0.017351 0.033689
0.0 0.520634 0.951555 0.021068 0.030050
0.0 0.715327 0.587383 0.015146 0.033721
0.0 0.287682 0.326558 0.016758 0.032644
0.0 0.650648 0.178543 0.019456 0.031128
0.0 0.466164 0.875068 0.019625 0.035342
0.0 0.236482 0.692676 0.019234 0.039354
0.0 0.668791 0.184805 0.015740 0.034767
0.0 0.597552 0.766387 0.019659 0.036185
0.0 0.708684 0.535062 0.016401 0.037498
0.0 0.242854 0.497549 0.023814 0.043503
0.0 0.667870 0.345894 0.021271 0.035108
0.0 0.711915 0.360738 0.017419 0.035374
0.0 0.548293 0.841074 0.019287 0.026914
0.0 0.278969 0.760673 0.020387 0.040602
0.0 0.560510 0.947386 0.021628 0.030253
0.0 0.581101 0.915566 0.023476 0.035075
0.0 0.459006 0.930246 0.021000 0.028364
0.0 0.598791 0.641523 0.020880 0.039118
0.0 0.436677 0.890441 0.018742 0.040837
0.0 0.217673 0.662714 0.019167 0.037668
0.0 0.365222 0.956913 0.024934 0.043908
0.0 0.581887 0.333398 0.022815 0.032344
0.0 0.236592 0.815769 0.019862 0.041242
0.0 0.673397 0.242994 0.018761 0.027554
0.0 0.621016 0.869912 0.020508 0.029847
0.0 0.344299 0.279564 0.015436 0.027181
