0 0.638542 0.193981 0.017708 0.032407
0 0.598177 0.759259 0.016146 0.027778
0 0.392708 0.862037 0.017708 0.027778
0 0.672135 0.342593 0.015104 0.031481
0 0.620573 0.898148 0.021354 0.025926
0 0.586198 0.842593 0.017188 0.024074
0 0.347656 0.787500 0.017188 0.025000
0 0.394271 0.878704 0.013542 0.024074
0 0.305208 0.382870 0.015625 0.032407
0 0.473698 0.923611 0.022396 0.030556
0 0.278906 0.385648 0.015104 0.028704
0 0.591667 0.728241 0.015625 0.026852
0 0.373437 0.892593 0.018750 0.025926
0 0.227344 0.500463 0.016146 0.028704
0 0.643229 0.731019 0.017708 0.028704
0 0.275781 0.683796 0.013021 0.032407
0 0.328385 0.250926 0.018229 0.035185
0 0.229948 0.587037 0.013021 0.031481
0 0.626823 0.873611 0.022396 0.026852
0 0.671094 0.610185 0.017188 0.037037
0 0.348698 0.465741 0.014063 0.035185
0 0.243229 0.713426 0.015625 0.036111
0 0.651302 0.827315 0.019271 0.025000
0 0.433594 0.959259 0.020313 0.025926
0 0.309375 0.839352 0.017708 0.030556
0 0.508594 0.184259 0.018229 0.033333
0 0.559896 0.375463 0.020833 0.026852
0 0.333854 0.712037 0.014583 0.033333
0 0.629948 0.706481 0.016146 0.027778
