0.0 0.679688 0.872685 0.019792 0.028704
0.0 0.688802 0.826852 0.017188 0.022222
0.0 0.341406 0.723611 0.017188 0.032407
0.0 0.359896 0.194907 0.018750 0.037963
0.0 0.328646 0.346759 0.015625 0.034259
0.0 0.355729 0.392593 0.016667 0.031481
0.0 0.527344 0.914815 0.015104 0.018519
0.0 0.555208 0.596296 0.016667 0.024074
0.0 0.320833 0.780556 0.019792 0.038889
0.0 0.457292 0.427778 0.017708 0.027778
0.0 0.728646 0.718981 0.017708 0.028704
0.0 0.696875 0.299537 0.015625 0.030556
0.0 0.339323 0.787037 0.019271 0.044444
0.0 0.502865 0.967593 0.022396 0.029630
0.0 0.694010 0.356944 0.018229 0.030556
0.0 0.656250 0.919907 0.019792 0.026852
0.0 0.776302 0.436574 0.013021 0.030556
0.0 0.435677 0.873148 0.017188 0.022222
0.0 0.637240 0.873148 0.018229 0.024074
0.0 0.331771 0.651389 0.016667 0.036111
0.0 0.772396 0.547685 0.013542 0.032407
0.0 0.725521 0.825926 0.016667 0.031481
0.0 0.689063 0.559722 0.017708 0.032407
0.0 0.546354 0.071759 0.021875 0.034259
0.0 0.402604 0.761574 0.018750 0.025000
0.0 0.730208 0.232407 0.018750 0.029630
0.0 0.753125 0.621759 0.014583 0.032407
0.0 0.466667 0.713426 0.019792 0.026852
0.0 0.778646 0.631944 0.013542 0.034259
0.0 0.528125 0.928704 0.018750 0.018519
