0.0 0.588923 0.843465 0.019357 0.028624
0.0 0.346420 0.856428 0.017977 0.024207
0.0 0.707162 0.527445 0.016180 0.034658
0.0 0.270025 0.658762 0.017569 0.032433
0.0 0.328235 0.242291 0.018495 0.030950
0.0 0.329468 0.742423 0.018301 0.028421
0.0 0.734294 0.679748 0.020541 0.030512
0.0 0.310393 0.753734 0.022200 0.025016
0.0 0.657379 0.733001 0.020476 0.029669
0.0 0.219375 0.568661 0.019670 0.039479
0.0 0.571086 0.866559 0.020282 0.027140
0.0 0.375129 0.848674 0.023050 0.029331
0.0 0.740943 0.648951 0.017569 0.032433
0.0 0.235899 0.660346 0.024882 0.039648
0.0 0.608439 0.795034 0.021069 0.030613
0.0 0.241707 0.574223 0.023170 0.037659
0.0 0.718497 0.477447 0.016051 0.032972
0.0 0.287146 0.463625 0.020457 0.042952
0.0 0.630204 0.239442 0.019819 0.027882
0.0 0.672902 0.481965 0.018754 0.034321
0.0 0.412312 0.639848 0.020735 0.033039
0.0 0.616530 0.312939 0.023373 0.033545
0.0 0.329387 0.910893 0.017892 0.036647
0.0 0.374693 0.955497 0.021726 0.032399
0.0 0.350828 0.715300 0.022329 0.026702
0.0 0.554269 0.799619 0.018366 0.029264
0.0 0.529743 0.826135 0.018968 0.023566
0.0 0.541706 0.352908 0.021995 0.029129
0.0 0.582673 0.830721 0.014154 0.021813
