0.0 0.744536 0.591118 0.018942 0.035471
0.0 0.681084 0.351915 0.016468 0.025152
0.0 0.276386 0.392578 0.014974 0.029655
0.0 0.686919 0.255516 0.017827 0.034469
0.0 0.273606 0.610907 0.013996 0.033273
0.0 0.778893 0.579284 0.016904 0.039936
0.0 0.299527 0.450940 0.016577 0.028848
0.0 0.261147 0.611398 0.015219 0.037971
0.0 0.662296 0.845716 0.020490 0.032815
0.0 0.573702 0.811255 0.019647 0.022613
0.0 0.745764 0.494851 0.020599 0.036512
0.0 0.377716 0.169313 0.013941 0.031426
0.0 0.765712 0.536848 0.022557 0.047716
0.0 0.334060 0.766910 0.017120 0.028887
0.0 0.337983 0.872306 0.022175 0.034780
0.0 0.597063 0.904671 0.020979 0.031007
0.0 0.333393 0.587984 0.019078 0.040091
0.0 0.253762 0.508061 0.018289 0.031737
0.0 0.263150 0.357515 0.018833 0.031776
0.0 0.516522 0.995163 0.022039 0.009674
0.0 0.711261 0.703995 0.019375 0.031814
0.0 0.514253 0.827288 0.021441 0.028274
0.0 0.407601 0.787385 0.023125 0.030239
0.0 0.612301 0.995813 0.022636 0.008375
0.0 0.374482 0.813600 0.018180 0.028040
0.0 0.466531 0.726135 0.020897 0.028235
0.0 0.352401 0.432593 0.021414 0.027350
0.0 0.512470 0.959936 0.024158 0.028468
0.0 0.658181 0.853259 0.018289 0.031737
0.0 0.656607 0.707922 0.017990 0.021572
