0 0.641146 0.186574 0.021875 0.028704
0 0.325000 0.791204 0.019792 0.026852
0 0.268750 0.502778 0.013542 0.031481
0 0.390625 0.647222 0.014583 0.022222
0 0.623177 0.274537 0.014063 0.021296
0 0.309896 0.750000 0.017708 0.024074
0 0.605469 0.650000 0.014063 0.025926
0 0.713802 0.609722 0.018229 0.041667
0 0.350260 0.774537 0.017188 0.028704
0 0.380990 0.839815 0.019271 0.022222
0 0.406250 0.630093 0.014583 0.028704
0 0.696094 0.350463 0.018229 0.039815
0 0.278125 0.450463 0.015625 0.034259
0 0.651302 0.518056 0.017188 0.030556
0 0.345573 0.923611 0.019271 0.023148
0 0.662240 0.778704 0.016146 0.029630
0 0.371615 0.711111 0.016146 0.031481
0 0.641667 0.664815 0.017708 0.031481
0 0.669010 0.729167 0.017188 0.026852
0 0.496354 0.950463 0.022917 0.028704
0 0.221615 0.443056 0.014063 0.034259
0 0.271615 0.715741 0.017188 0.031481
0 0.559115 0.559722 0.018229 0.028704
0 0.296094 0.694444 0.019271 0.025926
0 0.220052 0.582407 0.014063 0.033333
0 0.404948 0.073611 0.018229 0.026852
0 0.392708 0.162037 0.017708 0.025926
0 0.420833 0.166667 0.012500 0.027778
0 0.466406 0.933333 0.019271 0.022222
0 0.252865 0.588426 0.014063 0.032407
