0.0 0.684502 0.251096 0.020411 0.034596
0.0 0.327273 0.644430 0.013028 0.028314
0.0 0.667059 0.283197 0.015143 0.030377
0.0 0.339283 0.697913 0.014146 0.032158
0.0 0.539103 0.134066 0.021528 0.038440
0.0 0.457983 0.972046 0.019274 0.029815
0.0 0.644571 0.431326 0.019713 0.026112
0.0 0.339410 0.594070 0.014665 0.032205
0.0 0.330306 0.213852 0.018795 0.031643
0.0 0.527548 0.907243 0.019274 0.029815
0.0 0.481174 0.905847 0.017638 0.025924
0.0 0.716439 0.548241 0.019952 0.037361
0.0 0.760512 0.477854 0.017618 0.024987
0.0 0.261395 0.492503 0.017378 0.038064
0.0 0.435778 0.901733 0.019274 0.029815
0.0 0.615284 0.649478 0.019314 0.031690
0.0 0.302088 0.397015 0.017817 0.034361
0.0 0.399928 0.176188 0.017678 0.027799
0.0 0.695979 0.804151 0.021050 0.040268
0.0 0.376258 0.695649 0.013587 0.030236
0.0 0.643559 0.664204 0.021428 0.033752
0.0 0.413580 0.734117 0.017398 0.039001
0.0 0.579405 0.959659 0.018395 0.037220
0.0 0.448247 0.781701 0.019254 0.028878
0.0 0.303951 0.582437 0.017698 0.028737
0.0 0.303292 0.746578 0.013686 0.034922
0.0 0.498345 0.897579 0.019055 0.019504
0.0 0.463828 0.990124 0.016521 0.019753
0.0 0.752431 0.487413 0.023964 0.031176
