0 0.440885 0.935185 0.017188 0.020370
0 0.639062 0.194907 0.019792 0.036111
0 0.655469 0.672685 0.018229 0.023148
0 0.292969 0.616667 0.014063 0.027778
0 0.524479 0.931481 0.019792 0.025926
0 0.520573 0.954630 0.017188 0.022222
0 0.386458 0.945370 0.019792 0.027778
0 0.345052 0.119444 0.019271 0.025926
0 0.477865 0.125000 0.021354 0.035185
0 0.688542 0.668056 0.015625 0.034259
0 0.271094 0.529167 0.017188 0.039815
0 0.385677 0.839352 0.019271 0.026852
0 0.472135 0.937963 0.019271 0.029630
0 0.331250 0.469444 0.017708 0.033333
0 0.436979 0.865278 0.014583 0.030556
0 0.693490 0.584722 0.020313 0.041667
0 0.657031 0.829630 0.018229 0.024074
0 0.213802 0.562963 0.014063 0.033333
0 0.272917 0.669444 0.013542 0.029630
0 0.229427 0.472685 0.014063 0.032407
0 0.271875 0.738889 0.017708 0.029630
0 0.325260 0.911111 0.017188 0.031481
0 0.529948 0.637500 0.019271 0.026852
0 0.321615 0.701852 0.013021 0.033333
0 0.320312 0.224537 0.019792 0.026852
0 0.484115 0.885185 0.019271 0.025926
0 0.438542 0.772685 0.020833 0.025000
0 0.588021 0.760185 0.018750 0.024074
0 0.590104 0.909259 0.019792 0.031481
0 0.298958 0.780556 0.017708 0.024074
