0.0 0.526052 0.996843 0.018460 0.006313
0.0 0.295821 0.245594 0.021692 0.041681
0.0 0.295308 0.758804 0.019631 0.027583
0.0 0.667922 0.642419 0.015486 0.031882
0.0 0.439554 0.999794 0.021341 0.000412
0.0 0.582638 0.995963 0.021405 0.008074
0.0 0.597001 0.119103 0.020803 0.030714
0.0 0.459967 0.145747 0.023274 0.040935
0.0 0.260977 0.759013 0.017323 0.039052
0.0 0.687513 0.545488 0.019129 0.045234
0.0 0.579797 0.894879 0.020835 0.031704
0.0 0.493860 0.998209 0.020931 0.003583
0.0 0.623304 0.491034 0.019443 0.038387
0.0 0.527683 0.930587 0.016119 0.034932
0.0 0.252998 0.670716 0.022421 0.047701
0.0 0.299095 0.926791 0.019663 0.028572
0.0 0.747871 0.572678 0.015677 0.037819
0.0 0.690456 0.695701 0.015011 0.033780
0.0 0.728621 0.478624 0.015645 0.036829
0.0 0.693922 0.769762 0.019316 0.034429
0.0 0.644690 0.962156 0.018842 0.036327
0.0 0.423788 0.701630 0.020835 0.031704
0.0 0.641256 0.737931 0.014600 0.037656
0.0 0.626179 0.227570 0.021373 0.031785
0.0 0.479666 0.959212 0.020803 0.030714
0.0 0.522882 0.831866 0.022385 0.029968
0.0 0.368007 0.841810 0.020201 0.028653
0.0 0.370985 0.991550 0.021533 0.016901
0.0 0.667373 0.818518 0.019125 0.028491
