0 0.293490 0.318519 0.016146 0.029630
0 0.245573 0.714815 0.013021 0.027778
0 0.639583 0.194444 0.015625 0.033333
0 0.229427 0.571296 0.016146 0.025926
0 0.216146 0.554167 0.013542 0.032407
0 0.361719 0.218981 0.020313 0.026852
0 0.285938 0.390278 0.015625 0.032407
0 0.615625 0.839815 0.016667 0.031481
0 0.233073 0.713889 0.015104 0.037037
0 0.597396 0.807407 0.017708 0.031481
0 0.342448 0.818056 0.018229 0.023148
0 0.358854 0.270833 0.018750 0.032407
0 0.670052 0.388426 0.020313 0.030556
0 0.270052 0.481944 0.019271 0.028704
0 0.508333 0.406944 0.019792 0.026852
0 0.210938 0.505093 0.019792 0.028704
0 0.366406 0.589352 0.019271 0.034259
0 0.290625 0.781481 0.018750 0.031481
0 0.303385 0.635648 0.014063 0.030556
0 0.632031 0.867593 0.020313 0.040741
0 0.658854 0.641667 0.015625 0.033333
0 0.521615 0.912037 0.018229 0.024074
0 0.524479 0.711111 0.016667 0.040741
0 0.477344 0.094907 0.022396 0.026852
0 0.417969 0.960185 0.020313 0.027778
0 0.404427 0.483796 0.016146 0.034259
0 0.225000 0.540741 0.014583 0.025926
0 0.372396 0.811111 0.016667 0.024074
0 0.363542 0.832407 0.013542 0.018519
