0.0 0.418174 0.782103 0.013461 0.028245
0.0 0.566157 0.781616 0.016513 0.028383
0.0 0.705358 0.260677 0.017871 0.033793
0.0 0.407060 0.800431 0.016681 0.023041
0.0 0.297432 0.490172 0.018265 0.024004
0.0 0.646005 0.865920 0.018435 0.026687
0.0 0.302717 0.792579 0.016343 0.025701
0.0 0.551971 0.776043 0.017869 0.025770
0.0 0.615240 0.916536 0.020810 0.032143
0.0 0.310371 0.611803 0.018210 0.031134
0.0 0.650121 0.801100 0.016683 0.031065
0.0 0.318041 0.872624 0.019452 0.026733
0.0 0.279374 0.686169 0.017531 0.028429
0.0 0.694367 0.747058 0.015496 0.028337
0.0 0.351451 0.262175 0.017079 0.029300
0.0 0.266927 0.524660 0.018773 0.024027
0.0 0.729021 0.534774 0.018437 0.034710
0.0 0.431177 0.874597 0.019168 0.022262
0.0 0.616726 0.957401 0.022334 0.024188
0.0 0.744970 0.705409 0.016740 0.031959
0.0 0.352612 0.750001 0.016629 0.038195
0.0 0.680224 0.885399 0.020865 0.025013
0.0 0.425901 0.439487 0.018551 0.036499
0.0 0.503448 0.861274 0.020470 0.026779
0.0 0.763558 0.633620 0.017703 0.039135
0.0 0.311172 0.478688 0.014192 0.015797
0.0 0.320801 0.608239 0.012725 0.024646
0.0 0.338932 0.856980 0.017133 0.022170
0.0 0.352410 0.865659 0.016852 0.025724
