0.0 0.326716 0.836032 0.016410 0.032444
0.0 0.335295 0.854867 0.018442 0.026637
0.0 0.323489 0.640641 0.016709 0.035950
0.0 0.619832 0.963219 0.020410 0.026023
0.0 0.772712 0.626857 0.019999 0.038973
0.0 0.491292 0.882252 0.019750 0.024205
0.0 0.351317 0.233941 0.021220 0.029595
0.0 0.737411 0.400584 0.024011 0.038621
0.0 0.588538 0.732444 0.020049 0.027711
0.0 0.540051 0.914979 0.019750 0.024205
0.0 0.768351 0.712030 0.019388 0.025892
0.0 0.398803 0.887917 0.017581 0.034328
0.0 0.327106 0.492215 0.017943 0.032641
0.0 0.704103 0.861147 0.019837 0.031151
0.0 0.555802 0.830118 0.021657 0.028784
0.0 0.395696 0.736367 0.017506 0.033452
0.0 0.434161 0.805855 0.022018 0.027096
0.0 0.698680 0.794507 0.016560 0.034197
0.0 0.459400 0.250639 0.021657 0.028784
0.0 0.598581 0.941137 0.024286 0.029988
0.0 0.532922 0.252724 0.016846 0.031633
0.0 0.560028 0.788819 0.016995 0.033386
0.0 0.717512 0.660963 0.021731 0.029660
0.0 0.301974 0.651818 0.015825 0.031502
0.0 0.301369 0.472038 0.015887 0.026310
0.0 0.407347 0.851823 0.012161 0.024098
0.0 0.596971 0.976784 0.021495 0.020961
0.0 0.614479 0.876191 0.026392 0.025057
0.0 0.620672 0.888244 0.023551 0.027293
0.0 0.663288 0.239984 0.023438 0.043749
