0 0.462760 0.910648 0.018229 0.023148
0 0.639844 0.187963 0.021354 0.031481
0 0.423958 0.930556 0.018750 0.025926
0 0.653906 0.376852 0.011979 0.029630
0 0.549479 0.895370 0.015625 0.022222
0 0.312240 0.728241 0.015104 0.025000
0 0.389062 0.724537 0.019792 0.023148
0 0.287500 0.686574 0.015625 0.032407
0 0.431250 0.708796 0.018750 0.028704
0 0.269271 0.404167 0.012500 0.032407
0 0.685677 0.386574 0.020313 0.032407
0 0.242708 0.633333 0.014583 0.031481
0 0.418229 0.753704 0.020833 0.031481
0 0.503125 0.291204 0.020833 0.028704
0 0.398177 0.921759 0.023438 0.034259
0 0.214844 0.589815 0.015104 0.031481
0 0.498437 0.798611 0.015625 0.032407
0 0.578906 0.561574 0.016146 0.028704
0 0.566146 0.677315 0.021875 0.036111
0 0.308854 0.888889 0.018750 0.024074
0 0.668490 0.538426 0.014063 0.037963
0 0.295573 0.330556 0.017188 0.029630
0 0.395573 0.829167 0.020313 0.030556
0 0.528385 0.937963 0.019271 0.027778
0 0.309635 0.793981 0.015104 0.030556
0 0.301823 0.227315 0.020313 0.028704
0 0.467969 0.663889 0.014063 0.022222
0 0.514323 0.915741 0.015104 0.022222
0 0.595052 0.530093 0.014063 0.026852
0 0.636458 0.379167 0.019792 0.032407
