0.0 0.301450 0.312554 0.017225 0.030880
0.0 0.629283 0.373721 0.015253 0.030491
0.0 0.707415 0.744426 0.017469 0.039256
0.0 0.523936 0.892660 0.014664 0.023712
0.0 0.609885 0.661102 0.019543 0.029672
0.0 0.572789 0.817091 0.021737 0.032603
0.0 0.647076 0.362023 0.016806 0.031630
0.0 0.303739 0.808969 0.020604 0.030714
0.0 0.679973 0.411556 0.014981 0.032935
0.0 0.594564 0.692565 0.017866 0.032672
0.0 0.326417 0.671768 0.016658 0.029936
0.0 0.245381 0.587776 0.021635 0.042577
0.0 0.374329 0.870890 0.015525 0.028047
0.0 0.614665 0.254650 0.017645 0.030130
0.0 0.393260 0.730980 0.017497 0.028436
0.0 0.597247 0.815714 0.021295 0.027519
0.0 0.631698 0.903293 0.019594 0.024685
0.0 0.662138 0.665016 0.018433 0.033616
0.0 0.569692 0.340227 0.017152 0.030033
0.0 0.456918 0.955437 0.020309 0.027324
0.0 0.560042 0.745484 0.016115 0.034825
0.0 0.717251 0.520124 0.017225 0.030880
0.0 0.582196 0.553227 0.016607 0.034922
0.0 0.387062 0.948101 0.021664 0.031756
0.0 0.542735 0.557995 0.017866 0.032672
0.0 0.639645 0.391930 0.013700 0.029352
0.0 0.696812 0.709026 0.013405 0.025963
0.0 0.290138 0.294963 0.023783 0.033839
0.0 0.273905 0.439941 0.016018 0.028144
0.0 0.308027 0.477597 0.021958 0.035145
