0.0 0.632812 0.213426 0.015625 0.030556
0.0 0.297917 0.348611 0.013542 0.030556
0.0 0.250260 0.763426 0.015104 0.039815
0.0 0.454167 0.883796 0.013542 0.023148
0.0 0.344010 0.653241 0.018229 0.028704
0.0 0.396615 0.812963 0.020313 0.031481
0.0 0.278385 0.339815 0.015104 0.031481
0.0 0.675260 0.747222 0.019271 0.029630
0.0 0.248698 0.400000 0.013021 0.033333
0.0 0.362760 0.683796 0.016146 0.032407
0.0 0.639323 0.604630 0.015104 0.029630
0.0 0.715885 0.497222 0.019271 0.042593
0.0 0.607552 0.828704 0.014063 0.027778
0.0 0.302344 0.217593 0.016146 0.029630
0.0 0.575260 0.682407 0.016146 0.027778
0.0 0.371094 0.816667 0.020313 0.025926
0.0 0.343229 0.918056 0.018750 0.023148
0.0 0.290104 0.668519 0.016667 0.033333
0.0 0.356771 0.300000 0.015625 0.029630
0.0 0.529427 0.937037 0.019271 0.025926
0.0 0.403385 0.733333 0.014063 0.035185
0.0 0.219792 0.524537 0.015625 0.030556
0.0 0.363021 0.531481 0.014583 0.035185
0.0 0.601302 0.914352 0.020313 0.030556
0.0 0.404427 0.528241 0.016146 0.032407
0.0 0.288802 0.370370 0.011979 0.029630
0.0 0.258073 0.723148 0.011979 0.025926
0.0 0.642969 0.192130 0.022396 0.032407
0.0 0.672917 0.344444 0.014583 0.027778
0.0 0.640885 0.392130 0.020313 0.034259
