0.0 0.728906 0.306481 0.014063 0.025926
0.0 0.411198 0.846296 0.016146 0.025926
0.0 0.471615 0.143056 0.015104 0.028704
0.0 0.359896 0.195370 0.016667 0.033333
0.0 0.357031 0.792130 0.017188 0.030556
0.0 0.712500 0.653241 0.019792 0.030556
0.0 0.661458 0.812963 0.017708 0.029630
0.0 0.288021 0.658796 0.017708 0.032407
0.0 0.369271 0.773148 0.016667 0.025926
0.0 0.707292 0.263426 0.015625 0.032407
0.0 0.544792 0.850000 0.018750 0.025926
0.0 0.459635 0.910648 0.016146 0.037963
0.0 0.785417 0.608796 0.014583 0.032407
0.0 0.442969 0.688889 0.014063 0.033333
0.0 0.416667 0.894907 0.017708 0.028704
0.0 0.536198 0.118519 0.022396 0.033333
0.0 0.526302 0.928704 0.019271 0.024074
0.0 0.519010 0.783796 0.017188 0.028704
0.0 0.285677 0.600926 0.021354 0.046296
0.0 0.407813 0.649537 0.021875 0.036111
0.0 0.583594 0.949537 0.020313 0.028704
0.0 0.646354 0.882870 0.017708 0.023148
0.0 0.755208 0.482407 0.015625 0.031481
0.0 0.373958 0.870370 0.023958 0.033333
0.0 0.640104 0.382870 0.020833 0.026852
0.0 0.720833 0.772222 0.013542 0.029630
0.0 0.576823 0.781481 0.018229 0.027778
0.0 0.539583 0.775000 0.014583 0.027778
0.0 0.359635 0.386111 0.019271 0.035185
0.0 0.311458 0.454167 0.013542 0.030556
