0.0 0.565090 0.714507 0.015135 0.027993
0.0 0.702953 0.301190 0.019095 0.039958
0.0 0.278612 0.432535 0.015240 0.041422
0.0 0.521263 0.988035 0.024038 0.023929
0.0 0.741368 0.641775 0.020245 0.045680
0.0 0.480078 0.829938 0.021248 0.032601
0.0 0.473128 0.937684 0.018997 0.027425
0.0 0.617213 0.367928 0.015254 0.043212
0.0 0.449700 0.845484 0.020680 0.030635
0.0 0.295029 0.462842 0.015212 0.037841
0.0 0.380757 0.858737 0.020694 0.032426
0.0 0.337598 0.202097 0.018472 0.030832
0.0 0.775006 0.777132 0.017462 0.043016
0.0 0.394075 0.823899 0.020119 0.029565
0.0 0.580076 0.750196 0.016901 0.041946
0.0 0.309025 0.554309 0.017925 0.031552
0.0 0.529092 0.703152 0.020757 0.040483
0.0 0.267571 0.282767 0.014090 0.035700
0.0 0.515980 0.321636 0.021830 0.036357
0.0 0.768420 0.661079 0.016894 0.041050
0.0 0.611430 0.752010 0.022979 0.042077
0.0 0.280031 0.676642 0.015191 0.035155
0.0 0.330637 0.311186 0.017448 0.041225
0.0 0.368632 0.138294 0.020687 0.031530
0.0 0.708025 0.929662 0.022327 0.029368
0.0 0.378695 0.696545 0.019586 0.032076
0.0 0.406795 0.511109 0.024038 0.036160
0.0 0.725837 0.640018 0.020210 0.041203
0.0 0.343813 0.861892 0.014623 0.033190
0.0 0.285384 0.489415 0.011818 0.027840
