0.0 0.348958 0.431944 0.015625 0.028704
0.0 0.359896 0.196296 0.016667 0.033333
0.0 0.716146 0.694444 0.015625 0.027778
0.0 0.545312 0.823148 0.017708 0.027778
0.0 0.406510 0.838426 0.018229 0.023148
0.0 0.496354 0.928241 0.020833 0.028704
0.0 0.717187 0.806019 0.016667 0.028704
0.0 0.646094 0.805556 0.020313 0.029630
0.0 0.756250 0.673148 0.019792 0.022222
0.0 0.367188 0.769444 0.014583 0.029630
0.0 0.649479 0.936111 0.018750 0.025926
0.0 0.675260 0.244907 0.017188 0.030556
0.0 0.592969 0.806481 0.020313 0.024074
0.0 0.433073 0.707870 0.018229 0.026852
0.0 0.495833 0.895370 0.018750 0.024074
0.0 0.723177 0.249537 0.015104 0.030556
0.0 0.620052 0.299537 0.020313 0.030556
0.0 0.550521 0.160185 0.018750 0.024074
0.0 0.288802 0.412963 0.022396 0.027778
0.0 0.739323 0.798611 0.016146 0.032407
0.0 0.329427 0.730556 0.021354 0.038889
0.0 0.605990 0.178704 0.019271 0.033333
0.0 0.654948 0.120370 0.016146 0.029630
0.0 0.573177 0.731481 0.017188 0.029630
0.0 0.698958 0.691667 0.013542 0.031481
0.0 0.544010 0.973148 0.019271 0.024074
0.0 0.423177 0.620833 0.019271 0.026852
0.0 0.636719 0.600926 0.014063 0.033333
0.0 0.782292 0.529167 0.015625 0.032407
0.0 0.628646 0.925463 0.019792 0.025000
