0.0 0.323201 0.724594 0.015460 0.025824
0.0 0.334723 0.564899 0.016741 0.035387
0.0 0.317569 0.698301 0.014119 0.032517
0.0 0.695194 0.236302 0.017785 0.036343
0.0 0.737048 0.618304 0.014812 0.039211
0.0 0.715374 0.666602 0.016609 0.030606
0.0 0.706270 0.563331 0.016311 0.038255
0.0 0.287075 0.743733 0.014601 0.031561
0.0 0.439291 0.885679 0.020625 0.028695
0.0 0.756926 0.598215 0.019038 0.044951
0.0 0.641469 0.847835 0.018002 0.025825
0.0 0.385938 0.837887 0.014925 0.024867
0.0 0.662633 0.919545 0.017600 0.029650
0.0 0.666842 0.840654 0.018643 0.030607
0.0 0.305215 0.602203 0.014601 0.031561
0.0 0.450626 0.575854 0.015294 0.038255
0.0 0.385484 0.282313 0.016048 0.028693
0.0 0.385813 0.178083 0.019099 0.028694
0.0 0.323572 0.406646 0.014119 0.032517
0.0 0.536660 0.960230 0.021133 0.028695
0.0 0.354712 0.337785 0.019608 0.028694
0.0 0.296989 0.365537 0.014628 0.032517
0.0 0.762202 0.665150 0.015776 0.037299
0.0 0.562960 0.190450 0.020222 0.032519
0.0 0.543694 0.998281 0.019529 0.003439
0.0 0.369146 0.598355 0.016285 0.037299
0.0 0.269490 0.652896 0.019178 0.031563
0.0 0.328520 0.706903 0.011873 0.024866
0.0 0.354148 0.764267 0.016662 0.032518
