0 0.638542 0.195370 0.017708 0.033333
0 0.561198 0.723611 0.018229 0.025000
0 0.582292 0.932870 0.019792 0.030556
0 0.360417 0.813426 0.014583 0.028704
0 0.634635 0.756481 0.019271 0.033333
0 0.697656 0.668519 0.015104 0.025926
0 0.523698 0.854630 0.020313 0.025926
0 0.692708 0.735185 0.018750 0.024074
0 0.694271 0.346759 0.022917 0.043519
0 0.348698 0.678241 0.020313 0.026852
0 0.675521 0.672685 0.015625 0.030556
0 0.528385 0.965278 0.021354 0.030556
0 0.303385 0.747222 0.015104 0.027778
0 0.660417 0.799074 0.016667 0.025926
0 0.514844 0.651852 0.018229 0.027778
0 0.456250 0.975000 0.019792 0.027778
0 0.266146 0.227315 0.023958 0.034259
0 0.466146 0.888426 0.020833 0.025000
0 0.496875 0.794907 0.018750 0.028704
0 0.280469 0.585648 0.016146 0.037963
0 0.282552 0.784722 0.016146 0.026852
0 0.560156 0.547685 0.017188 0.034259
0 0.290104 0.348611 0.015625 0.037963
0 0.434375 0.773611 0.015625 0.036111
0 0.219531 0.561111 0.013021 0.031481
0 0.490885 0.215741 0.015104 0.033333
0 0.367708 0.814815 0.016667 0.031481
0 0.648438 0.752315 0.014583 0.025000
