0.0 0.720815 0.235590 0.019759 0.036524
0.0 0.319922 0.723794 0.018431 0.033429
0.0 0.770367 0.394350 0.019975 0.039514
0.0 0.372318 0.885834 0.022107 0.030809
0.0 0.294422 0.511124 0.018935 0.040405
0.0 0.339808 0.378962 0.020048 0.040511
0.0 0.365328 0.831479 0.021047 0.023779
0.0 0.455530 0.861640 0.022520 0.028869
0.0 0.693592 0.925945 0.021643 0.039673
0.0 0.481500 0.874148 0.022520 0.028869
0.0 0.305558 0.713394 0.017608 0.037309
0.0 0.332702 0.976898 0.019667 0.027607
0.0 0.320158 0.340965 0.019615 0.034532
0.0 0.607919 0.960943 0.026360 0.036163
0.0 0.539679 0.948428 0.022035 0.029812
0.0 0.396278 0.593073 0.025052 0.040987
0.0 0.575243 0.162025 0.023148 0.029918
0.0 0.565527 0.761218 0.018307 0.039356
0.0 0.489000 0.960162 0.020995 0.030703
0.0 0.776234 0.673391 0.023508 0.034902
0.0 0.635611 0.980388 0.022199 0.039224
0.0 0.354670 0.936338 0.021139 0.032697
0.0 0.363452 0.900044 0.019595 0.026611
0.0 0.444839 0.924348 0.016311 0.019370
0.0 0.510283 0.901976 0.022231 0.024882
0.0 0.765936 0.676425 0.018483 0.026505
0.0 0.594074 0.331408 0.019543 0.033535
