0.0 0.734019 0.296616 0.021159 0.033136
0.0 0.312384 0.675532 0.019709 0.030366
0.0 0.361545 0.939911 0.020912 0.023105
0.0 0.777144 0.439106 0.021498 0.035697
0.0 0.358222 0.821160 0.023254 0.028542
0.0 0.295566 0.489035 0.020501 0.036340
0.0 0.346456 0.379697 0.021611 0.036551
0.0 0.353450 0.773444 0.021908 0.022462
0.0 0.442573 0.809166 0.023583 0.026940
0.0 0.678417 0.890228 0.023162 0.036013
0.0 0.468076 0.822756 0.023583 0.026940
0.0 0.298421 0.665007 0.019053 0.033569
0.0 0.314798 0.895605 0.020696 0.025560
0.0 0.328331 0.344759 0.020933 0.031430
0.0 0.591156 0.911294 0.027704 0.033546
0.0 0.523309 0.893171 0.023141 0.027688
0.0 0.394238 0.570756 0.026604 0.037498
0.0 0.591210 0.217459 0.024251 0.027899
0.0 0.556886 0.734174 0.019833 0.035381
0.0 0.472059 0.897883 0.022144 0.028331
0.0 0.771569 0.680850 0.024817 0.032167
0.0 0.535714 0.951959 0.022247 0.025023
0.0 0.618088 0.931279 0.023717 0.036118
0.0 0.338470 0.862910 0.022370 0.030039
0.0 0.348757 0.832489 0.020583 0.024707
0.0 0.416661 0.966118 0.021795 0.021608
0.0 0.429290 0.862207 0.017017 0.018206
0.0 0.495768 0.849884 0.023131 0.023526
0.0 0.761129 0.682369 0.019473 0.024496
0.0 0.603122 0.365838 0.020819 0.030576
