0 0.570052 0.872222 0.022396 0.029630
0 0.710417 0.574537 0.014583 0.030556
0 0.279427 0.602778 0.015104 0.029630
0 0.640104 0.193981 0.017708 0.034259
0 0.251823 0.612037 0.013021 0.031481
0 0.718229 0.589352 0.016667 0.036111
0 0.443490 0.174537 0.015104 0.026852
0 0.265625 0.317593 0.013542 0.031481
0 0.601823 0.745370 0.019271 0.024074
0 0.396875 0.090741 0.016667 0.033333
0 0.497656 0.633796 0.019271 0.028704
0 0.363542 0.150463 0.018750 0.025000
0 0.333333 0.470833 0.020833 0.034259
0 0.274479 0.260185 0.015625 0.031481
0 0.293750 0.403704 0.017708 0.029630
0 0.563542 0.901852 0.021875 0.037037
0 0.480990 0.096759 0.018229 0.025000
0 0.664583 0.806019 0.018750 0.028704
0 0.313021 0.549537 0.019792 0.025000
0 0.638021 0.494444 0.017708 0.025926
0 0.443490 0.453704 0.018229 0.031481
0 0.347135 0.389815 0.019271 0.031481
0 0.688542 0.752315 0.015625 0.041667
0 0.235417 0.623611 0.015625 0.032407
0 0.251823 0.629167 0.011979 0.030556
0 0.289323 0.609259 0.011979 0.025926
0 0.299219 0.586111 0.014063 0.025926
0 0.300260 0.616667 0.016146 0.025926
0 0.709375 0.479167 0.018750 0.026852
0 0.437240 0.158796 0.019271 0.021296
