0.0 0.654475 0.430390 0.013370 0.032439
0.0 0.319684 0.255371 0.022205 0.043916
0.0 0.516739 0.841794 0.016360 0.031203
0.0 0.692644 0.466814 0.014421 0.034288
0.0 0.287169 0.646141 0.015268 0.027659
0.0 0.624517 0.347983 0.017310 0.028813
0.0 0.288828 0.388549 0.015390 0.032745
0.0 0.663485 0.508770 0.015998 0.037062
0.0 0.620638 0.309101 0.015711 0.025191
0.0 0.678964 0.424319 0.012215 0.026351
0.0 0.680577 0.567527 0.017310 0.028813
0.0 0.368945 0.210507 0.019959 0.034283
0.0 0.568623 0.940292 0.018279 0.027271
0.0 0.665347 0.694139 0.016442 0.034594
0.0 0.700845 0.389769 0.013875 0.032515
0.0 0.418523 0.666915 0.018340 0.029814
0.0 0.615097 0.443990 0.022424 0.032122
0.0 0.245965 0.682867 0.015834 0.030279
0.0 0.718923 0.586107 0.013936 0.035059
0.0 0.562522 0.804487 0.017712 0.024650
0.0 0.540342 0.986233 0.019877 0.027534
0.0 0.443263 0.377507 0.019331 0.029120
0.0 0.585069 0.899812 0.017753 0.026346
0.0 0.405827 0.867095 0.023878 0.029809
0.0 0.469356 0.987266 0.018743 0.025469
0.0 0.270488 0.601914 0.015431 0.034441
0.0 0.672328 0.510111 0.011122 0.022806
0.0 0.287930 0.320760 0.014360 0.031744
