0 0.485938 0.681019 0.015625 0.023148
0 0.249219 0.468981 0.014063 0.034259
0 0.640365 0.193981 0.018229 0.034259
0 0.623958 0.775926 0.014583 0.029630
0 0.670312 0.357870 0.018750 0.041667
0 0.220573 0.580556 0.010937 0.031481
0 0.322396 0.295833 0.012500 0.030556
0 0.497396 0.936574 0.017708 0.025000
0 0.581771 0.135185 0.021875 0.040741
0 0.652865 0.727778 0.021354 0.025926
0 0.349219 0.281481 0.019271 0.040741
0 0.454167 0.157407 0.020833 0.025926
0 0.296094 0.875000 0.016146 0.027778
0 0.300521 0.828704 0.016667 0.029630
0 0.252604 0.418056 0.016667 0.032407
0 0.333073 0.206481 0.014063 0.031481
0 0.648958 0.841204 0.017708 0.026852
0 0.254688 0.785648 0.014583 0.032407
0 0.554167 0.938426 0.019792 0.026852
0 0.620573 0.652315 0.018229 0.026852
0 0.411198 0.071296 0.017188 0.024074
0 0.461719 0.709259 0.019271 0.031481
0 0.347396 0.472685 0.015625 0.036111
0 0.332813 0.832407 0.015625 0.033333
0 0.308594 0.724074 0.014063 0.024074
0 0.708594 0.678241 0.017188 0.037963
0 0.254688 0.338889 0.017708 0.029630
0 0.229167 0.574074 0.012500 0.027778
0 0.302604 0.733796 0.012500 0.021296
0 0.658073 0.356944 0.013021 0.030556
