0.0 0.467443 0.720295 0.014826 0.025385
0.0 0.677646 0.468389 0.013687 0.035693
0.0 0.314307 0.286254 0.017482 0.036555
0.0 0.344148 0.839687 0.014042 0.031371
0.0 0.291223 0.449271 0.018146 0.043751
0.0 0.706596 0.569217 0.010768 0.032387
0.0 0.606556 0.317867 0.012169 0.031826
0.0 0.463546 0.967194 0.016770 0.027588
0.0 0.366176 0.217862 0.020969 0.043513
0.0 0.316583 0.799603 0.020115 0.029229
0.0 0.581755 0.309688 0.018597 0.042973
0.0 0.482981 0.212701 0.019641 0.029121
0.0 0.645339 0.866593 0.015419 0.029923
0.0 0.640121 0.823211 0.015941 0.031803
0.0 0.673259 0.420363 0.016012 0.034460
0.0 0.594543 0.234582 0.013616 0.033035
0.0 0.323045 0.907325 0.016818 0.029360
0.0 0.680769 0.772523 0.014113 0.034028
0.0 0.411880 0.980722 0.018716 0.029792
0.0 0.344067 0.720709 0.017292 0.029468
0.0 0.519918 0.121408 0.016273 0.026594
0.0 0.490227 0.742301 0.018360 0.034113
0.0 0.588310 0.492263 0.015157 0.037788
0.0 0.610801 0.833441 0.015086 0.035130
0.0 0.630090 0.724769 0.013426 0.025947
0.0 0.264551 0.763744 0.016628 0.039884
0.0 0.669334 0.345044 0.016889 0.032018
0.0 0.698601 0.564794 0.012097 0.029168
0.0 0.635795 0.732831 0.011931 0.022965
0.0 0.302348 0.445851 0.012643 0.031934
