0 0.640625 0.195370 0.018750 0.033333
0 0.289583 0.693056 0.013542 0.030556
0 0.273177 0.432870 0.016146 0.030556
0 0.513021 0.724537 0.019792 0.026852
0 0.521615 0.208796 0.021354 0.028704
0 0.527604 0.959259 0.023958 0.031481
0 0.432552 0.906944 0.020313 0.034259
0 0.702865 0.568981 0.016146 0.032407
0 0.270052 0.472685 0.014063 0.028704
0 0.529687 0.942593 0.016667 0.029630
0 0.721615 0.567130 0.019271 0.032407
0 0.303646 0.562500 0.016667 0.043519
0 0.231250 0.333796 0.013542 0.032407
0 0.680469 0.597685 0.015104 0.032407
0 0.242188 0.654167 0.012500 0.028704
0 0.333073 0.775463 0.019271 0.026852
0 0.304688 0.875000 0.016667 0.029630
0 0.263802 0.725926 0.018229 0.025926
0 0.275781 0.270370 0.014063 0.029630
0 0.497656 0.206019 0.018229 0.039815
0 0.456510 0.962963 0.017188 0.020370
0 0.261719 0.793981 0.016146 0.032407
0 0.338542 0.863426 0.016667 0.025000
0 0.245573 0.538426 0.015104 0.034259
0 0.587500 0.906019 0.017708 0.034259
0 0.391927 0.193519 0.020313 0.025926
0 0.269531 0.467593 0.019271 0.022222
0 0.428906 0.896759 0.024479 0.026852
0 0.484635 0.875000 0.020313 0.029630
0 0.711458 0.555556 0.014583 0.033333
