0.0 0.276785 0.442730 0.016715 0.031082
0.0 0.274900 0.271412 0.025247 0.049017
0.0 0.667378 0.703720 0.015864 0.034656
0.0 0.689421 0.494393 0.019534 0.039251
0.0 0.244497 0.425219 0.017065 0.035868
0.0 0.705923 0.283887 0.020448 0.044165
0.0 0.599670 0.985771 0.021234 0.028457
0.0 0.687450 0.723020 0.016499 0.035740
0.0 0.722119 0.529326 0.017769 0.037910
0.0 0.311588 0.211543 0.023564 0.033573
0.0 0.705990 0.477509 0.018333 0.038038
0.0 0.748369 0.739406 0.020740 0.032934
0.0 0.592416 0.156787 0.023564 0.033573
0.0 0.597215 0.729805 0.021019 0.036762
0.0 0.316124 0.804567 0.018689 0.035295
0.0 0.403529 0.900592 0.021659 0.030317
0.0 0.394555 0.993325 0.023348 0.013350
0.0 0.246988 0.777875 0.024548 0.039443
0.0 0.753912 0.689500 0.016779 0.039569
0.0 0.731735 0.700355 0.016499 0.035740
0.0 0.512007 0.715018 0.022574 0.035232
0.0 0.594289 0.249291 0.024059 0.032743
0.0 0.544466 0.931480 0.024693 0.033828
0.0 0.606951 0.406981 0.018829 0.037208
0.0 0.621817 0.590932 0.022562 0.050291
0.0 0.766932 0.604333 0.017274 0.038740
0.0 0.524984 0.829823 0.024833 0.035743
0.0 0.656712 0.710997 0.017001 0.027381
0.0 0.728064 0.748378 0.016715 0.031082
0.0 0.600672 0.969853 0.019825 0.028020
