0 0.495052 0.950000 0.017188 0.020370
0 0.285677 0.385185 0.016146 0.033333
0 0.364583 0.354167 0.014583 0.028704
0 0.447396 0.900926 0.018750 0.022222
0 0.639323 0.193519 0.016146 0.031481
0 0.264062 0.789815 0.018750 0.031481
0 0.538021 0.932407 0.016667 0.022222
0 0.434115 0.947222 0.017188 0.022222
0 0.289323 0.794444 0.018229 0.029630
0 0.474219 0.934722 0.019271 0.023148
0 0.684375 0.497685 0.015625 0.034259
0 0.411979 0.914815 0.016667 0.020370
0 0.347917 0.320370 0.019792 0.025926
0 0.608854 0.880093 0.021875 0.039815
0 0.328906 0.775926 0.021354 0.029630
0 0.665104 0.399537 0.020833 0.026852
0 0.284896 0.336574 0.016667 0.034259
0 0.248438 0.684722 0.018750 0.028704
0 0.463542 0.979167 0.019792 0.023148
0 0.321354 0.174537 0.018750 0.025000
0 0.308854 0.858333 0.018750 0.027778
0 0.534375 0.654167 0.014583 0.036111
0 0.571354 0.837037 0.015625 0.038889
0 0.417448 0.849537 0.018229 0.023148
0 0.363802 0.534722 0.022396 0.028704
0 0.264583 0.642593 0.017708 0.027778
0 0.272656 0.653241 0.014063 0.036111
0 0.337760 0.695833 0.015104 0.025000
0 0.674219 0.547222 0.010937 0.033333
0 0.687240 0.337500 0.010937 0.026852
