0.0 0.409600 0.986130 0.020464 0.023455
0.0 0.691033 0.485904 0.020665 0.035759
0.0 0.609735 0.438648 0.018522 0.030942
0.0 0.465586 0.949116 0.022323 0.025587
0.0 0.332014 0.223213 0.020477 0.033968
0.0 0.673078 0.881819 0.023263 0.034538
0.0 0.365400 0.959718 0.020094 0.025131
0.0 0.475099 0.992079 0.020652 0.015843
0.0 0.645573 0.880765 0.022518 0.032635
0.0 0.433448 0.975919 0.022975 0.026596
0.0 0.252912 0.507412 0.020201 0.036540
0.0 0.502080 0.970294 0.019906 0.023341
0.0 0.631004 0.409622 0.023815 0.029396
0.0 0.294905 0.893641 0.027454 0.043279
0.0 0.605090 0.854200 0.025862 0.033319
0.0 0.283503 0.416743 0.025023 0.030519
0.0 0.696805 0.439079 0.021316 0.036768
0.0 0.700471 0.783637 0.022982 0.031854
0.0 0.674241 0.274448 0.022605 0.028273
0.0 0.618183 0.938257 0.022887 0.030958
0.0 0.397556 0.691521 0.019274 0.038102
0.0 0.339411 0.860222 0.020671 0.041016
0.0 0.502856 0.905988 0.021860 0.026368
0.0 0.592237 0.613374 0.026884 0.032651
0.0 0.687470 0.739375 0.021772 0.030730
0.0 0.677749 0.747902 0.018717 0.037989
0.0 0.603748 0.774831 0.018703 0.027475
0.0 0.258751 0.557526 0.015090 0.034619
0.0 0.266112 0.351923 0.014432 0.028353
