0.0 0.447803 0.954799 0.017631 0.023253
0.0 0.623805 0.760365 0.018530 0.029074
0.0 0.654021 0.482847 0.020576 0.037002
0.0 0.525980 0.994661 0.019285 0.010678
0.0 0.497039 0.985587 0.023481 0.028178
0.0 0.435555 0.760610 0.021267 0.032439
0.0 0.679846 0.442444 0.017839 0.033638
0.0 0.433423 0.703062 0.018335 0.026214
0.0 0.533897 0.115906 0.021775 0.032540
0.0 0.378430 0.539114 0.018856 0.033840
0.0 0.691926 0.483520 0.019508 0.043373
0.0 0.655529 0.399452 0.017527 0.036396
0.0 0.536468 0.967116 0.018270 0.025260
0.0 0.694959 0.825441 0.019168 0.031081
0.0 0.662779 0.772903 0.019052 0.036699
0.0 0.538283 0.413595 0.021514 0.028727
0.0 0.704658 0.330741 0.014856 0.033985
0.0 0.235201 0.519777 0.020836 0.040816
0.0 0.603222 0.244633 0.020185 0.031283
0.0 0.293780 0.570446 0.021267 0.032439
0.0 0.556390 0.930785 0.018972 0.028221
0.0 0.707606 0.678959 0.020185 0.031283
0.0 0.581958 0.777385 0.020185 0.031283
0.0 0.732649 0.608275 0.017657 0.038303
0.0 0.498196 0.900812 0.020380 0.034143
0.0 0.291478 0.710039 0.017722 0.039256
0.0 0.282473 0.442738 0.016744 0.024957
0.0 0.292807 0.262415 0.020771 0.039862
