0.0 0.385813 0.888987 0.016834 0.022939
0.0 0.572400 0.813869 0.017834 0.028111
0.0 0.641966 0.595864 0.019945 0.035288
0.0 0.448150 0.967879 0.018415 0.025116
0.0 0.424915 0.939536 0.022336 0.028142
0.0 0.404762 0.719700 0.020439 0.031461
0.0 0.671169 0.574866 0.017340 0.031939
0.0 0.411711 0.670283 0.017568 0.025610
0.0 0.591429 0.227360 0.020907 0.031630
0.0 0.387954 0.504975 0.018276 0.032279
0.0 0.675610 0.615432 0.019161 0.040614
0.0 0.656130 0.526556 0.017137 0.034269
0.0 0.462859 0.943785 0.017480 0.024776
0.0 0.625745 0.904214 0.018478 0.029947
0.0 0.605172 0.843942 0.018542 0.034779
0.0 0.549570 0.479659 0.020553 0.028296
0.0 0.710433 0.493459 0.014621 0.031753
0.0 0.263408 0.416923 0.020299 0.038622
0.0 0.633360 0.370264 0.019414 0.030287
0.0 0.307772 0.488860 0.020439 0.031461
0.0 0.486181 0.923249 0.018212 0.027447
0.0 0.356926 0.932174 0.019237 0.028620
0.0 0.659525 0.787489 0.019414 0.030287
0.0 0.532527 0.807189 0.019414 0.030287
0.0 0.692687 0.740659 0.017314 0.035936
0.0 0.438978 0.868893 0.019680 0.032788
0.0 0.284262 0.604983 0.017403 0.036770
0.0 0.317338 0.375899 0.016075 0.024266
0.0 0.354261 0.229583 0.020211 0.037789
