0.0 0.648097 0.447253 0.018796 0.032941
0.0 0.346423 0.236490 0.019324 0.038161
0.0 0.295925 0.421713 0.016205 0.026431
0.0 0.572863 0.447701 0.021321 0.029221
0.0 0.598981 0.913597 0.017017 0.024901
0.0 0.516032 0.855529 0.016644 0.030781
0.0 0.294208 0.538655 0.021673 0.032702
0.0 0.596230 0.448669 0.025043 0.032567
0.0 0.508462 0.985447 0.019257 0.027931
0.0 0.268491 0.663382 0.016008 0.034051
0.0 0.635142 0.832860 0.018478 0.034576
0.0 0.432096 0.889675 0.018390 0.033706
0.0 0.330284 0.623641 0.015602 0.034816
0.0 0.280437 0.380206 0.021848 0.034441
0.0 0.418760 0.959269 0.020069 0.026401
0.0 0.296933 0.716529 0.018621 0.031201
0.0 0.645991 0.408147 0.021036 0.035971
0.0 0.626703 0.241860 0.019751 0.028036
0.0 0.674348 0.402177 0.020069 0.026401
0.0 0.667253 0.594849 0.015426 0.033076
0.0 0.254079 0.733636 0.017577 0.035236
0.0 0.466343 0.998453 0.021552 0.003094
0.0 0.503715 0.827583 0.022484 0.031171
0.0 0.671416 0.793470 0.016502 0.034156
0.0 0.639410 0.763116 0.017259 0.036871
0.0 0.700504 0.517936 0.015832 0.032311
0.0 0.656231 0.604059 0.017687 0.026746
0.0 0.668249 0.659936 0.010946 0.027016
0.0 0.627967 0.846441 0.016929 0.024031
0.0 0.503709 0.967551 0.016578 0.020551
