0 0.639323 0.194907 0.019271 0.036111
0 0.690365 0.594907 0.015104 0.036111
0 0.683854 0.529630 0.018750 0.035185
0 0.316927 0.645370 0.016146 0.024074
0 0.669010 0.569907 0.017188 0.032407
0 0.383854 0.331019 0.015625 0.030556
0 0.478646 0.900463 0.016667 0.023148
0 0.569531 0.812500 0.017188 0.025000
0 0.289583 0.703704 0.015625 0.033333
0 0.407031 0.962963 0.019271 0.022222
0 0.272656 0.789815 0.014063 0.033333
0 0.300000 0.285648 0.015625 0.032407
0 0.330469 0.310185 0.018229 0.025926
0 0.229948 0.700000 0.016146 0.035185
0 0.604167 0.878704 0.020833 0.033333
0 0.299740 0.852778 0.021354 0.027778
0 0.268750 0.459259 0.014583 0.033333
0 0.366667 0.934259 0.020833 0.025926
0 0.594271 0.737500 0.015625 0.036111
0 0.343490 0.382870 0.017188 0.032407
0 0.417708 0.872685 0.017708 0.025000
0 0.361979 0.282407 0.017708 0.027778
0 0.553125 0.890278 0.020833 0.025000
0 0.664844 0.645833 0.016146 0.039815
0 0.365365 0.115741 0.021354 0.027778
0 0.393229 0.806944 0.016667 0.037963
0 0.561979 0.639352 0.019792 0.025000
0 0.259635 0.736111 0.013021 0.035185
0 0.278906 0.478241 0.014063 0.023148
