0.0 0.305679 0.301676 0.019792 0.042317
0.0 0.267158 0.711716 0.015731 0.040811
0.0 0.271672 0.645458 0.019258 0.041222
0.0 0.632475 0.626146 0.016409 0.029404
0.0 0.287267 0.679523 0.017658 0.037938
0.0 0.558441 0.342592 0.016083 0.035561
0.0 0.482039 0.934327 0.016891 0.028685
0.0 0.391009 0.881062 0.017450 0.030687
0.0 0.660756 0.673371 0.016161 0.038280
0.0 0.553578 0.969629 0.019402 0.028720
0.0 0.679666 0.751554 0.014639 0.037715
0.0 0.638881 0.267867 0.016135 0.037373
0.0 0.609878 0.302901 0.018491 0.031970
0.0 0.718764 0.648190 0.016720 0.040281
0.0 0.359114 0.958393 0.021236 0.040162
0.0 0.655039 0.822982 0.021588 0.034912
0.0 0.674202 0.426534 0.015145 0.037903
0.0 0.592107 0.926940 0.021028 0.032911
0.0 0.364797 0.816580 0.016239 0.040999
0.0 0.599228 0.378764 0.017658 0.037938
0.0 0.540642 0.885108 0.017957 0.030875
0.0 0.578394 0.287096 0.018035 0.033594
0.0 0.409177 0.951275 0.021002 0.032004
0.0 0.293456 0.752348 0.016850 0.044814
0.0 0.570420 0.125157 0.021588 0.034912
0.0 0.562652 0.811902 0.017306 0.043189
0.0 0.393512 0.708824 0.019988 0.031628
0.0 0.690848 0.694272 0.013675 0.039152
0.0 0.664838 0.448788 0.014353 0.027744
