0.0 0.382812 0.802315 0.015625 0.025000
0.0 0.403906 0.756481 0.017188 0.029630
0.0 0.546094 0.898148 0.019271 0.025926
0.0 0.360677 0.196296 0.018229 0.037037
0.0 0.746615 0.631019 0.015104 0.026852
0.0 0.727083 0.722222 0.014583 0.033333
0.0 0.380208 0.889815 0.020833 0.035185
0.0 0.632812 0.758796 0.017708 0.023148
0.0 0.474219 0.904630 0.019271 0.022222
0.0 0.700260 0.857407 0.014063 0.037037
0.0 0.745833 0.708796 0.013542 0.030556
0.0 0.479427 0.850926 0.021354 0.024074
0.0 0.621875 0.298611 0.018750 0.034259
0.0 0.528906 0.386111 0.018229 0.038889
0.0 0.670833 0.237963 0.013542 0.029630
0.0 0.334115 0.540278 0.016146 0.039815
0.0 0.484896 0.739352 0.019792 0.028704
0.0 0.613542 0.203241 0.017708 0.023148
0.0 0.789323 0.527315 0.017188 0.034259
0.0 0.386198 0.780556 0.021354 0.029630
0.0 0.504948 0.718056 0.018229 0.028704
0.0 0.399740 0.911574 0.017188 0.034259
0.0 0.430208 0.572685 0.018750 0.023148
0.0 0.455469 0.937500 0.020313 0.028704
0.0 0.639844 0.462963 0.016146 0.037037
0.0 0.309115 0.660185 0.015104 0.033333
0.0 0.673698 0.781481 0.019271 0.024074
0.0 0.720313 0.689815 0.009375 0.022222
0.0 0.543229 0.911111 0.014583 0.018519
