0.0 0.367149 0.875790 0.017956 0.028063
0.0 0.382970 0.825768 0.019977 0.033009
0.0 0.537289 0.941165 0.021627 0.029683
0.0 0.281347 0.271318 0.021781 0.040645
0.0 0.705521 0.634957 0.017641 0.029825
0.0 0.696030 0.730250 0.017816 0.036236
0.0 0.373854 0.964163 0.024137 0.039277
0.0 0.607522 0.784809 0.019801 0.026597
0.0 0.467543 0.961266 0.021235 0.025963
0.0 0.684047 0.871096 0.017699 0.039857
0.0 0.712983 0.713221 0.016503 0.033250
0.0 0.466965 0.906344 0.023472 0.028217
0.0 0.548121 0.324689 0.021998 0.037954
0.0 0.466277 0.430149 0.021977 0.042505
0.0 0.589680 0.254520 0.016405 0.032320
0.0 0.291709 0.621820 0.020034 0.043041
0.0 0.460521 0.793250 0.022431 0.032571
0.0 0.529866 0.230480 0.019801 0.026597
0.0 0.736400 0.522726 0.020467 0.037658
0.0 0.368165 0.853296 0.024060 0.033797
0.0 0.477917 0.768070 0.020899 0.032276
0.0 0.395295 0.981747 0.020467 0.036505
0.0 0.389300 0.636198 0.020822 0.026794
0.0 0.452647 0.990745 0.022942 0.018510
0.0 0.583116 0.486359 0.019740 0.040251
0.0 0.279896 0.746976 0.018327 0.036334
0.0 0.649987 0.799862 0.021431 0.027823
0.0 0.685968 0.698983 0.011538 0.024091
0.0 0.535853 0.954727 0.016249 0.021357
