0 0.326042 0.346759 0.017708 0.030556
0 0.292969 0.731944 0.019271 0.028704
0 0.263281 0.268981 0.014063 0.028704
0 0.640104 0.194907 0.017708 0.037963
0 0.523177 0.655556 0.017188 0.027778
0 0.390365 0.732870 0.014063 0.023148
0 0.417448 0.756944 0.019271 0.023148
0 0.601823 0.788426 0.017188 0.028704
0 0.275521 0.738889 0.013542 0.035185
0 0.298958 0.695370 0.014583 0.027778
0 0.409115 0.720370 0.018229 0.025926
0 0.546875 0.825926 0.019792 0.031481
0 0.211458 0.541667 0.014583 0.033333
0 0.448958 0.873148 0.019792 0.024074
0 0.571354 0.922222 0.022917 0.040741
0 0.244010 0.280093 0.016146 0.026852
0 0.518229 0.523611 0.015625 0.037963
0 0.216406 0.499074 0.013021 0.029630
0 0.467448 0.960185 0.019271 0.022222
0 0.296354 0.543056 0.017708 0.032407
0 0.698177 0.724537 0.017188 0.037963
0 0.636458 0.712037 0.015625 0.038889
0 0.275781 0.463426 0.019271 0.032407
0 0.480729 0.923611 0.019792 0.028704
0 0.346875 0.894907 0.018750 0.026852
0 0.518229 0.813889 0.016667 0.029630
0 0.475781 0.285185 0.019271 0.027778
0 0.540625 0.650000 0.012500 0.016667
0 0.580990 0.697222 0.018229 0.037037
0 0.617448 0.237500 0.015104 0.026852
