0.0 0.369833 0.399270 0.019451 0.028828
0.0 0.325606 0.744143 0.021058 0.027271
0.0 0.305373 0.324612 0.015554 0.026895
0.0 0.705419 0.285072 0.019629 0.035506
0.0 0.570751 0.691917 0.018835 0.026286
0.0 0.428522 0.752018 0.015420 0.021886
0.0 0.456566 0.775680 0.020925 0.022262
0.0 0.650674 0.817392 0.018857 0.027121
0.0 0.306998 0.749142 0.015159 0.032700
0.0 0.332816 0.711602 0.016081 0.026098
0.0 0.448639 0.742104 0.019890 0.024691
0.0 0.591697 0.847227 0.021676 0.029813
0.0 0.244038 0.566706 0.016215 0.031106
0.0 0.487072 0.882722 0.021498 0.023135
0.0 0.615251 0.935813 0.025202 0.038387
0.0 0.284738 0.333237 0.017711 0.025376
0.0 0.568698 0.572604 0.017428 0.035355
0.0 0.250292 0.528664 0.014475 0.027654
0.0 0.504519 0.962527 0.020902 0.021427
0.0 0.333731 0.574095 0.019496 0.030497
0.0 0.754048 0.766758 0.019080 0.035468
0.0 0.689118 0.751027 0.017450 0.036190
0.0 0.313904 0.500817 0.021148 0.030610
0.0 0.519436 0.930514 0.021609 0.027309
0.0 0.378657 0.894959 0.020463 0.025564
0.0 0.561711 0.834305 0.018329 0.027918
0.0 0.529574 0.354583 0.021036 0.026436
0.0 0.589326 0.688169 0.013612 0.015930
0.0 0.630851 0.733661 0.020158 0.034709
0.0 0.680449 0.321834 0.016610 0.025300
