0 0.617448 0.232870 0.013021 0.025000
0 0.285938 0.816667 0.017708 0.037037
0 0.640365 0.194444 0.018229 0.031481
0 0.271615 0.552315 0.010937 0.026852
0 0.564323 0.828704 0.018229 0.020370
0 0.281250 0.836574 0.019792 0.034259
0 0.223698 0.463426 0.017188 0.036111
0 0.254948 0.505093 0.013021 0.028704
0 0.293490 0.575926 0.016146 0.038889
0 0.521354 0.907407 0.019792 0.027778
0 0.654427 0.648611 0.019271 0.036111
0 0.369010 0.660185 0.016146 0.027778
0 0.547396 0.929167 0.019792 0.026852
0 0.580990 0.701389 0.019271 0.028704
0 0.483073 0.092593 0.020313 0.029630
0 0.671094 0.511111 0.014063 0.035185
0 0.372396 0.381481 0.019792 0.024074
0 0.658854 0.444444 0.015625 0.035185
0 0.369792 0.940741 0.019792 0.031481
0 0.407031 0.948611 0.019271 0.025000
0 0.578646 0.639352 0.020833 0.025000
0 0.441146 0.728704 0.021875 0.025926
0 0.668750 0.815741 0.017708 0.035185
0 0.228906 0.474537 0.019271 0.039815
0 0.236979 0.540278 0.011458 0.030556
0 0.281510 0.744444 0.013021 0.024074
0 0.285156 0.804167 0.010937 0.023148
0 0.551823 0.847685 0.014063 0.021296
0 0.579167 0.694907 0.014583 0.041667
0 0.613802 0.729630 0.018229 0.027778
