0.0 0.382552 0.232870 0.013021 0.025000
0.0 0.714062 0.816667 0.017708 0.037037
0.0 0.359635 0.194444 0.018229 0.031481
0.0 0.728385 0.552315 0.010937 0.026852
0.0 0.435677 0.828704 0.018229 0.020370
0.0 0.718750 0.836574 0.019792 0.034259
0.0 0.776302 0.463426 0.017188 0.036111
0.0 0.745052 0.505093 0.013021 0.028704
0.0 0.706510 0.575926 0.016146 0.038889
0.0 0.478646 0.907407 0.019792 0.027778
0.0 0.345573 0.648611 0.019271 0.036111
0.0 0.630990 0.660185 0.016146 0.027778
0.0 0.452604 0.929167 0.019792 0.026852
0.0 0.419010 0.701389 0.019271 0.028704
0.0 0.516927 0.092593 0.020313 0.029630
0.0 0.328906 0.511111 0.014063 0.035185
0.0 0.627604 0.381481 0.019792 0.024074
0.0 0.341146 0.444444 0.015625 0.035185
0.0 0.630208 0.940741 0.019792 0.031481
0.0 0.592969 0.948611 0.019271 0.025000
0.0 0.421354 0.639352 0.020833 0.025000
0.0 0.558854 0.728704 0.021875 0.025926
0.0 0.331250 0.815741 0.017708 0.035185
0.0 0.771094 0.474537 0.019271 0.039815
0.0 0.763021 0.540278 0.011458 0.030556
0.0 0.718490 0.744444 0.013021 0.024074
0.0 0.714844 0.804167 0.010937 0.023148
0.0 0.448177 0.847685 0.014063 0.021296
0.0 0.420833 0.694907 0.014583 0.041667
0.0 0.386198 0.729630 0.018229 0.027778
