0.0 0.309099 0.787491 0.021240 0.024999
0.0 0.326316 0.785511 0.020134 0.024965
0.0 0.295106 0.664306 0.016482 0.031561
0.0 0.283685 0.649654 0.014716 0.028150
0.0 0.686025 0.843066 0.017370 0.024878
0.0 0.438951 0.322876 0.016455 0.030722
0.0 0.528898 0.466946 0.021711 0.022497
0.0 0.276593 0.697773 0.016953 0.029059
0.0 0.732148 0.734382 0.019526 0.023267
0.0 0.505872 0.930297 0.024855 0.034342
0.0 0.294328 0.577268 0.016845 0.025700
0.0 0.662493 0.237009 0.017479 0.028237
0.0 0.778453 0.500438 0.017697 0.034956
0.0 0.290615 0.768834 0.015296 0.029007
0.0 0.509308 0.790006 0.020215 0.027484
0.0 0.587731 0.802982 0.018639 0.029951
0.0 0.701214 0.690112 0.020379 0.032523
0.0 0.416102 0.729485 0.021566 0.035078
0.0 0.246825 0.634624 0.016564 0.034081
0.0 0.366005 0.636271 0.020243 0.028324
0.0 0.653673 0.859702 0.019138 0.028290
0.0 0.705271 0.863848 0.019853 0.033346
0.0 0.513189 0.208772 0.023505 0.026749
0.0 0.395589 0.952890 0.021267 0.025839
0.0 0.586206 0.739039 0.015876 0.029864
0.0 0.344915 0.313612 0.024556 0.025104
0.0 0.515034 0.775473 0.018367 0.021553
0.0 0.513583 0.905739 0.019527 0.023267
0.0 0.629269 0.724841 0.016954 0.029059
0.0 0.710077 0.279700 0.022563 0.031753
