0 0.346875 0.793981 0.019792 0.025000
0 0.642448 0.194444 0.018229 0.037037
0 0.605469 0.817593 0.015104 0.024074
0 0.440625 0.607870 0.016667 0.026852
0 0.664844 0.693981 0.015104 0.034259
0 0.289323 0.407870 0.016146 0.030556
0 0.321875 0.853704 0.015625 0.024074
0 0.374479 0.764815 0.018750 0.022222
0 0.428125 0.570370 0.016667 0.027778
0 0.569271 0.441204 0.018750 0.032407
0 0.413542 0.793519 0.016667 0.022222
0 0.351042 0.675000 0.017708 0.025926
0 0.546094 0.664815 0.023438 0.031481
0 0.622917 0.564815 0.013542 0.037037
0 0.455208 0.733796 0.017708 0.028704
0 0.492969 0.873148 0.019271 0.024074
0 0.258333 0.496759 0.014583 0.036111
0 0.289062 0.669907 0.015625 0.032407
0 0.522917 0.836574 0.018750 0.026852
0 0.648698 0.848148 0.017188 0.037037
0 0.416146 0.882407 0.018750 0.025926
0 0.442708 0.146296 0.019792 0.025926
0 0.707552 0.497685 0.020313 0.043519
0 0.460156 0.977778 0.021354 0.025926
0 0.564844 0.894444 0.021354 0.025926
0 0.209375 0.552778 0.014583 0.033333
0 0.393750 0.953704 0.017708 0.022222
0 0.580729 0.689352 0.014583 0.032407
0 0.642969 0.543981 0.013021 0.026852
0 0.688281 0.339352 0.014063 0.026852
