0 0.296094 0.716204 0.017188 0.032407
0 0.641667 0.194907 0.017708 0.034259
0 0.277604 0.590741 0.014583 0.031481
0 0.277083 0.504630 0.015625 0.038889
0 0.275260 0.328704 0.013021 0.031481
0 0.548698 0.837037 0.019271 0.025926
0 0.598177 0.726389 0.017188 0.036111
0 0.286458 0.726852 0.017708 0.033333
0 0.427865 0.330556 0.019271 0.024074
0 0.506250 0.904167 0.018750 0.025000
0 0.234115 0.329167 0.013021 0.032407
0 0.603906 0.825000 0.018229 0.025926
0 0.460417 0.441204 0.016667 0.030556
0 0.559375 0.483333 0.017708 0.025926
0 0.698958 0.370370 0.015625 0.042593
0 0.262760 0.559722 0.013021 0.030556
0 0.383073 0.954167 0.019271 0.023148
0 0.293490 0.328241 0.017188 0.032407
0 0.255729 0.277315 0.014583 0.030556
0 0.221615 0.513889 0.014063 0.033333
0 0.409115 0.755093 0.018229 0.025000
0 0.398177 0.908796 0.020313 0.021296
0 0.622656 0.884722 0.020313 0.026852
0 0.308073 0.879167 0.019271 0.030556
0 0.329427 0.326389 0.015104 0.030556
0 0.259896 0.313426 0.011458 0.028704
0 0.580469 0.686574 0.014063 0.032407
0 0.607292 0.861574 0.014583 0.023148
0 0.694792 0.382407 0.013542 0.044444
0 0.684115 0.331019 0.014063 0.023148
