0.0 0.335677 0.532407 0.018229 0.033333
0.0 0.639062 0.193056 0.015625 0.028704
0.0 0.497135 0.648148 0.017188 0.024074
0.0 0.514583 0.642593 0.018750 0.027778
0.0 0.261979 0.740278 0.014583 0.032407
0.0 0.463542 0.807407 0.018750 0.025926
0.0 0.408073 0.907870 0.013021 0.025000
0.0 0.275000 0.652778 0.013542 0.031481
0.0 0.310677 0.323148 0.017188 0.025926
0.0 0.405729 0.803241 0.021875 0.028704
0.0 0.382031 0.897685 0.018229 0.026852
0.0 0.251563 0.772222 0.013542 0.033333
0.0 0.310937 0.680556 0.014583 0.035185
0.0 0.349219 0.681019 0.017188 0.025000
0.0 0.265625 0.530093 0.012500 0.034259
0.0 0.216146 0.401852 0.014583 0.031481
0.0 0.390365 0.932870 0.017188 0.023148
0.0 0.646875 0.847222 0.019792 0.024074
0.0 0.543750 0.866204 0.018750 0.030556
0.0 0.314844 0.888889 0.023438 0.029630
0.0 0.221875 0.460648 0.016667 0.030556
0.0 0.724219 0.579630 0.015104 0.040741
0.0 0.363542 0.337037 0.017708 0.024074
0.0 0.355208 0.816204 0.019792 0.028704
0.0 0.506250 0.939352 0.023958 0.037963
0.0 0.263802 0.384722 0.017188 0.030556
0.0 0.306771 0.720833 0.010417 0.030556
0.0 0.408333 0.767130 0.013542 0.023148
0.0 0.412760 0.777778 0.013021 0.029630
0.0 0.499479 0.494444 0.016667 0.029630
