0.0 0.716146 0.679630 0.014583 0.025926
0.0 0.360677 0.199074 0.016146 0.033333
0.0 0.638021 0.824074 0.017708 0.025926
0.0 0.333854 0.349537 0.017708 0.034259
0.0 0.721615 0.641204 0.017188 0.028704
0.0 0.710417 0.791667 0.018750 0.022222
0.0 0.371094 0.528704 0.015104 0.025926
0.0 0.679427 0.165278 0.020313 0.025000
0.0 0.352344 0.789352 0.018229 0.026852
0.0 0.721354 0.207407 0.017708 0.027778
0.0 0.627865 0.105093 0.018229 0.028704
0.0 0.703646 0.740741 0.014583 0.031481
0.0 0.569010 0.203704 0.020313 0.040741
0.0 0.754688 0.571296 0.014583 0.029630
0.0 0.733594 0.786574 0.015104 0.028704
0.0 0.747135 0.753241 0.014063 0.030556
0.0 0.790104 0.477778 0.013542 0.031481
0.0 0.676302 0.849074 0.018229 0.025926
0.0 0.704948 0.243981 0.017188 0.028704
0.0 0.293490 0.413426 0.015104 0.036111
0.0 0.522135 0.154167 0.020313 0.026852
0.0 0.413802 0.867593 0.021354 0.040741
0.0 0.623698 0.714352 0.018229 0.028704
0.0 0.629948 0.639352 0.016146 0.034259
0.0 0.738021 0.465278 0.013542 0.032407
0.0 0.583854 0.713426 0.022917 0.030556
0.0 0.631771 0.154167 0.014583 0.030556
0.0 0.590365 0.365741 0.021354 0.035185
0.0 0.500260 0.491667 0.017188 0.033333
0.0 0.623698 0.828704 0.016146 0.016667
