0 0.253125 0.344907 0.016667 0.037963
0 0.236719 0.315741 0.018229 0.029630
0 0.498437 0.912500 0.015625 0.028704
0 0.290625 0.677315 0.012500 0.030556
0 0.233594 0.366667 0.015104 0.027778
0 0.639323 0.196296 0.016146 0.033333
0 0.260677 0.622685 0.015104 0.030556
0 0.257552 0.654167 0.018229 0.037963
0 0.651823 0.356481 0.021354 0.035185
0 0.475781 0.819907 0.017188 0.023148
0 0.453385 0.114352 0.017188 0.025000
0 0.625260 0.728241 0.019271 0.025000
0 0.475000 0.902778 0.018750 0.024074
0 0.582292 0.903241 0.020833 0.034259
0 0.313802 0.681944 0.013021 0.034259
0 0.444010 0.971296 0.019271 0.024074
0 0.573698 0.842593 0.017188 0.024074
0 0.214062 0.427315 0.015625 0.036111
0 0.638021 0.799074 0.017708 0.029630
0 0.304167 0.768056 0.015625 0.034259
0 0.302344 0.328704 0.016146 0.033333
0 0.427604 0.176852 0.019792 0.025926
0 0.500781 0.956481 0.019271 0.038889
0 0.647396 0.696296 0.016667 0.033333
0 0.246354 0.748148 0.014583 0.038889
0 0.411719 0.364352 0.016146 0.034259
0 0.499219 0.490278 0.018229 0.032407
0 0.487240 0.956944 0.013021 0.023148
0 0.578385 0.890278 0.020313 0.023148
0 0.666667 0.344444 0.014583 0.027778
