0 0.323698 0.872222 0.013021 0.025926
0 0.630469 0.737963 0.016146 0.025926
0 0.635417 0.198611 0.017708 0.034259
0 0.482031 0.806481 0.017188 0.029630
0 0.721094 0.505556 0.017188 0.029630
0 0.507031 0.898148 0.017188 0.020370
0 0.265885 0.588426 0.014063 0.030556
0 0.345833 0.919444 0.016667 0.024074
0 0.505469 0.872685 0.019271 0.032407
0 0.278906 0.549537 0.013021 0.030556
0 0.637500 0.716204 0.017708 0.026852
0 0.304948 0.882407 0.016146 0.033333
0 0.350000 0.759722 0.015625 0.023148
0 0.524479 0.926852 0.026042 0.038889
0 0.457292 0.906019 0.016667 0.032407
0 0.221875 0.606944 0.014583 0.030556
0 0.459635 0.077778 0.021354 0.025926
0 0.306771 0.295833 0.016667 0.032407
0 0.404167 0.173611 0.019792 0.025000
0 0.684115 0.667593 0.019271 0.033333
0 0.217188 0.419444 0.017708 0.029630
0 0.255990 0.526389 0.015104 0.032407
0 0.270573 0.814815 0.016146 0.035185
0 0.307812 0.325463 0.014583 0.026852
0 0.429688 0.105093 0.020833 0.025000
0 0.407813 0.368519 0.017708 0.033333
0 0.498698 0.491667 0.017188 0.035185
0 0.277344 0.590278 0.017188 0.028704
0 0.319271 0.889815 0.020833 0.025926
0 0.465104 0.850000 0.009375 0.022222
