0.0 0.612835 0.970693 0.014265 0.029395
0.0 0.307976 0.788315 0.017428 0.029789
0.0 0.325576 0.210288 0.019358 0.038907
0.0 0.455340 0.880367 0.018638 0.033886
0.0 0.225995 0.528094 0.018638 0.033886
0.0 0.426195 0.975352 0.018250 0.023972
0.0 0.683244 0.674159 0.015514 0.034483
0.0 0.428843 0.948289 0.020863 0.037121
0.0 0.671695 0.630886 0.014459 0.034352
0.0 0.301772 0.764135 0.019048 0.030977
0.0 0.631386 0.982550 0.017739 0.034901
0.0 0.590930 0.846943 0.016785 0.026750
0.0 0.407333 0.990713 0.027987 0.018574
0.0 0.476207 0.985824 0.018227 0.028353
0.0 0.727011 0.699528 0.016040 0.034549
0.0 0.508552 0.103076 0.022699 0.030445
0.0 0.654127 0.355772 0.018227 0.036793
0.0 0.560674 0.212657 0.021080 0.029257
0.0 0.256630 0.706222 0.020902 0.038112
0.0 0.739614 0.499390 0.019164 0.033951
0.0 0.695859 0.608992 0.016645 0.036596
0.0 0.669010 0.915929 0.017816 0.039701
0.0 0.651832 0.387362 0.015885 0.030584
0.0 0.537716 0.136090 0.022133 0.029388
0.0 0.548815 0.420857 0.019320 0.037916
0.0 0.451667 0.541243 0.018871 0.039833
0.0 0.671569 0.674698 0.018599 0.032894
0.0 0.616579 0.987448 0.022172 0.025105
0.0 0.470648 0.929089 0.010420 0.024971
