0.0 0.744506 0.568961 0.012129 0.021538
0.0 0.397284 0.956967 0.020993 0.028670
0.0 0.668902 0.809685 0.016387 0.032441
0.0 0.654006 0.802252 0.016366 0.030595
0.0 0.313969 0.271621 0.019599 0.042233
0.0 0.719998 0.678857 0.015267 0.024869
0.0 0.454608 0.846194 0.018468 0.033739
0.0 0.419085 0.947953 0.019926 0.025713
0.0 0.577069 0.393899 0.013377 0.040184
0.0 0.473984 0.995343 0.018373 0.009313
0.0 0.710636 0.729366 0.018437 0.030970
0.0 0.471317 0.808169 0.017929 0.031799
0.0 0.674097 0.402115 0.015468 0.042405
0.0 0.696359 0.510447 0.016831 0.026074
0.0 0.399508 0.986912 0.017897 0.026176
0.0 0.445494 0.897580 0.022113 0.036240
0.0 0.402067 0.225273 0.023117 0.033660
0.0 0.713257 0.523504 0.015869 0.032347
0.0 0.498591 0.974999 0.017465 0.036320
0.0 0.371435 0.868626 0.017929 0.031799
0.0 0.659252 0.615256 0.020529 0.033191
0.0 0.702250 0.289717 0.017444 0.034474
0.0 0.478603 0.961121 0.018458 0.032816
0.0 0.240608 0.744496 0.015975 0.041576
0.0 0.617259 0.358068 0.021553 0.032455
0.0 0.543816 0.410513 0.018479 0.034661
0.0 0.450677 0.536062 0.020032 0.034942
0.0 0.674836 0.607828 0.015267 0.024869
0.0 0.715153 0.695852 0.016313 0.025980
0.0 0.671635 0.774192 0.014791 0.028468
0.0 0.445082 0.888444 0.020107 0.041403
