0.0 0.729441 0.566999 0.012786 0.019976
0.0 0.442324 0.927110 0.021425 0.026600
0.0 0.683046 0.790148 0.017549 0.030084
0.0 0.668244 0.783290 0.017378 0.028374
0.0 0.293107 0.292376 0.021270 0.039161
0.0 0.717689 0.668852 0.015910 0.023068
0.0 0.484904 0.824381 0.019546 0.031291
0.0 0.461934 0.918717 0.020214 0.023859
0.0 0.553617 0.405146 0.015448 0.037252
0.0 0.519382 0.969980 0.018779 0.023595
0.0 0.714080 0.715661 0.019291 0.028726
0.0 0.496724 0.789123 0.018898 0.029493
0.0 0.645885 0.412570 0.017530 0.039314
0.0 0.678039 0.512885 0.017430 0.024187
0.0 0.447656 0.956168 0.018642 0.026927
0.0 0.481619 0.872002 0.023063 0.033615
0.0 0.371330 0.249269 0.023764 0.031226
0.0 0.695307 0.524948 0.017071 0.029996
0.0 0.539636 0.943620 0.018846 0.033679
0.0 0.408853 0.845322 0.018897 0.029493
0.0 0.653891 0.610050 0.021374 0.030787
0.0 0.660813 0.308392 0.018676 0.031969
0.0 0.519371 0.930802 0.019461 0.030436
0.0 0.272780 0.730582 0.017923 0.038546
0.0 0.587787 0.371875 0.022244 0.030108
0.0 0.524000 0.420601 0.019631 0.032145
0.0 0.449199 0.537087 0.021066 0.032409
0.0 0.667808 0.603139 0.015910 0.023068
0.0 0.714877 0.684605 0.016952 0.024099
0.0 0.681958 0.757262 0.015773 0.026400
0.0 0.480288 0.863540 0.021663 0.038394
