0.0 0.715543 0.714527 0.019614 0.030269
0.0 0.286798 0.285547 0.020082 0.041285
0.0 0.244005 0.450463 0.017789 0.037888
0.0 0.688255 0.705880 0.017136 0.030443
0.0 0.628129 0.724120 0.018427 0.028105
0.0 0.705158 0.754828 0.017054 0.029513
0.0 0.663577 0.837760 0.018940 0.028257
0.0 0.333470 0.868448 0.016705 0.031223
0.0 0.352847 0.861769 0.015518 0.029059
0.0 0.729756 0.687893 0.019348 0.032910
0.0 0.701015 0.372262 0.015822 0.038213
0.0 0.338886 0.603828 0.018813 0.038190
0.0 0.665596 0.229018 0.017358 0.038667
0.0 0.648186 0.267098 0.018487 0.034469
0.0 0.519598 0.837331 0.018568 0.035399
0.0 0.356143 0.968200 0.021886 0.039098
0.0 0.603473 0.784390 0.017974 0.034317
0.0 0.663983 0.578915 0.019919 0.039423
0.0 0.298582 0.764190 0.019570 0.041133
0.0 0.363760 0.234648 0.024795 0.038144
0.0 0.738848 0.486151 0.017707 0.036957
0.0 0.427772 0.973294 0.020638 0.030571
0.0 0.422336 0.902342 0.023362 0.033189
0.0 0.565877 0.927722 0.022502 0.034748
0.0 0.613595 0.833908 0.018999 0.034620
0.0 0.448091 0.162955 0.022768 0.032107
0.0 0.546180 0.742123 0.022071 0.035527
0.0 0.633442 0.563116 0.016335 0.038364
0.0 0.530690 0.394891 0.021804 0.038167
0.0 0.458349 0.540374 0.014843 0.027046
