0.0 0.266777 0.729798 0.020747 0.027645
0.0 0.720452 0.283360 0.021002 0.038302
0.0 0.770332 0.437378 0.018573 0.035207
0.0 0.296065 0.719218 0.018032 0.028036
0.0 0.361423 0.731554 0.019499 0.025650
0.0 0.278889 0.767442 0.017964 0.027139
0.0 0.325643 0.843192 0.020056 0.025751
0.0 0.682935 0.844530 0.017543 0.028831
0.0 0.661854 0.839789 0.016295 0.026836
0.0 0.250834 0.705543 0.020394 0.030234
0.0 0.274897 0.401385 0.016414 0.035699
0.0 0.671227 0.592031 0.019686 0.035410
0.0 0.309988 0.261451 0.018083 0.036003
0.0 0.329639 0.296376 0.019416 0.031825
0.0 0.481174 0.830571 0.019483 0.032721
0.0 0.660650 0.941808 0.023025 0.036017
0.0 0.389393 0.787076 0.018859 0.031723
0.0 0.319475 0.595790 0.020867 0.036509
0.0 0.718316 0.741908 0.020445 0.038201
0.0 0.636185 0.241231 0.026229 0.034831
0.0 0.236546 0.513464 0.018505 0.034311
0.0 0.583381 0.952753 0.021860 0.027848
0.0 0.587684 0.884467 0.024778 0.030147
0.0 0.433179 0.920903 0.023801 0.031738
0.0 0.379553 0.835271 0.019972 0.031926
0.0 0.543496 0.179851 0.024153 0.029149
0.0 0.450349 0.741814 0.023312 0.032533
0.0 0.352120 0.578096 0.016971 0.035801
0.0 0.459397 0.408571 0.022958 0.035120
0.0 0.540767 0.541506 0.015603 0.024942
