0 0.424740 0.941667 0.017188 0.025926
0 0.278906 0.706944 0.015104 0.026852
0 0.236458 0.706481 0.015625 0.024074
0 0.392969 0.912963 0.017188 0.027778
0 0.282552 0.746296 0.017188 0.027778
0 0.227604 0.689815 0.014583 0.033333
0 0.581510 0.504630 0.014063 0.033333
0 0.345833 0.849074 0.016667 0.024074
0 0.463802 0.834722 0.018229 0.023148
0 0.557292 0.170370 0.020833 0.027778
0 0.283594 0.781481 0.018229 0.024074
0 0.239063 0.289815 0.013542 0.029630
0 0.653125 0.846296 0.019792 0.025926
0 0.592448 0.822685 0.021354 0.028704
0 0.332552 0.506019 0.017188 0.030556
0 0.681510 0.771296 0.017188 0.025926
0 0.526823 0.808333 0.018229 0.022222
0 0.294792 0.200463 0.015625 0.030556
0 0.530469 0.225463 0.024479 0.036111
0 0.665365 0.502778 0.016146 0.037037
0 0.670312 0.708333 0.016667 0.033333
0 0.359375 0.588426 0.021875 0.034259
0 0.443750 0.713889 0.019792 0.025926
0 0.461979 0.893981 0.018750 0.026852
0 0.551042 0.955093 0.019792 0.030556
0 0.512760 0.932407 0.022396 0.025926
0 0.403646 0.385648 0.018750 0.034259
0 0.296354 0.703704 0.012500 0.020370
0 0.637240 0.194907 0.024479 0.037963
