0.0 0.500664 0.979621 0.020330 0.027564
0.0 0.674175 0.785433 0.018146 0.028053
0.0 0.719991 0.792794 0.018516 0.025534
0.0 0.536915 0.958434 0.020458 0.029308
0.0 0.667524 0.821810 0.020458 0.029308
0.0 0.730692 0.778730 0.018032 0.034059
0.0 0.361764 0.539387 0.017471 0.033964
0.0 0.592169 0.906945 0.019640 0.025725
0.0 0.465920 0.871765 0.021261 0.025140
0.0 0.410977 0.229154 0.024389 0.029978
0.0 0.663969 0.854743 0.021325 0.026012
0.0 0.745966 0.400055 0.016653 0.030382
0.0 0.260917 0.847887 0.023139 0.028043
0.0 0.327994 0.836804 0.025015 0.030945
0.0 0.630193 0.586423 0.020650 0.031923
0.0 0.235482 0.772066 0.020330 0.027564
0.0 0.399768 0.835346 0.021197 0.024269
0.0 0.692029 0.305700 0.018964 0.031636
0.0 0.436102 0.285947 0.028898 0.038492
0.0 0.271446 0.522241 0.019974 0.037833
0.0 0.251910 0.714848 0.020280 0.034442
0.0 0.595569 0.659076 0.025961 0.036270
0.0 0.495895 0.761693 0.023139 0.028043
0.0 0.463792 0.927888 0.022079 0.028723
0.0 0.363507 0.969061 0.023458 0.032402
0.0 0.406365 0.954736 0.025947 0.028521
0.0 0.561827 0.460044 0.022590 0.035696
0.0 0.655579 0.779178 0.014890 0.021473
0.0 0.323050 0.237569 0.029026 0.040236
