0.0 0.362613 0.880296 0.015445 0.027758
0.0 0.474742 0.953979 0.016153 0.033270
0.0 0.543733 0.826981 0.013888 0.027614
0.0 0.377502 0.214185 0.017489 0.027039
0.0 0.677578 0.236205 0.016609 0.031498
0.0 0.453390 0.953671 0.019045 0.027183
0.0 0.331663 0.520869 0.018135 0.030731
0.0 0.336586 0.812804 0.016058 0.030539
0.0 0.521130 0.828160 0.017331 0.022485
0.0 0.364213 0.386281 0.019564 0.027231
0.0 0.542776 0.934432 0.016248 0.036003
0.0 0.434604 0.982365 0.022253 0.030204
0.0 0.362328 0.211934 0.014565 0.032215
0.0 0.381261 0.645113 0.017945 0.025266
0.0 0.704252 0.464909 0.014787 0.038592
0.0 0.309855 0.807513 0.015053 0.031354
0.0 0.261814 0.540584 0.019722 0.031786
0.0 0.558493 0.892316 0.018950 0.024451
0.0 0.653407 0.927390 0.018887 0.022629
0.0 0.283142 0.390130 0.020792 0.032792
0.0 0.411275 0.820054 0.021090 0.026465
0.0 0.445868 0.774364 0.023905 0.033080
0.0 0.624154 0.699382 0.017349 0.037921
0.0 0.337146 0.536352 0.012584 0.034756
0.0 0.448533 0.446091 0.019691 0.030875
0.0 0.335371 0.830278 0.015602 0.032311
0.0 0.535160 0.994241 0.013730 0.011518
