0.0 0.708866 0.451499 0.014165 0.035184
0.0 0.300035 0.239211 0.017213 0.037362
0.0 0.651306 0.706028 0.015630 0.026519
0.0 0.634030 0.911336 0.014976 0.023544
0.0 0.646918 0.689150 0.016233 0.037289
0.0 0.710270 0.423865 0.018624 0.027718
0.0 0.678150 0.601277 0.013565 0.033190
0.0 0.333788 0.850700 0.015959 0.032394
0.0 0.698810 0.614480 0.015254 0.037215
0.0 0.724085 0.666176 0.017539 0.034461
0.0 0.256628 0.496123 0.025979 0.045818
0.0 0.633100 0.310666 0.014925 0.031341
0.0 0.595497 0.983041 0.018624 0.027718
0.0 0.652672 0.848983 0.018134 0.027681
0.0 0.509565 0.932930 0.019659 0.028770
0.0 0.643954 0.495680 0.014055 0.033227
0.0 0.251530 0.607116 0.015798 0.038231
0.0 0.379785 0.209652 0.021183 0.029859
0.0 0.326828 0.735202 0.019008 0.034571
0.0 0.327203 0.917559 0.019714 0.029749
0.0 0.277574 0.804268 0.018624 0.027718
0.0 0.569511 0.330168 0.019004 0.025796
0.0 0.491531 0.755826 0.018244 0.029639
0.0 0.680076 0.323869 0.018953 0.033593
0.0 0.524610 0.859048 0.018789 0.030655
0.0 0.599071 0.673555 0.020039 0.026848
0.0 0.554230 0.360315 0.016069 0.034351
0.0 0.671356 0.624890 0.012691 0.026299
