0 0.427865 0.768981 0.016146 0.023148
0 0.286979 0.310648 0.012500 0.026852
0 0.640104 0.194444 0.016667 0.031481
0 0.411979 0.729630 0.018750 0.025926
0 0.377604 0.328241 0.015625 0.034259
0 0.696094 0.350463 0.015104 0.039815
0 0.321875 0.840278 0.018750 0.032407
0 0.415625 0.789815 0.017708 0.024074
0 0.309635 0.727778 0.017188 0.022222
0 0.272917 0.276389 0.016667 0.028704
0 0.676823 0.740741 0.018229 0.044444
0 0.518229 0.962037 0.017708 0.020370
0 0.391406 0.728241 0.014063 0.032407
0 0.267448 0.485185 0.015104 0.038889
0 0.540625 0.797222 0.021875 0.031481
0 0.465885 0.895833 0.018229 0.023148
0 0.496354 0.834722 0.019792 0.028704
0 0.669531 0.533796 0.019271 0.036111
0 0.550000 0.341667 0.019792 0.027778
0 0.680990 0.602778 0.016146 0.038889
0 0.546354 0.903241 0.020833 0.030556
0 0.365365 0.282407 0.021354 0.024074
0 0.602344 0.152315 0.021354 0.028704
0 0.357812 0.129630 0.015625 0.031481
0 0.308333 0.887037 0.018750 0.029630
0 0.343490 0.800463 0.017188 0.030556
0 0.539323 0.959722 0.019271 0.028704
0 0.209375 0.487500 0.015625 0.034259
0 0.400781 0.960185 0.021354 0.027778
0 0.536458 0.821759 0.018750 0.021296
