0 0.683073 0.345370 0.014063 0.025926
0 0.641406 0.200926 0.019271 0.038889
0 0.622656 0.473148 0.015104 0.022222
0 0.376042 0.328241 0.014583 0.032407
0 0.469271 0.737963 0.016667 0.020370
0 0.212240 0.565278 0.017188 0.034259
0 0.316146 0.271296 0.012500 0.031481
0 0.339323 0.759259 0.016146 0.024074
0 0.252344 0.256019 0.018229 0.030556
0 0.672396 0.792593 0.017708 0.029630
0 0.319792 0.900926 0.019792 0.024074
0 0.691406 0.684722 0.017188 0.032407
0 0.296875 0.331481 0.014583 0.031481
0 0.269010 0.604630 0.018229 0.025926
0 0.656250 0.505093 0.018750 0.030556
0 0.607031 0.764352 0.017188 0.026852
0 0.655208 0.662500 0.016667 0.032407
0 0.257812 0.300463 0.015625 0.025000
0 0.379167 0.154630 0.017708 0.033333
0 0.233854 0.513426 0.014583 0.034259
0 0.355208 0.839815 0.018750 0.022222
0 0.600000 0.884722 0.021875 0.039815
0 0.338542 0.861111 0.017708 0.024074
0 0.388281 0.806019 0.022396 0.032407
0 0.489323 0.959722 0.020313 0.025000
0 0.358854 0.180556 0.014583 0.031481
0 0.233594 0.645833 0.016146 0.028704
0 0.558594 0.166667 0.011979 0.037037
0 0.353125 0.771296 0.013542 0.018519
0 0.623698 0.839815 0.008854 0.025926
