0.0 0.733284 0.363498 0.016313 0.028617
0.0 0.680953 0.223198 0.022553 0.042635
0.0 0.677333 0.503123 0.017189 0.025015
0.0 0.409561 0.395036 0.017243 0.035294
0.0 0.531765 0.796983 0.018722 0.023381
0.0 0.251402 0.662299 0.020090 0.037593
0.0 0.343241 0.346657 0.014999 0.034019
0.0 0.396439 0.839371 0.018393 0.027066
0.0 0.275278 0.341291 0.020966 0.033992
0.0 0.748492 0.820165 0.020363 0.032967
0.0 0.384283 0.986391 0.022225 0.027218
0.0 0.762097 0.707395 0.019981 0.035709
0.0 0.326543 0.410957 0.017188 0.034352
0.0 0.313397 0.693279 0.020692 0.029282
0.0 0.714530 0.530263 0.021513 0.034075
0.0 0.678119 0.801859 0.019653 0.030058
0.0 0.722738 0.690561 0.019433 0.035626
0.0 0.283652 0.385632 0.017900 0.027925
0.0 0.402586 0.217921 0.020582 0.036734
0.0 0.271056 0.606102 0.017352 0.037178
0.0 0.417896 0.918788 0.021021 0.025597
0.0 0.677843 0.925434 0.025345 0.043993
0.0 0.401637 0.943111 0.020035 0.027315
0.0 0.450661 0.879133 0.025455 0.036540
0.0 0.382768 0.247536 0.017188 0.034352
0.0 0.278607 0.740843 0.018667 0.031776
0.0 0.591887 0.201552 0.014780 0.039588
0.0 0.411657 0.849415 0.015328 0.020999
0.0 0.700097 0.875971 0.010838 0.027787
