0.0 0.302050 0.301234 0.014841 0.037217
0.0 0.326119 0.210214 0.016384 0.039373
0.0 0.571970 0.374592 0.015416 0.040237
0.0 0.711725 0.736123 0.018841 0.038693
0.0 0.701879 0.722047 0.016202 0.032470
0.0 0.404416 0.983311 0.021299 0.033378
0.0 0.363239 0.978571 0.017118 0.029634
0.0 0.632854 0.807522 0.018189 0.032715
0.0 0.593454 0.856088 0.017537 0.026737
0.0 0.669705 0.704228 0.016958 0.042393
0.0 0.264645 0.387641 0.017429 0.041468
0.0 0.669957 0.884321 0.018582 0.028832
0.0 0.520221 0.210409 0.018505 0.025873
0.0 0.683937 0.579841 0.017925 0.041529
0.0 0.628521 0.327647 0.018059 0.027784
0.0 0.624703 0.378128 0.017352 0.038509
0.0 0.572538 0.959863 0.018111 0.029757
0.0 0.720095 0.474483 0.017822 0.037584
0.0 0.719937 0.689152 0.017770 0.035612
0.0 0.648255 0.534382 0.016751 0.034504
0.0 0.725037 0.646744 0.013771 0.034136
0.0 0.521022 0.227327 0.013982 0.023349
0.0 0.678841 0.584160 0.010764 0.032783
0.0 0.288651 0.355975 0.011446 0.021071
0.0 0.270789 0.390872 0.014030 0.043998
