0.0 0.723958 0.775926 0.014583 0.031481
0.0 0.359635 0.194444 0.017188 0.033333
0.0 0.789323 0.524074 0.010937 0.029630
0.0 0.648177 0.677778 0.018229 0.027778
0.0 0.444531 0.919444 0.016146 0.024074
0.0 0.474219 0.917130 0.019271 0.026852
0.0 0.600260 0.838889 0.017188 0.024074
0.0 0.776042 0.375926 0.014583 0.035185
0.0 0.493490 0.896759 0.017188 0.026852
0.0 0.424219 0.541204 0.017188 0.025000
0.0 0.615625 0.633796 0.019792 0.036111
0.0 0.551302 0.724537 0.017188 0.026852
0.0 0.398698 0.720370 0.018229 0.031481
0.0 0.628906 0.774537 0.017188 0.026852
0.0 0.508333 0.980556 0.017708 0.025926
0.0 0.669010 0.874537 0.021354 0.028704
0.0 0.711979 0.628241 0.016667 0.026852
0.0 0.567708 0.934722 0.018750 0.028704
0.0 0.588281 0.193519 0.019271 0.025926
0.0 0.674740 0.683796 0.018229 0.025000
0.0 0.284896 0.442593 0.015625 0.035185
0.0 0.693490 0.849537 0.017188 0.032407
0.0 0.659375 0.606481 0.015625 0.038889
0.0 0.503906 0.126389 0.021354 0.025000
0.0 0.450000 0.849074 0.018750 0.025926
0.0 0.568490 0.813426 0.017188 0.030556
0.0 0.550260 0.211574 0.017188 0.032407
0.0 0.586198 0.324074 0.014063 0.025926
0.0 0.775000 0.400926 0.018750 0.024074
0.0 0.617188 0.819907 0.010417 0.021296
