0 0.473438 0.239352 0.019792 0.039815
0 0.641667 0.195370 0.017708 0.033333
0 0.440625 0.803704 0.017708 0.027778
0 0.638542 0.701852 0.015625 0.031481
0 0.430729 0.196296 0.014583 0.031481
0 0.546875 0.849537 0.018750 0.030556
0 0.339323 0.862500 0.017188 0.023148
0 0.249219 0.653241 0.015104 0.032407
0 0.305208 0.178704 0.015625 0.031481
0 0.305208 0.830093 0.015625 0.026852
0 0.637240 0.780556 0.017188 0.025926
0 0.612500 0.873611 0.018750 0.032407
0 0.264323 0.571296 0.017188 0.037037
0 0.658333 0.386111 0.021875 0.027778
0 0.392188 0.964815 0.017708 0.022222
0 0.330208 0.686574 0.021875 0.030556
0 0.336198 0.416667 0.015104 0.035185
0 0.544792 0.893519 0.021875 0.027778
0 0.456510 0.930556 0.019271 0.027778
0 0.436458 0.846759 0.018750 0.026852
0 0.419010 0.159259 0.020313 0.025926
0 0.487240 0.950463 0.018229 0.023148
0 0.367969 0.572222 0.016146 0.031481
0 0.707812 0.497685 0.014583 0.034259
0 0.609115 0.583333 0.021354 0.025926
0 0.456250 0.440741 0.018750 0.035185
0 0.616667 0.240741 0.014583 0.022222
0 0.443490 0.785185 0.013021 0.022222
0 0.474740 0.885185 0.021354 0.025926
0 0.498437 0.893056 0.020833 0.015741
