0.0 0.692611 0.307955 0.016741 0.033545
0.0 0.334901 0.895627 0.017564 0.028840
0.0 0.406630 0.961536 0.021225 0.024576
0.0 0.723729 0.251173 0.022725 0.039311
0.0 0.775059 0.412515 0.018691 0.037716
0.0 0.321385 0.797375 0.019453 0.032035
0.0 0.309005 0.321129 0.017875 0.033722
0.0 0.388821 0.990518 0.020720 0.018964
0.0 0.746594 0.544653 0.021536 0.029459
0.0 0.254550 0.429494 0.015668 0.034345
0.0 0.269731 0.384527 0.019639 0.034964
0.0 0.293772 0.619023 0.024303 0.037624
0.0 0.425112 0.941244 0.023682 0.027860
0.0 0.341396 0.726043 0.019001 0.042598
0.0 0.408203 0.338071 0.024745 0.035760
0.0 0.387568 0.554263 0.022538 0.036382
0.0 0.466288 0.924490 0.022733 0.030612
0.0 0.319202 0.926214 0.024295 0.046324
0.0 0.753384 0.766598 0.023984 0.041441
0.0 0.239488 0.571610 0.018442 0.033811
0.0 0.440264 0.761670 0.025694 0.033007
0.0 0.347462 0.225555 0.020340 0.028305
0.0 0.657456 0.981833 0.023106 0.036335
0.0 0.581605 0.818709 0.020580 0.040910
0.0 0.282652 0.487617 0.017308 0.033634
0.0 0.542410 0.349624 0.019329 0.030082
0.0 0.504651 0.483764 0.022219 0.040199
0.0 0.297099 0.638770 0.018069 0.027952
0.0 0.305542 0.911265 0.019080 0.026176
0.0 0.651204 0.314813 0.015987 0.030527
