0.0 0.468109 0.355153 0.019826 0.033845
0.0 0.595512 0.951687 0.016924 0.035621
0.0 0.295941 0.296698 0.021016 0.043779
0.0 0.322167 0.238283 0.020141 0.048647
0.0 0.605465 0.863812 0.015263 0.026641
0.0 0.336107 0.273811 0.014983 0.036477
0.0 0.686914 0.673599 0.013280 0.025524
0.0 0.696459 0.512828 0.010890 0.028320
0.0 0.250961 0.603217 0.019713 0.051575
0.0 0.240645 0.593068 0.018970 0.039700
0.0 0.480987 0.989937 0.019658 0.020125
0.0 0.611914 0.952069 0.020379 0.036837
0.0 0.303928 0.853424 0.015389 0.032563
0.0 0.722622 0.584000 0.015389 0.032563
0.0 0.598775 0.982511 0.019763 0.030884
0.0 0.264000 0.819140 0.017330 0.031707
0.0 0.687180 0.281380 0.014961 0.035490
0.0 0.490776 0.958690 0.019251 0.029865
0.0 0.476765 0.834477 0.016350 0.031642
0.0 0.616922 0.578750 0.017288 0.029733
0.0 0.722863 0.538162 0.017737 0.027792
0.0 0.440619 0.921641 0.019167 0.025917
0.0 0.579303 0.758149 0.021276 0.032957
0.0 0.367254 0.916199 0.018290 0.030786
0.0 0.602499 0.727036 0.013511 0.036378
0.0 0.685505 0.509619 0.014324 0.028550
0.0 0.509301 0.502676 0.016329 0.030655
0.0 0.273977 0.707119 0.015004 0.037464
0.0 0.351277 0.320591 0.013813 0.027530
