0.0 0.252109 0.370457 0.015717 0.038100
0.0 0.323418 0.817630 0.017209 0.033085
0.0 0.311542 0.208557 0.017864 0.037165
0.0 0.691911 0.494424 0.016693 0.034081
0.0 0.609243 0.986063 0.020933 0.027875
0.0 0.599644 0.751638 0.020695 0.041326
0.0 0.376629 0.158127 0.017809 0.035135
0.0 0.664927 0.584873 0.017781 0.034121
0.0 0.509783 0.861607 0.017781 0.034121
0.0 0.591257 0.958100 0.020389 0.030161
0.0 0.421838 0.931514 0.019789 0.028110
0.0 0.689760 0.751413 0.015605 0.034040
0.0 0.284010 0.924385 0.024154 0.048553
0.0 0.476805 0.843115 0.019189 0.026060
0.0 0.571267 0.108931 0.023164 0.032292
0.0 0.634465 0.822019 0.015633 0.035054
0.0 0.725382 0.633849 0.017348 0.038160
0.0 0.721397 0.570704 0.015661 0.036069
0.0 0.358575 0.766602 0.021533 0.032231
0.0 0.614673 0.640424 0.019551 0.039256
0.0 0.620178 0.390163 0.020877 0.028151
0.0 0.471511 0.361296 0.021533 0.032231
0.0 0.534247 0.436266 0.014922 0.028944
0.0 0.687263 0.574522 0.013917 0.031950
0.0 0.607929 0.916041 0.015383 0.025919
0.0 0.329971 0.330661 0.016581 0.030020
