0 0.527865 0.908333 0.016146 0.024074
0 0.426823 0.943519 0.016146 0.018519
0 0.642188 0.195370 0.018750 0.038889
0 0.546875 0.898148 0.021875 0.031481
0 0.385677 0.752315 0.017188 0.025000
0 0.674479 0.266204 0.018750 0.034259
0 0.350521 0.852778 0.015625 0.037037
0 0.473177 0.724074 0.019271 0.025926
0 0.417448 0.968981 0.016146 0.021296
0 0.367969 0.693056 0.017188 0.039815
0 0.315104 0.778704 0.017708 0.025926
0 0.260156 0.261111 0.014063 0.029630
0 0.591667 0.158333 0.025000 0.037037
0 0.457813 0.856481 0.018750 0.031481
0 0.511458 0.760185 0.020833 0.024074
0 0.349219 0.894444 0.018229 0.025926
0 0.277344 0.841204 0.017188 0.025000
0 0.297917 0.363889 0.017708 0.035185
0 0.552344 0.700463 0.017188 0.030556
0 0.274219 0.663426 0.017188 0.034259
0 0.677865 0.785648 0.021354 0.032407
0 0.223698 0.547685 0.015104 0.032407
0 0.362760 0.147222 0.020313 0.031481
0 0.609635 0.492593 0.018229 0.025926
0 0.467187 0.248148 0.019792 0.031481
0 0.240365 0.687500 0.018229 0.030556
0 0.312760 0.156019 0.019271 0.028704
0 0.378646 0.362500 0.013542 0.021296
0 0.486719 0.332870 0.017188 0.028704
