0 0.309375 0.857870 0.016667 0.023148
0 0.326042 0.794907 0.014583 0.026852
0 0.641406 0.198148 0.017188 0.037037
0 0.368490 0.812500 0.015104 0.021296
0 0.331771 0.774074 0.015625 0.022222
0 0.325781 0.903241 0.017188 0.021296
0 0.269531 0.627778 0.015104 0.029630
0 0.474740 0.928704 0.015104 0.020370
0 0.241667 0.742593 0.014583 0.029630
0 0.426823 0.254167 0.018229 0.025000
0 0.315885 0.187963 0.015104 0.029630
0 0.315885 0.531481 0.017188 0.035185
0 0.255729 0.256481 0.014583 0.027778
0 0.455469 0.374537 0.017188 0.030556
0 0.691406 0.753704 0.019271 0.025926
0 0.242708 0.632870 0.013542 0.030556
0 0.594010 0.800000 0.017188 0.022222
0 0.462760 0.793519 0.018229 0.031481
0 0.402604 0.947222 0.021875 0.031481
0 0.400781 0.664815 0.023438 0.033333
0 0.260677 0.700926 0.014063 0.033333
0 0.219271 0.586574 0.013542 0.034259
0 0.694792 0.708796 0.018750 0.030556
0 0.266667 0.450000 0.015625 0.031481
0 0.405469 0.198611 0.018229 0.036111
0 0.302344 0.618519 0.014063 0.035185
0 0.354948 0.352315 0.018229 0.034259
0 0.311719 0.843519 0.014063 0.014815
0 0.607031 0.272685 0.013021 0.017593
0 0.614323 0.334259 0.018229 0.031481
