0 0.376563 0.230093 0.019792 0.028704
0 0.354687 0.802315 0.017708 0.025000
0 0.642969 0.199537 0.018229 0.037963
0 0.250000 0.631944 0.016667 0.026852
0 0.488542 0.958333 0.017708 0.022222
0 0.337500 0.876389 0.019792 0.028704
0 0.502604 0.921759 0.016667 0.025000
0 0.370052 0.734259 0.020313 0.025926
0 0.262760 0.559259 0.011979 0.027778
0 0.715625 0.587500 0.019792 0.039815
0 0.360938 0.124074 0.021875 0.029630
0 0.703646 0.697222 0.017708 0.024074
0 0.683333 0.541204 0.018750 0.032407
0 0.545312 0.587963 0.017708 0.025926
0 0.317448 0.298611 0.015104 0.032407
0 0.225000 0.451389 0.012500 0.032407
0 0.279427 0.774537 0.014063 0.028704
0 0.534115 0.940741 0.020313 0.031481
0 0.270573 0.287037 0.021354 0.029630
0 0.218490 0.553241 0.016146 0.034259
0 0.347917 0.707407 0.016667 0.035185
0 0.404427 0.976389 0.020313 0.026852
0 0.309375 0.574074 0.019792 0.024074
0 0.570312 0.831481 0.017708 0.025926
0 0.261198 0.345370 0.015104 0.033333
0 0.408594 0.895833 0.019271 0.025000
0 0.499740 0.844907 0.018229 0.030556
0 0.226562 0.489352 0.013542 0.025000
0 0.690885 0.675000 0.011979 0.027778
0 0.622135 0.318056 0.015104 0.021296
