0.0 0.642188 0.197222 0.017708 0.037037
0.0 0.378385 0.743519 0.015104 0.035185
0.0 0.686458 0.726852 0.014583 0.029630
0.0 0.213542 0.542593 0.014583 0.035185
0.0 0.235677 0.491667 0.011979 0.024074
0.0 0.228906 0.562500 0.014063 0.036111
0.0 0.244531 0.769444 0.016146 0.024074
0.0 0.277604 0.632870 0.012500 0.026852
0.0 0.267188 0.340278 0.014583 0.034259
0.0 0.703906 0.699537 0.017188 0.037963
0.0 0.356250 0.718981 0.015625 0.028704
0.0 0.685156 0.684722 0.015104 0.032407
0.0 0.258594 0.577315 0.015104 0.032407
0.0 0.519792 0.177778 0.023958 0.033333
0.0 0.543490 0.925926 0.017188 0.022222
0.0 0.221875 0.631944 0.015625 0.032407
0.0 0.554948 0.896759 0.019271 0.026852
0.0 0.705990 0.398611 0.018229 0.045370
0.0 0.426563 0.186574 0.020833 0.028704
0.0 0.392448 0.650926 0.019271 0.025926
0.0 0.635417 0.706481 0.016667 0.031481
0.0 0.621615 0.892593 0.020313 0.031481
0.0 0.386198 0.129167 0.019271 0.023148
0.0 0.355729 0.904167 0.017708 0.025000
0.0 0.305729 0.438889 0.019792 0.031481
0.0 0.220833 0.398148 0.017708 0.031481
0.0 0.309115 0.270833 0.014063 0.028704
0.0 0.227865 0.510185 0.013021 0.020370
0.0 0.277604 0.415278 0.011458 0.023148
