0.0 0.307805 0.249281 0.017687 0.036788
0.0 0.571108 0.791939 0.015205 0.034931
0.0 0.284256 0.772272 0.014536 0.029435
0.0 0.717626 0.595066 0.014721 0.034926
0.0 0.695364 0.544505 0.011932 0.023917
0.0 0.704009 0.614581 0.014268 0.035835
0.0 0.696362 0.818949 0.015804 0.023960
0.0 0.661090 0.683625 0.012508 0.026668
0.0 0.661052 0.394555 0.014690 0.034010
0.0 0.267134 0.745095 0.017234 0.037698
0.0 0.590863 0.767916 0.015474 0.028531
0.0 0.284067 0.730647 0.015113 0.032186
0.0 0.676912 0.628916 0.015113 0.032186
0.0 0.420904 0.231332 0.023372 0.033192
0.0 0.423731 0.970506 0.016711 0.022141
0.0 0.712850 0.683288 0.015597 0.032191
0.0 0.412115 0.941560 0.018801 0.026739
0.0 0.255202 0.447658 0.018448 0.045030
0.0 0.507836 0.240992 0.020314 0.028585
0.0 0.554963 0.700280 0.018770 0.025823
0.0 0.331013 0.752668 0.016535 0.031287
0.0 0.350021 0.936752 0.019923 0.031324
0.0 0.543441 0.184673 0.018678 0.023078
0.0 0.597499 0.950947 0.017287 0.024892
0.0 0.628510 0.491616 0.019439 0.031319
0.0 0.706052 0.452231 0.017502 0.031297
0.0 0.619781 0.325486 0.014022 0.028515
0.0 0.703239 0.562887 0.012777 0.020267
0.0 0.653863 0.468572 0.011417 0.022997
