0 0.427083 0.152778 0.017708 0.024074
0 0.512240 0.477315 0.016146 0.032407
0 0.642969 0.193981 0.018229 0.034259
0 0.389323 0.943519 0.019271 0.025926
0 0.510156 0.881944 0.015104 0.017593
0 0.283594 0.835185 0.016146 0.024074
0 0.347396 0.695370 0.018750 0.031481
0 0.415104 0.953241 0.018750 0.021296
0 0.618750 0.283796 0.017708 0.025000
0 0.347396 0.885648 0.017708 0.030556
0 0.377344 0.713426 0.016146 0.030556
0 0.353906 0.918981 0.019271 0.025000
0 0.560417 0.857870 0.017708 0.025000
0 0.388281 0.828241 0.019271 0.025000
0 0.597917 0.901852 0.022917 0.038889
0 0.273177 0.701389 0.014063 0.036111
0 0.383073 0.138889 0.016146 0.022222
0 0.259375 0.742593 0.016667 0.027778
0 0.211979 0.443056 0.015625 0.034259
0 0.416146 0.717130 0.019792 0.026852
0 0.515365 0.973611 0.019271 0.023148
0 0.221354 0.502778 0.016667 0.031481
0 0.292969 0.194907 0.021354 0.028704
0 0.273438 0.380556 0.016667 0.029630
0 0.379688 0.172222 0.015625 0.027778
0 0.346354 0.805556 0.013542 0.024074
0 0.433333 0.920833 0.014583 0.023148
