0.0 0.454032 0.993835 0.014544 0.012330
0.0 0.675412 0.226677 0.015776 0.034451
0.0 0.408097 0.662590 0.017606 0.027581
0.0 0.444602 0.719445 0.013213 0.031494
0.0 0.652462 0.947607 0.017201 0.031510
0.0 0.482164 0.883415 0.018931 0.041342
0.0 0.394231 0.927984 0.017061 0.025613
0.0 0.386353 0.953075 0.018175 0.030531
0.0 0.377142 0.618980 0.017770 0.034459
0.0 0.363333 0.635741 0.016368 0.038384
0.0 0.631720 0.966361 0.017559 0.025615
0.0 0.315986 0.521437 0.015752 0.033468
0.0 0.639354 0.889185 0.017629 0.028564
0.0 0.408590 0.160408 0.017559 0.025615
0.0 0.309473 0.436457 0.014732 0.032483
0.0 0.698610 0.917451 0.018128 0.028565
0.0 0.285051 0.415914 0.013688 0.030513
0.0 0.336704 0.428487 0.018673 0.030533
0.0 0.421995 0.294008 0.020052 0.025625
0.0 0.646578 0.826261 0.018315 0.036426
0.0 0.309231 0.708676 0.018175 0.030531
0.0 0.502070 0.254384 0.020597 0.027593
0.0 0.485187 0.414145 0.024251 0.034484
0.0 0.297401 0.620276 0.013782 0.034443
0.0 0.332227 0.512529 0.014708 0.031500
0.0 0.490298 0.910900 0.015612 0.027573
0.0 0.603438 0.990590 0.017512 0.018819
0.0 0.682783 0.337207 0.016345 0.037401
