0.0 0.516134 0.981603 0.015765 0.026467
0.0 0.711825 0.787647 0.016939 0.031385
0.0 0.723334 0.819491 0.016365 0.029408
0.0 0.679758 0.249429 0.019312 0.042185
0.0 0.366807 0.671534 0.016660 0.040015
0.0 0.475104 0.922498 0.016778 0.025599
0.0 0.382629 0.793226 0.016231 0.024587
0.0 0.386365 0.321803 0.017978 0.031482
0.0 0.707380 0.665085 0.017099 0.037170
0.0 0.683706 0.745609 0.017978 0.031482
0.0 0.362423 0.858681 0.015711 0.024538
0.0 0.694630 0.896182 0.021230 0.036591
0.0 0.537075 0.849369 0.019376 0.025840
0.0 0.765915 0.598852 0.017592 0.036254
0.0 0.338011 0.204312 0.020083 0.032638
0.0 0.452000 0.715974 0.018792 0.042137
0.0 0.317907 0.553030 0.014341 0.031145
0.0 0.587013 0.800133 0.020522 0.029793
0.0 0.290489 0.554819 0.016553 0.036158
0.0 0.448139 0.651655 0.017566 0.035290
0.0 0.423329 0.318494 0.015594 0.038955
0.0 0.458166 0.154847 0.020442 0.026900
0.0 0.270363 0.623167 0.013955 0.035917
0.0 0.528827 0.142635 0.019376 0.025840
0.0 0.327568 0.490445 0.020683 0.035579
0.0 0.340598 0.763364 0.014566 0.020586
0.0 0.344762 0.773367 0.012342 0.033844
0.0 0.666044 0.371271 0.016697 0.022706
