0.0 0.463205 0.941738 0.017027 0.019333
0.0 0.703699 0.784674 0.018728 0.021091
0.0 0.617475 0.837318 0.019986 0.031631
0.0 0.553663 0.823223 0.023828 0.026365
0.0 0.305483 0.259623 0.025635 0.036027
0.0 0.612062 0.824140 0.013185 0.024601
0.0 0.744817 0.489586 0.014980 0.033385
0.0 0.678536 0.534777 0.014362 0.028994
0.0 0.616752 0.891334 0.017668 0.025482
0.0 0.683998 0.669602 0.016632 0.031629
0.0 0.219754 0.651296 0.021187 0.037781
0.0 0.464522 0.258409 0.019309 0.022848
0.0 0.393364 0.229378 0.023828 0.026365
0.0 0.432001 0.992374 0.021010 0.015252
0.0 0.722365 0.789078 0.018239 0.026361
0.0 0.267353 0.498500 0.017250 0.036022
0.0 0.549678 0.703331 0.020651 0.039537
0.0 0.430218 0.963235 0.019880 0.023727
0.0 0.706715 0.684549 0.015468 0.028116
0.0 0.519272 0.719999 0.016108 0.034264
0.0 0.401840 0.431396 0.020451 0.024606
0.0 0.744896 0.713557 0.016632 0.031629
0.0 0.314215 0.902117 0.022199 0.029876
0.0 0.669543 0.371404 0.019951 0.028997
0.0 0.629030 0.662979 0.017180 0.030751
0.0 0.513286 0.916738 0.021605 0.027242
0.0 0.562112 0.964638 0.023269 0.026364
0.0 0.432486 0.793721 0.021140 0.034267
0.0 0.689467 0.511508 0.022152 0.026364
0.0 0.582014 0.960259 0.020404 0.021092
