0.0 0.487472 0.983022 0.017656 0.021967
0.0 0.286719 0.800778 0.019402 0.023970
0.0 0.359167 0.862059 0.021654 0.035676
0.0 0.419608 0.848702 0.024637 0.029977
0.0 0.720133 0.233750 0.027302 0.040730
0.0 0.365836 0.847666 0.014674 0.027667
0.0 0.286903 0.472800 0.017237 0.037448
0.0 0.341987 0.525132 0.016212 0.032568
0.0 0.352882 0.921856 0.018885 0.028793
0.0 0.319624 0.674134 0.018573 0.035561
0.0 0.748511 0.670174 0.023397 0.042521
0.0 0.574170 0.226824 0.020119 0.025934
0.0 0.643282 0.197197 0.024637 0.029977
0.0 0.269003 0.804996 0.019501 0.029785
0.0 0.724436 0.499423 0.019598 0.040442
0.0 0.438693 0.716172 0.023088 0.044447
0.0 0.515014 0.997253 0.020735 0.005495
0.0 0.296829 0.689876 0.017138 0.031634
0.0 0.464485 0.735684 0.018366 0.038459
0.0 0.609506 0.420447 0.021351 0.027917
0.0 0.258019 0.720636 0.018573 0.035561
0.0 0.629456 0.944408 0.023505 0.033808
0.0 0.371267 0.344665 0.021348 0.032760
0.0 0.370979 0.668735 0.018984 0.034608
0.0 0.444675 0.953600 0.022685 0.030873
0.0 0.393654 0.994956 0.024123 0.010089
0.0 0.534737 0.820309 0.022989 0.038632
0.0 0.334937 0.499001 0.023096 0.029920
0.0 0.375932 0.993666 0.020942 0.012668
