0.0 0.710643 0.560258 0.013263 0.028281
0.0 0.734783 0.587724 0.014500 0.038810
0.0 0.689154 0.649668 0.017032 0.030380
0.0 0.688567 0.553866 0.016102 0.038894
0.0 0.673133 0.615956 0.020189 0.027691
0.0 0.670710 0.683013 0.015429 0.030297
0.0 0.428662 0.894333 0.018100 0.030436
0.0 0.309563 0.228676 0.020390 0.040069
0.0 0.678326 0.575726 0.015460 0.032201
0.0 0.715131 0.448044 0.014454 0.035953
0.0 0.553672 0.600196 0.021412 0.037268
0.0 0.747680 0.599832 0.017109 0.035140
0.0 0.526425 0.781265 0.018541 0.024750
0.0 0.495091 0.993246 0.016451 0.013508
0.0 0.453177 0.915148 0.016574 0.035113
0.0 0.676725 0.856288 0.019121 0.027635
0.0 0.747619 0.554087 0.019717 0.031472
0.0 0.522627 0.916864 0.022952 0.033542
0.0 0.603956 0.861545 0.017093 0.034188
0.0 0.686036 0.346943 0.013843 0.031166
0.0 0.641544 0.949749 0.021258 0.027747
0.0 0.433235 0.975097 0.020189 0.027691
0.0 0.743224 0.462374 0.017612 0.033264
0.0 0.401303 0.998792 0.025149 0.002417
0.0 0.664021 0.336741 0.012133 0.024416
0.0 0.462044 0.168970 0.018510 0.022846
0.0 0.676890 0.532292 0.015321 0.023631
0.0 0.513192 0.996604 0.014239 0.006792
