0.0 0.675660 0.464557 0.012295 0.033490
0.0 0.698072 0.484777 0.013672 0.045001
0.0 0.662205 0.567365 0.015616 0.036697
0.0 0.656231 0.465934 0.015059 0.045504
0.0 0.646446 0.537517 0.018269 0.034655
0.0 0.648180 0.609561 0.014227 0.036193
0.0 0.451219 0.923231 0.016542 0.037032
0.0 0.310395 0.260971 0.018802 0.047862
0.0 0.648636 0.492913 0.014309 0.038225
0.0 0.673133 0.343837 0.013549 0.041953
0.0 0.542388 0.564945 0.019605 0.045150
0.0 0.709901 0.492858 0.015821 0.041775
0.0 0.529190 0.767133 0.016757 0.031104
0.0 0.514626 0.997155 0.015030 0.005690
0.0 0.473577 0.936255 0.015358 0.041608
0.0 0.663261 0.791186 0.017343 0.034320
0.0 0.707238 0.444344 0.017970 0.038551
0.0 0.533647 0.912409 0.020829 0.041589
0.0 0.600722 0.823658 0.015780 0.040760
0.0 0.642240 0.247320 0.012881 0.036706
0.0 0.638212 0.903352 0.019195 0.034991
0.0 0.459776 0.994952 0.018269 0.010095
0.0 0.698210 0.348659 0.016202 0.039911
0.0 0.622648 0.244631 0.011205 0.029090
0.0 0.438661 0.141268 0.016675 0.029072
0.0 0.644918 0.447358 0.013940 0.029081
0.0 0.530501 0.997518 0.012974 0.004964
