0.0 0.754167 0.496759 0.012500 0.026852
0.0 0.778125 0.522222 0.013542 0.037037
0.0 0.734635 0.584722 0.016146 0.028704
0.0 0.732552 0.491667 0.015104 0.037037
0.0 0.718490 0.552778 0.019271 0.025926
0.0 0.717187 0.618056 0.014583 0.028704
0.0 0.484635 0.835648 0.017188 0.028704
0.0 0.358073 0.194907 0.019271 0.037963
0.0 0.722917 0.513426 0.014583 0.030556
0.0 0.756771 0.387500 0.013542 0.034259
0.0 0.586979 0.958333 0.018750 0.025926
0.0 0.601823 0.543519 0.020313 0.035185
0.0 0.790885 0.533333 0.016146 0.033333
0.0 0.578125 0.720833 0.017708 0.023148
0.0 0.551042 0.935185 0.015625 0.025926
0.0 0.508854 0.854630 0.015625 0.033333
0.0 0.725781 0.786111 0.018229 0.025926
0.0 0.790104 0.488889 0.018750 0.029630
0.0 0.576562 0.852778 0.021875 0.031481
0.0 0.654948 0.794907 0.016146 0.032407
0.0 0.726823 0.290741 0.013021 0.029630
0.0 0.692969 0.878704 0.020313 0.025926
0.0 0.559115 0.978241 0.020313 0.026852
0.0 0.490365 0.913889 0.019271 0.025926
0.0 0.784375 0.400000 0.016667 0.031481
0.0 0.459896 0.955556 0.023958 0.035185
0.0 0.705208 0.281944 0.011458 0.023148
0.0 0.505729 0.129167 0.017708 0.021296
0.0 0.720833 0.471296 0.014583 0.022222
0.0 0.568750 0.938426 0.013542 0.021296
