0 0.443490 0.933796 0.015104 0.021296
0 0.468490 0.959722 0.016146 0.023148
0 0.642188 0.200463 0.018750 0.039815
0 0.278125 0.510648 0.013542 0.037963
0 0.318229 0.855093 0.018750 0.021296
0 0.267448 0.539352 0.017188 0.030556
0 0.480208 0.859722 0.019792 0.023148
0 0.291667 0.836111 0.015625 0.027778
0 0.485156 0.888889 0.017188 0.024074
0 0.380729 0.311111 0.015625 0.024074
0 0.324479 0.325000 0.013542 0.027778
0 0.353906 0.744444 0.020313 0.025926
0 0.468229 0.368519 0.014583 0.031481
0 0.260937 0.626389 0.015625 0.034259
0 0.622656 0.747685 0.019271 0.026852
0 0.380990 0.475926 0.020313 0.037037
0 0.397917 0.743056 0.019792 0.025000
0 0.436198 0.123611 0.021354 0.026852
0 0.595573 0.640741 0.018229 0.029630
0 0.393490 0.962500 0.018229 0.021296
0 0.419010 0.806481 0.019271 0.025926
0 0.564583 0.840278 0.018750 0.032407
0 0.292708 0.284259 0.020833 0.027778
0 0.330990 0.904630 0.018229 0.029630
0 0.233333 0.694444 0.015625 0.035185
0 0.313542 0.341204 0.013542 0.025000
0 0.266146 0.480556 0.017708 0.033333
0 0.267188 0.667130 0.011458 0.023148
0 0.357552 0.782870 0.021354 0.028704
0 0.438281 0.962037 0.020313 0.027778
0 0.627604 0.308796 0.016667 0.034259
