0.0 0.593930 0.875596 0.016877 0.023423
0.0 0.349611 0.244900 0.015519 0.028500
0.0 0.327250 0.282430 0.015678 0.033670
0.0 0.321556 0.638910 0.018794 0.020102
0.0 0.535071 0.279726 0.019060 0.028722
0.0 0.293521 0.590346 0.021402 0.022846
0.0 0.611020 0.853450 0.017410 0.024317
0.0 0.559660 0.693661 0.013949 0.026681
0.0 0.494956 0.982874 0.020445 0.024507
0.0 0.566230 0.251536 0.019086 0.029583
0.0 0.634818 0.818411 0.017357 0.022593
0.0 0.262945 0.566887 0.017649 0.032073
0.0 0.606457 0.919541 0.018341 0.021794
0.0 0.303291 0.306297 0.019885 0.039096
0.0 0.677503 0.441117 0.021136 0.030571
0.0 0.559458 0.921197 0.019433 0.024444
0.0 0.288659 0.829787 0.016451 0.025977
0.0 0.460877 0.909312 0.018315 0.020932
0.0 0.591209 0.440075 0.023133 0.029837
0.0 0.677256 0.588227 0.017543 0.028626
0.0 0.716624 0.465761 0.012963 0.027479
0.0 0.364917 0.828877 0.020418 0.023645
0.0 0.467823 0.847803 0.022574 0.028082
0.0 0.247060 0.754546 0.020418 0.023645
0.0 0.727954 0.515803 0.014535 0.029298
0.0 0.668090 0.705359 0.020445 0.024507
0.0 0.709594 0.710069 0.021242 0.034019
0.0 0.670213 0.562863 0.022254 0.034082
0.0 0.562620 0.802292 0.020551 0.027955
0.0 0.398451 0.314526 0.016345 0.022529
