0.0 0.325781 0.478704 0.014063 0.031481
0.0 0.658333 0.230556 0.015625 0.035185
0.0 0.673698 0.728241 0.020313 0.025000
0.0 0.639323 0.201852 0.018229 0.038889
0.0 0.493750 0.954167 0.018750 0.023148
0.0 0.330469 0.310648 0.016146 0.021296
0.0 0.607031 0.173148 0.017188 0.027778
0.0 0.476823 0.980093 0.018229 0.028704
0.0 0.230729 0.388426 0.014583 0.032407
0.0 0.315625 0.871759 0.015625 0.025000
0.0 0.453125 0.124074 0.016667 0.024074
0.0 0.222396 0.370370 0.017708 0.031481
0.0 0.711979 0.570833 0.018750 0.034259
0.0 0.692708 0.713889 0.016667 0.033333
0.0 0.328906 0.782407 0.016146 0.022222
0.0 0.628646 0.653704 0.015625 0.037037
0.0 0.359115 0.508796 0.018229 0.037963
0.0 0.503125 0.752778 0.014583 0.031481
0.0 0.384896 0.957407 0.023958 0.038889
0.0 0.313021 0.548148 0.017708 0.033333
0.0 0.493490 0.880093 0.019271 0.023148
0.0 0.541146 0.959722 0.018750 0.028704
0.0 0.552344 0.772222 0.020313 0.024074
0.0 0.521354 0.802778 0.019792 0.024074
0.0 0.542448 0.884722 0.020313 0.025000
0.0 0.274219 0.523148 0.021354 0.035185
0.0 0.338542 0.322222 0.018750 0.024074
0.0 0.377344 0.776852 0.023438 0.027778
0.0 0.702083 0.540741 0.016667 0.046296
0.0 0.603125 0.194907 0.015625 0.028704
