0.0 0.706502 0.275351 0.017161 0.030272
0.0 0.394040 0.899088 0.017422 0.022537
0.0 0.679669 0.584915 0.015477 0.027592
0.0 0.331731 0.517357 0.015059 0.033596
0.0 0.414474 0.724477 0.018871 0.022621
0.0 0.630424 0.227872 0.015972 0.022453
0.0 0.409290 0.913023 0.020634 0.026168
0.0 0.435870 0.984181 0.016298 0.020750
0.0 0.480697 0.990339 0.019589 0.019321
0.0 0.421467 0.703561 0.022802 0.028877
0.0 0.316012 0.425505 0.015150 0.029296
0.0 0.747486 0.578831 0.022933 0.040941
0.0 0.657660 0.723318 0.018128 0.030328
0.0 0.351492 0.414505 0.017396 0.032870
0.0 0.480030 0.799631 0.019028 0.024353
0.0 0.278164 0.556465 0.019003 0.034685
0.0 0.382691 0.850132 0.017017 0.023375
0.0 0.437714 0.947738 0.017422 0.022537
0.0 0.300062 0.421973 0.014981 0.032730
0.0 0.375931 0.466393 0.018049 0.029464
0.0 0.374106 0.778709 0.018871 0.022621
0.0 0.399962 0.364658 0.023285 0.028905
0.0 0.356924 0.815571 0.018780 0.026922
0.0 0.399191 0.965525 0.019197 0.020917
0.0 0.568266 0.897853 0.020804 0.022733
0.0 0.708131 0.568286 0.019799 0.038176
0.0 0.502986 0.200484 0.021443 0.024492
0.0 0.342937 0.506257 0.016599 0.029380
0.0 0.412957 0.797491 0.023376 0.024604
0.0 0.696327 0.296518 0.014915 0.026698
