0.0 0.299875 0.231282 0.016916 0.033246
0.0 0.591377 0.952031 0.017996 0.024478
0.0 0.296963 0.579832 0.015227 0.030312
0.0 0.704751 0.529042 0.014138 0.037130
0.0 0.586921 0.755053 0.019673 0.024487
0.0 0.392609 0.183554 0.016319 0.024468
0.0 0.572305 0.966546 0.021368 0.028397
0.0 0.581156 0.731132 0.023616 0.031335
0.0 0.732867 0.427315 0.014676 0.032259
0.0 0.219582 0.568174 0.022557 0.044979
0.0 0.307184 0.736379 0.018034 0.033252
0.0 0.693237 0.412463 0.016929 0.036171
0.0 0.503274 0.834522 0.019681 0.026437
0.0 0.762128 0.576660 0.018615 0.038131
0.0 0.609781 0.898024 0.017441 0.025449
0.0 0.535806 0.995574 0.017996 0.008852
0.0 0.751608 0.424499 0.014133 0.036155
0.0 0.659448 0.468818 0.018030 0.032278
0.0 0.627458 0.818663 0.019673 0.024487
0.0 0.642898 0.353184 0.024175 0.031338
0.0 0.643207 0.861165 0.019135 0.029359
0.0 0.391009 0.938201 0.021910 0.024500
0.0 0.266024 0.559178 0.019190 0.042034
0.0 0.542256 0.161991 0.022477 0.026453
0.0 0.693067 0.515812 0.016352 0.032268
0.0 0.580696 0.836918 0.024713 0.026466
0.0 0.309273 0.255711 0.014663 0.029334
