0 0.520312 0.174074 0.015625 0.024074
0 0.300781 0.822222 0.017188 0.029630
0 0.639062 0.200926 0.018750 0.037037
0 0.660937 0.414352 0.016667 0.032407
0 0.628646 0.670833 0.018750 0.025000
0 0.225000 0.340741 0.013542 0.031481
0 0.334115 0.292593 0.022396 0.040741
0 0.706771 0.464352 0.016667 0.034259
0 0.239583 0.462037 0.012500 0.033333
0 0.242448 0.710648 0.018229 0.030556
0 0.398698 0.190741 0.021354 0.027778
0 0.310156 0.384259 0.018229 0.024074
0 0.207813 0.478241 0.013542 0.028704
0 0.263542 0.529167 0.012500 0.028704
0 0.709635 0.425463 0.024479 0.037963
0 0.553646 0.914815 0.021875 0.027778
0 0.300521 0.871296 0.019792 0.024074
0 0.666406 0.686111 0.020313 0.025926
0 0.486979 0.891667 0.017708 0.022222
0 0.415625 0.852778 0.017708 0.033333
0 0.450781 0.826389 0.020313 0.028704
0 0.488542 0.959259 0.020833 0.025926
0 0.388542 0.891204 0.020833 0.028704
0 0.311719 0.305093 0.016146 0.034259
0 0.274219 0.593519 0.013021 0.024074
0 0.378906 0.828704 0.019271 0.029630
0 0.625521 0.489815 0.018750 0.024074
0 0.677344 0.442593 0.014063 0.022222
0 0.627344 0.228241 0.016146 0.021296
0 0.561458 0.252778 0.016667 0.024074
