0 0.640625 0.198611 0.018750 0.036111
0 0.482031 0.213426 0.020313 0.026852
0 0.640365 0.850926 0.021354 0.025926
0 0.653385 0.827315 0.018229 0.039815
0 0.339583 0.374537 0.013542 0.028704
0 0.491146 0.632407 0.016667 0.033333
0 0.707292 0.663426 0.019792 0.043519
0 0.360677 0.361574 0.015104 0.026852
0 0.375781 0.678241 0.016146 0.036111
0 0.373177 0.270833 0.018229 0.037963
0 0.614583 0.901389 0.019792 0.025000
0 0.369271 0.930093 0.017708 0.021296
0 0.260417 0.605556 0.013542 0.033333
0 0.213281 0.449074 0.013021 0.033333
0 0.500781 0.814352 0.015104 0.032407
0 0.328385 0.779630 0.015104 0.029630
0 0.291927 0.358333 0.016146 0.035185
0 0.264844 0.719444 0.014063 0.029630
0 0.554167 0.730093 0.016667 0.037963
0 0.580469 0.428704 0.019271 0.033333
0 0.428906 0.449074 0.019271 0.024074
0 0.371354 0.121759 0.020833 0.028704
0 0.572396 0.525926 0.020833 0.031481
0 0.421354 0.781019 0.020833 0.026852
0 0.396094 0.256019 0.014063 0.036111
0 0.450781 0.960648 0.020313 0.028704
0 0.419792 0.212500 0.020833 0.032407
0 0.627604 0.229167 0.015625 0.026852
0 0.697917 0.680556 0.015625 0.031481
0 0.381510 0.831481 0.020313 0.037037
