0.0 0.700666 0.248717 0.020132 0.036117
0.0 0.530565 0.265011 0.021803 0.026919
0.0 0.700753 0.897827 0.022919 0.026007
0.0 0.714705 0.874205 0.019575 0.039797
0.0 0.377866 0.426723 0.014541 0.028695
0.0 0.540578 0.681843 0.017896 0.033332
0.0 0.772434 0.710595 0.021253 0.043499
0.0 0.400484 0.413618 0.016216 0.026868
0.0 0.416862 0.728580 0.017339 0.036091
0.0 0.413841 0.323200 0.019574 0.037955
0.0 0.673128 0.948294 0.021243 0.025071
0.0 0.410021 0.979257 0.019006 0.021365
0.0 0.293082 0.657381 0.014544 0.033302
0.0 0.242436 0.502129 0.013985 0.033296
0.0 0.551014 0.862799 0.016219 0.032395
0.0 0.366082 0.829934 0.016217 0.029632
0.0 0.326741 0.411065 0.017338 0.035170
0.0 0.297894 0.770665 0.015101 0.029622
0.0 0.608229 0.778432 0.017898 0.037939
0.0 0.636271 0.478267 0.020689 0.033358
0.0 0.473716 0.500020 0.020684 0.024144
0.0 0.411801 0.174877 0.022362 0.028767
0.0 0.627667 0.575090 0.022363 0.031530
0.0 0.465802 0.830406 0.022361 0.026924
0.0 0.438413 0.308235 0.015104 0.036071
0.0 0.497466 0.997242 0.021804 0.005516
0.0 0.463807 0.264698 0.022364 0.032451
0.0 0.686716 0.279250 0.016775 0.026873
0.0 0.762388 0.727732 0.016777 0.031479
0.0 0.423093 0.881010 0.021809 0.037054
