0.0 0.344572 0.234247 0.021132 0.038417
0.0 0.493615 0.296463 0.021755 0.030528
0.0 0.284333 0.824034 0.022657 0.030011
0.0 0.274174 0.798681 0.020981 0.041605
0.0 0.613779 0.485962 0.015505 0.030118
0.0 0.446120 0.672424 0.018898 0.035265
0.0 0.238243 0.633927 0.022807 0.045435
0.0 0.594975 0.467750 0.016815 0.028924
0.0 0.551287 0.749374 0.018662 0.037616
0.0 0.591533 0.381870 0.020809 0.039931
0.0 0.304107 0.877590 0.021090 0.028693
0.0 0.534109 0.979057 0.018770 0.024703
0.0 0.667442 0.719179 0.015935 0.034303
0.0 0.726657 0.592227 0.015440 0.034142
0.0 0.420111 0.833940 0.017330 0.033946
0.0 0.586838 0.855622 0.017073 0.031436
0.0 0.660480 0.485984 0.018576 0.036778
0.0 0.652683 0.820773 0.016085 0.031115
0.0 0.377291 0.741334 0.019328 0.039450
0.0 0.380291 0.460775 0.021368 0.036066
0.0 0.522150 0.525848 0.020510 0.027696
0.0 0.607085 0.247665 0.022420 0.032362
0.0 0.378933 0.551151 0.022678 0.034873
0.0 0.498534 0.828258 0.022249 0.030688
0.0 0.571171 0.361423 0.016686 0.036974
0.0 0.453968 0.981587 0.021927 0.032202
0.0 0.552730 0.314786 0.022764 0.035710
0.0 0.354088 0.265879 0.017309 0.029085
0.0 0.245546 0.652299 0.017738 0.033270
0.0 0.531644 0.886142 0.022700 0.039735
