0.0 0.283973 0.834337 0.018204 0.029841
0.0 0.480927 0.297870 0.017942 0.022307
0.0 0.319024 0.268893 0.017625 0.028151
0.0 0.469427 0.800780 0.019475 0.021519
0.0 0.529238 0.752375 0.017797 0.018121
0.0 0.449893 0.890260 0.020142 0.025721
0.0 0.600425 0.863985 0.017942 0.022307
0.0 0.671684 0.786189 0.017509 0.024802
0.0 0.659121 0.757717 0.018462 0.022323
0.0 0.575182 0.742925 0.018783 0.031532
0.0 0.309384 0.793232 0.016063 0.028102
0.0 0.405225 0.945426 0.020112 0.024884
0.0 0.264905 0.408409 0.018408 0.035702
0.0 0.622219 0.821927 0.018001 0.023981
0.0 0.352054 0.930344 0.023353 0.028331
0.0 0.530431 0.972830 0.024454 0.030038
0.0 0.456044 0.248898 0.020171 0.026559
0.0 0.235892 0.515609 0.017946 0.037360
0.0 0.601410 0.670837 0.020054 0.023210
0.0 0.355502 0.718836 0.017596 0.027314
0.0 0.607113 0.529379 0.017567 0.026477
0.0 0.318170 0.832899 0.018550 0.024835
0.0 0.691514 0.545862 0.016904 0.037327
0.0 0.578186 0.199521 0.020083 0.024047
0.0 0.730390 0.514819 0.017163 0.029808
0.0 0.520226 0.876548 0.019275 0.030711
0.0 0.535835 0.375445 0.020459 0.019877
0.0 0.297145 0.860313 0.016959 0.023949
0.0 0.520265 0.770532 0.018088 0.026493
0.0 0.558636 0.858899 0.020750 0.028249
