0.0 0.314099 0.925183 0.019754 0.038392
0.0 0.452736 0.253790 0.019166 0.029748
0.0 0.285489 0.271644 0.019094 0.036327
0.0 0.498105 0.828882 0.020687 0.029221
0.0 0.553189 0.755117 0.018839 0.024945
0.0 0.488467 0.936690 0.021544 0.034169
0.0 0.637934 0.859617 0.019166 0.029748
0.0 0.701279 0.748862 0.018833 0.032485
0.0 0.685328 0.720449 0.019694 0.029892
0.0 0.598645 0.729968 0.020414 0.040457
0.0 0.335173 0.870503 0.017506 0.035893
0.0 0.449486 0.998392 0.021479 0.003216
0.0 0.246500 0.447158 0.020212 0.045115
0.0 0.655237 0.804989 0.019297 0.031669
0.0 0.393930 0.996984 0.024916 0.006032
0.0 0.579390 0.992597 0.026105 0.014806
0.0 0.421984 0.205946 0.021609 0.035129
0.0 0.229272 0.578076 0.019814 0.046892
0.0 0.617034 0.639823 0.021348 0.031287
0.0 0.373442 0.771498 0.019029 0.035366
0.0 0.606772 0.477288 0.018963 0.034406
0.0 0.348567 0.912823 0.019890 0.032774
0.0 0.694115 0.469546 0.018755 0.046602
0.0 0.540080 0.111524 0.021413 0.032248
0.0 0.729965 0.422076 0.018696 0.038102
0.0 0.558140 0.899048 0.020878 0.039641
0.0 0.517136 0.324720 0.021615 0.027590
0.0 0.330383 0.950570 0.018238 0.031379
0.0 0.546161 0.778563 0.019493 0.034551
0.0 0.595037 0.866945 0.022270 0.037195
