0.0 0.541353 0.970528 0.023068 0.030131
0.0 0.483872 0.286081 0.019812 0.031657
0.0 0.644229 0.464592 0.012234 0.032625
0.0 0.334209 0.217000 0.017857 0.039676
0.0 0.468519 0.877859 0.017681 0.027488
0.0 0.484348 0.775826 0.016947 0.031579
0.0 0.357332 0.925125 0.019076 0.035746
0.0 0.706665 0.770131 0.015490 0.031099
0.0 0.706446 0.529528 0.013252 0.033826
0.0 0.605284 0.901852 0.015301 0.027570
0.0 0.687584 0.568186 0.018888 0.032219
0.0 0.527048 0.942478 0.020533 0.036226
0.0 0.541248 0.709319 0.020614 0.046650
0.0 0.561343 0.924614 0.016805 0.028933
0.0 0.656160 0.910995 0.017574 0.034385
0.0 0.711817 0.664578 0.013785 0.034868
0.0 0.637818 0.459787 0.014662 0.033425
0.0 0.528351 0.991406 0.022474 0.017188
0.0 0.659083 0.694762 0.014082 0.031501
0.0 0.277032 0.787364 0.019562 0.035906
0.0 0.667665 0.340384 0.016023 0.032141
0.0 0.620819 0.749910 0.019279 0.030615
0.0 0.318559 0.629629 0.013832 0.035750
0.0 0.244693 0.463924 0.014365 0.036792
0.0 0.628299 0.628520 0.017715 0.037030
0.0 0.408435 0.971588 0.021314 0.033018
0.0 0.671816 0.470545 0.014897 0.037834
0.0 0.543904 0.908992 0.019906 0.033421
0.0 0.501341 0.896757 0.021173 0.030372
