0.0 0.551950 0.288588 0.023270 0.026124
0.0 0.715625 0.275750 0.024299 0.038059
0.0 0.670140 0.732983 0.015445 0.026771
0.0 0.480327 0.286727 0.018004 0.025987
0.0 0.451728 0.946050 0.019070 0.020060
0.0 0.500053 0.700796 0.018592 0.032807
0.0 0.443482 0.628406 0.020234 0.039655
0.0 0.314903 0.622930 0.015592 0.028476
0.0 0.607057 0.880020 0.021997 0.023539
0.0 0.288857 0.707699 0.018837 0.023456
0.0 0.371111 0.258684 0.016939 0.031913
0.0 0.419474 0.974264 0.021090 0.025216
0.0 0.341170 0.443750 0.019352 0.029424
0.0 0.688951 0.790293 0.019731 0.027733
0.0 0.559826 0.166605 0.022952 0.034622
0.0 0.533291 0.860160 0.019890 0.023484
0.0 0.492011 0.316509 0.017612 0.033632
0.0 0.255204 0.565413 0.017391 0.031074
0.0 0.337215 0.866175 0.026125 0.028750
0.0 0.426812 0.846286 0.022438 0.028654
0.0 0.374685 0.407024 0.016719 0.029356
0.0 0.737807 0.731751 0.017013 0.032766
0.0 0.403728 0.593623 0.025304 0.025326
0.0 0.475386 0.778765 0.023417 0.027829
0.0 0.716784 0.788881 0.018959 0.037070
0.0 0.546048 0.234603 0.022976 0.022713
0.0 0.617089 0.227904 0.024557 0.022754
0.0 0.410541 0.780926 0.018310 0.023443
0.0 0.393976 0.865940 0.023050 0.023566
0.0 0.407344 0.946606 0.024189 0.018491
