0.0 0.508028 0.278322 0.018657 0.032677
0.0 0.314734 0.416421 0.012973 0.028305
0.0 0.450185 0.867325 0.020016 0.027614
0.0 0.348088 0.531175 0.011579 0.029971
0.0 0.674612 0.267364 0.014383 0.028337
0.0 0.332036 0.312420 0.015777 0.026670
0.0 0.314428 0.362074 0.011562 0.028274
0.0 0.647104 0.856961 0.017195 0.027551
0.0 0.463984 0.883576 0.018110 0.025025
0.0 0.601741 0.693217 0.018102 0.024176
0.0 0.687642 0.536720 0.016305 0.032624
0.0 0.370562 0.898836 0.017161 0.024154
0.0 0.470199 0.610816 0.014518 0.041922
0.0 0.290955 0.507403 0.011554 0.027425
0.0 0.606052 0.654054 0.014408 0.030884
0.0 0.670701 0.841993 0.015768 0.025821
0.0 0.381701 0.671827 0.015819 0.030915
0.0 0.591316 0.402147 0.017195 0.027551
0.0 0.411534 0.905135 0.017153 0.023305
0.0 0.440100 0.374541 0.018076 0.021628
0.0 0.341784 0.488428 0.012024 0.027435
0.0 0.537712 0.990335 0.017614 0.019330
0.0 0.737513 0.445153 0.014434 0.033431
0.0 0.605754 0.789097 0.016759 0.030936
0.0 0.323785 0.781835 0.019092 0.029291
0.0 0.540278 0.541726 0.018606 0.027583
0.0 0.518746 0.504415 0.018580 0.025035
0.0 0.362443 0.839143 0.019033 0.023347
0.0 0.420861 0.755876 0.014442 0.034280
0.0 0.451960 0.856668 0.021887 0.026807
