0.0 0.572462 0.813524 0.020448 0.039451
0.0 0.522561 0.252541 0.023174 0.041970
0.0 0.340978 0.199481 0.022750 0.048737
0.0 0.277575 0.347705 0.015934 0.033628
0.0 0.558576 0.966351 0.016103 0.029746
0.0 0.297563 0.839149 0.018061 0.029170
0.0 0.654823 0.908047 0.021384 0.038664
0.0 0.290153 0.428386 0.018150 0.041916
0.0 0.324815 0.418273 0.018146 0.030166
0.0 0.331741 0.883196 0.017124 0.029956
0.0 0.619431 0.380981 0.021808 0.031899
0.0 0.610796 0.493813 0.018575 0.041024
0.0 0.296202 0.694342 0.020533 0.040448
0.0 0.619705 0.323227 0.021979 0.033892
0.0 0.298083 0.948285 0.023597 0.035204
0.0 0.253323 0.842730 0.020020 0.034468
0.0 0.606470 0.714023 0.016019 0.034625
0.0 0.631761 0.716182 0.018743 0.031268
0.0 0.392294 0.865220 0.021723 0.030902
0.0 0.559445 0.495425 0.022494 0.045747
0.0 0.709261 0.697634 0.017553 0.040814
0.0 0.265903 0.641458 0.021555 0.040658
0.0 0.394487 0.794168 0.019766 0.037353
0.0 0.584280 0.596882 0.016361 0.038610
0.0 0.423591 0.992034 0.021383 0.015933
0.0 0.693969 0.578869 0.017553 0.040814
0.0 0.713557 0.571739 0.014657 0.036302
0.0 0.381924 0.940675 0.021297 0.031793
0.0 0.526908 0.932455 0.021726 0.042651
