0.0 0.418640 0.827305 0.021400 0.040827
0.0 0.475339 0.272821 0.024273 0.043684
0.0 0.667754 0.190309 0.023774 0.049995
0.0 0.733773 0.323795 0.016655 0.034538
0.0 0.432258 0.973689 0.016862 0.030905
0.0 0.709198 0.805511 0.018943 0.030705
0.0 0.330873 0.933305 0.022399 0.040250
0.0 0.719906 0.404460 0.018945 0.042748
0.0 0.683318 0.400509 0.019026 0.031661
0.0 0.672743 0.854191 0.017944 0.031283
0.0 0.371990 0.414300 0.022897 0.033940
0.0 0.380334 0.522650 0.019403 0.041982
0.0 0.711649 0.664340 0.021483 0.041783
0.0 0.372104 0.358135 0.023064 0.035851
0.0 0.707884 0.911820 0.024770 0.037374
0.0 0.755962 0.801475 0.020983 0.036050
0.0 0.383369 0.736243 0.016738 0.035493
0.0 0.356605 0.742643 0.019651 0.032806
0.0 0.608827 0.846990 0.022814 0.032985
0.0 0.434631 0.515488 0.023524 0.047128
0.0 0.274770 0.737766 0.018320 0.041604
0.0 0.744063 0.607718 0.022566 0.042161
0.0 0.607004 0.778209 0.020693 0.038727
0.0 0.407656 0.618459 0.017072 0.039315
0.0 0.574781 0.983294 0.022440 0.033413
0.0 0.291774 0.619574 0.018320 0.041604
0.0 0.271107 0.615965 0.015281 0.036836
0.0 0.619266 0.918667 0.022356 0.033751
0.0 0.465987 0.935315 0.022732 0.044072
