0.0 0.255256 0.517524 0.015964 0.029457
0.0 0.499460 0.253066 0.024491 0.035516
0.0 0.295394 0.237293 0.018249 0.035319
0.0 0.243127 0.545900 0.019931 0.027652
0.0 0.259535 0.636119 0.018259 0.039180
0.0 0.698397 0.700963 0.017097 0.028527
0.0 0.602641 0.870974 0.019924 0.024756
0.0 0.243684 0.651581 0.015986 0.038143
0.0 0.458463 0.750512 0.019388 0.037285
0.0 0.219184 0.724266 0.016581 0.048778
0.0 0.580960 0.936330 0.018217 0.022772
0.0 0.642513 0.927635 0.018800 0.028581
0.0 0.693997 0.865199 0.018814 0.034372
0.0 0.666387 0.942326 0.019929 0.026686
0.0 0.720673 0.536645 0.015984 0.037178
0.0 0.736375 0.683356 0.014842 0.034247
0.0 0.664621 0.587642 0.019379 0.033424
0.0 0.700968 0.267470 0.016534 0.030440
0.0 0.545787 0.392055 0.019929 0.026686
0.0 0.276761 0.604204 0.016554 0.038161
0.0 0.390439 0.781130 0.020511 0.032496
0.0 0.627969 0.239846 0.022766 0.026776
0.0 0.290554 0.890459 0.021079 0.032514
0.0 0.745810 0.490486 0.017687 0.037232
0.0 0.505081 0.993564 0.021639 0.012871
0.0 0.586149 0.418294 0.022207 0.029654
0.0 0.570933 0.239713 0.023314 0.019072
0.0 0.566910 0.880304 0.021077 0.031548
0.0 0.544018 0.915776 0.023914 0.031638
