0.0 0.360677 0.196296 0.017188 0.031481
0.0 0.731510 0.606481 0.018229 0.035185
0.0 0.374219 0.827778 0.015104 0.031481
0.0 0.737760 0.688889 0.018229 0.035185
0.0 0.549740 0.217130 0.020313 0.030556
0.0 0.744010 0.671296 0.014063 0.029630
0.0 0.398438 0.801852 0.016667 0.025926
0.0 0.740365 0.806019 0.016146 0.028704
0.0 0.284375 0.569444 0.019792 0.033333
0.0 0.696354 0.847685 0.017708 0.028704
0.0 0.509115 0.816667 0.018229 0.031481
0.0 0.482812 0.817593 0.020833 0.025926
0.0 0.696094 0.792593 0.018229 0.029630
0.0 0.457812 0.663426 0.019792 0.028704
0.0 0.688542 0.736111 0.017708 0.025926
0.0 0.720573 0.313426 0.015104 0.036111
0.0 0.390625 0.584259 0.015625 0.031481
0.0 0.373698 0.866204 0.021354 0.043519
0.0 0.669010 0.600463 0.020313 0.036111
0.0 0.642448 0.375463 0.021354 0.026852
0.0 0.583333 0.113889 0.020833 0.027778
0.0 0.477083 0.958796 0.019792 0.026852
0.0 0.779427 0.394444 0.017188 0.031481
0.0 0.623958 0.908333 0.019792 0.027778
0.0 0.451042 0.849537 0.019792 0.028704
0.0 0.605208 0.825926 0.018750 0.031481
0.0 0.586979 0.846759 0.020833 0.037963
0.0 0.514844 0.789815 0.016146 0.027778
