0.0 0.544046 0.851568 0.018960 0.031301
0.0 0.687001 0.799430 0.017264 0.024804
0.0 0.502857 0.268203 0.020599 0.028661
0.0 0.623408 0.438456 0.014546 0.031031
0.0 0.644694 0.474142 0.016759 0.032079
0.0 0.429664 0.921594 0.020593 0.027748
0.0 0.696234 0.310698 0.015110 0.032891
0.0 0.252390 0.820572 0.018943 0.028560
0.0 0.519003 0.927537 0.022818 0.030624
0.0 0.423811 0.717827 0.020575 0.025006
0.0 0.615411 0.949488 0.018350 0.022130
0.0 0.694633 0.259651 0.024469 0.029812
0.0 0.421852 0.295997 0.023406 0.036139
0.0 0.583844 0.797528 0.015104 0.031977
0.0 0.273904 0.565354 0.017899 0.037629
0.0 0.468030 0.790466 0.021697 0.027815
0.0 0.532316 0.745886 0.016195 0.030218
0.0 0.523153 0.968382 0.027270 0.036376
0.0 0.402468 0.946549 0.018356 0.023044
0.0 0.557576 0.423310 0.015133 0.036546
0.0 0.606594 0.819880 0.018895 0.021250
0.0 0.735244 0.506041 0.016231 0.035700
0.0 0.705702 0.680466 0.015655 0.032011
0.0 0.664512 0.438222 0.019530 0.034075
0.0 0.221863 0.593201 0.021127 0.025040
0.0 0.685314 0.335570 0.017840 0.028492
0.0 0.390742 0.286487 0.022812 0.029710
0.0 0.302661 0.256720 0.025074 0.038068
0.0 0.536094 0.886761 0.018972 0.033128
0.0 0.669075 0.798701 0.014504 0.024634
