0.0 0.685075 0.293752 0.018102 0.035257
0.0 0.516792 0.282047 0.018039 0.033545
0.0 0.397076 0.893761 0.018666 0.025139
0.0 0.373926 0.757865 0.016599 0.032462
0.0 0.625008 0.915539 0.016818 0.025691
0.0 0.504826 0.706276 0.016318 0.024759
0.0 0.343852 0.559293 0.013780 0.032006
0.0 0.739968 0.446833 0.014312 0.033794
0.0 0.659617 0.918981 0.017757 0.038605
0.0 0.541472 0.731570 0.016192 0.034097
0.0 0.510028 0.790197 0.018948 0.032841
0.0 0.520067 0.347577 0.015941 0.027251
0.0 0.304582 0.715662 0.014970 0.039005
0.0 0.698910 0.503474 0.015878 0.038301
0.0 0.330316 0.380183 0.014218 0.031226
0.0 0.370892 0.866713 0.014907 0.037293
0.0 0.680912 0.827720 0.017695 0.036893
0.0 0.665092 0.730460 0.012872 0.032710
0.0 0.422712 0.935786 0.018259 0.026774
0.0 0.507622 0.952955 0.019324 0.030350
0.0 0.424915 0.772134 0.018228 0.025919
0.0 0.441783 0.356015 0.018666 0.025139
0.0 0.297667 0.433019 0.014312 0.033794
0.0 0.624847 0.764849 0.019699 0.027858
0.0 0.615657 0.854623 0.020169 0.027934
0.0 0.407286 0.439976 0.018259 0.026774
0.0 0.365002 0.840363 0.012151 0.025787
0.0 0.460169 0.861343 0.018948 0.032841
0.0 0.464711 0.898667 0.018196 0.025063
