0.0 0.411979 0.845370 0.018750 0.037037
0.0 0.640104 0.194444 0.016667 0.033333
0.0 0.377604 0.639815 0.014583 0.027778
0.0 0.211198 0.489352 0.016146 0.034259
0.0 0.218490 0.454167 0.018229 0.034259
0.0 0.670312 0.349074 0.014583 0.033333
0.0 0.240104 0.590278 0.014583 0.026852
0.0 0.246354 0.368519 0.016667 0.035185
0.0 0.585156 0.786111 0.017188 0.029630
0.0 0.273698 0.748611 0.015104 0.036111
0.0 0.509896 0.606481 0.015625 0.027778
0.0 0.553646 0.709722 0.019792 0.032407
0.0 0.580208 0.867130 0.016667 0.019444
0.0 0.348958 0.548611 0.012500 0.036111
0.0 0.477344 0.718981 0.021354 0.025000
0.0 0.313542 0.762500 0.016667 0.026852
0.0 0.266406 0.817130 0.016146 0.026852
0.0 0.341146 0.238889 0.018750 0.022222
0.0 0.629167 0.769907 0.020833 0.036111
0.0 0.691927 0.598148 0.020313 0.038889
0.0 0.300260 0.314815 0.016146 0.033333
0.0 0.710417 0.415278 0.018750 0.032407
0.0 0.345052 0.631019 0.017188 0.028704
0.0 0.441406 0.946759 0.017188 0.023148
0.0 0.470052 0.648611 0.020313 0.028704
0.0 0.254427 0.520370 0.020313 0.029630
0.0 0.540365 0.905093 0.020313 0.026852
0.0 0.271094 0.617130 0.013021 0.030556
0.0 0.530469 0.786111 0.018229 0.029630
0.0 0.421094 0.205093 0.022396 0.023148
