0.0 0.544652 0.265672 0.018848 0.021357
0.0 0.360266 0.563870 0.020424 0.030123
0.0 0.325625 0.268937 0.022733 0.042398
0.0 0.625014 0.785285 0.016948 0.023937
0.0 0.385698 0.890569 0.018279 0.020471
0.0 0.473382 0.947141 0.018740 0.019607
0.0 0.595505 0.873537 0.015454 0.024779
0.0 0.339719 0.549428 0.024254 0.033697
0.0 0.370817 0.381529 0.016866 0.030921
0.0 0.712183 0.534072 0.015943 0.032648
0.0 0.278230 0.615991 0.020071 0.032735
0.0 0.636111 0.261470 0.018876 0.030090
0.0 0.402971 0.978493 0.027730 0.039884
0.0 0.276492 0.452654 0.021864 0.028407
0.0 0.469892 0.974212 0.025177 0.031970
0.0 0.556232 0.906858 0.019473 0.023116
0.0 0.685471 0.801882 0.021456 0.030144
0.0 0.381964 0.830073 0.020967 0.022275
0.0 0.508161 0.799022 0.021755 0.026658
0.0 0.646797 0.642583 0.022053 0.023171
0.0 0.577786 0.497530 0.020315 0.028375
0.0 0.250976 0.576452 0.022488 0.030166
0.0 0.553765 0.189686 0.020723 0.026636
0.0 0.597434 0.684447 0.018170 0.035315
0.0 0.686870 0.683705 0.015780 0.030025
0.0 0.595940 0.833268 0.016377 0.023051
0.0 0.523138 0.878141 0.024661 0.031959
0.0 0.394239 0.948538 0.019011 0.023980
0.0 0.352590 0.924457 0.022569 0.023182
0.0 0.290398 0.619750 0.014096 0.036103
