0 0.642708 0.199074 0.018750 0.037037
0 0.419010 0.200000 0.017188 0.022222
0 0.326823 0.778704 0.016146 0.024074
0 0.389844 0.684259 0.016146 0.024074
0 0.351823 0.211111 0.017188 0.025926
0 0.399740 0.790741 0.016146 0.031481
0 0.420052 0.755093 0.019271 0.023148
0 0.674740 0.631944 0.019271 0.025000
0 0.463281 0.962963 0.019271 0.020370
0 0.369792 0.428704 0.017708 0.024074
0 0.305208 0.726389 0.015625 0.025000
0 0.305469 0.238889 0.015104 0.025926
0 0.496094 0.896759 0.018229 0.021296
0 0.552865 0.507870 0.018229 0.030556
0 0.657552 0.471759 0.015104 0.034259
0 0.328646 0.353704 0.018750 0.027778
0 0.697917 0.720833 0.016667 0.036111
0 0.514583 0.693981 0.018750 0.023148
0 0.224479 0.470370 0.013542 0.037037
0 0.565625 0.184722 0.020833 0.026852
0 0.556510 0.674537 0.019271 0.026852
0 0.500781 0.737963 0.021354 0.025926
0 0.721094 0.475000 0.018229 0.035185
0 0.620833 0.882870 0.018750 0.028704
0 0.378385 0.406944 0.018229 0.028704
0 0.352604 0.798148 0.016667 0.020370
0 0.406771 0.838426 0.021875 0.036111
0 0.468490 0.945370 0.026562 0.025926
0 0.487500 0.756944 0.017708 0.019444
0 0.677083 0.348148 0.013542 0.024074
