0.0 0.357292 0.199074 0.017708 0.040741
0.0 0.721875 0.547685 0.017708 0.030556
0.0 0.701562 0.840278 0.016667 0.025000
0.0 0.586979 0.811111 0.018750 0.031481
0.0 0.435937 0.943056 0.021875 0.030556
0.0 0.602083 0.800000 0.016667 0.020370
0.0 0.730729 0.577778 0.014583 0.033333
0.0 0.655469 0.832407 0.016146 0.024074
0.0 0.515885 0.731944 0.017188 0.025000
0.0 0.660417 0.922685 0.018750 0.028704
0.0 0.725260 0.218981 0.015104 0.036111
0.0 0.738021 0.534722 0.015625 0.028704
0.0 0.559896 0.886574 0.017708 0.023148
0.0 0.327083 0.745833 0.016667 0.034259
0.0 0.594531 0.937500 0.022396 0.030556
0.0 0.439583 0.730556 0.018750 0.024074
0.0 0.633333 0.890278 0.018750 0.023148
0.0 0.391667 0.692130 0.015625 0.034259
0.0 0.641146 0.473611 0.020833 0.032407
0.0 0.771875 0.394444 0.014583 0.031481
0.0 0.292188 0.445370 0.018750 0.040741
0.0 0.540625 0.141204 0.021875 0.026852
0.0 0.740885 0.417593 0.017188 0.029630
0.0 0.443490 0.848611 0.021354 0.025000
0.0 0.584635 0.393056 0.021354 0.028704
0.0 0.686719 0.156019 0.019271 0.026852
0.0 0.765365 0.610648 0.014063 0.034259
0.0 0.585677 0.198611 0.019271 0.028704
0.0 0.708333 0.828704 0.015625 0.022222
0.0 0.596354 0.846759 0.016667 0.026852
