0.0 0.683854 0.680598 0.018210 0.037539
0.0 0.647774 0.768689 0.015533 0.032151
0.0 0.345147 0.195308 0.024200 0.049427
0.0 0.377563 0.996439 0.025157 0.007123
0.0 0.368953 0.567816 0.021270 0.034072
0.0 0.448089 0.977909 0.019352 0.030735
0.0 0.379771 0.566063 0.017738 0.033788
0.0 0.695709 0.668442 0.018092 0.036601
0.0 0.245019 0.643590 0.025157 0.037171
0.0 0.519463 0.989983 0.023003 0.020033
0.0 0.584170 0.861734 0.020463 0.035599
0.0 0.622865 0.355255 0.024045 0.032307
0.0 0.726377 0.450512 0.024468 0.039634
0.0 0.258503 0.601194 0.021792 0.034247
0.0 0.329937 0.757052 0.019320 0.042402
0.0 0.630347 0.894300 0.016930 0.035314
0.0 0.588147 0.637798 0.022617 0.040811
0.0 0.571488 0.977696 0.022027 0.036123
0.0 0.700180 0.831683 0.020531 0.040113
0.0 0.471494 0.822047 0.023406 0.031194
0.0 0.244704 0.808159 0.023239 0.033833
0.0 0.490541 0.767833 0.024163 0.033244
0.0 0.710455 0.341585 0.024517 0.036058
0.0 0.571859 0.274650 0.021674 0.033309
0.0 0.502643 0.928743 0.024468 0.039634
