0.0 0.465507 0.243034 0.019493 0.024086
0.0 0.703419 0.282787 0.018443 0.038290
0.0 0.736943 0.499807 0.015061 0.024211
0.0 0.350026 0.870765 0.015644 0.031507
0.0 0.478819 0.791505 0.025043 0.025955
0.0 0.527173 0.909810 0.017264 0.021000
0.0 0.489592 0.997653 0.018392 0.004694
0.0 0.555358 0.996619 0.018953 0.006762
0.0 0.710592 0.702767 0.015109 0.035909
0.0 0.522790 0.964425 0.017823 0.021996
0.0 0.388897 0.932934 0.021749 0.033473
0.0 0.440017 0.985537 0.018942 0.024889
0.0 0.433298 0.931684 0.020617 0.027880
0.0 0.487571 0.822750 0.019526 0.032186
0.0 0.586941 0.882428 0.020059 0.026883
0.0 0.300702 0.512760 0.012871 0.031023
0.0 0.289146 0.625555 0.016217 0.036103
0.0 0.426993 0.776150 0.021168 0.027077
0.0 0.402773 0.454048 0.015651 0.033306
0.0 0.300913 0.392582 0.017881 0.036394
0.0 0.664998 0.929380 0.021183 0.030676
0.0 0.391584 0.612830 0.018990 0.036587
0.0 0.256031 0.375739 0.017867 0.032795
0.0 0.355380 0.714115 0.016206 0.033403
0.0 0.301138 0.815401 0.017338 0.038997
0.0 0.611774 0.370337 0.018990 0.036587
0.0 0.389943 0.880439 0.024510 0.031258
0.0 0.297704 0.704492 0.015101 0.034110
0.0 0.443848 0.861938 0.025626 0.033251
