0.0 0.414062 0.223611 0.014583 0.017593
0.0 0.555469 0.829167 0.020313 0.026852
0.0 0.586979 0.468981 0.015625 0.030556
0.0 0.642188 0.137037 0.011458 0.022222
0.0 0.730729 0.594907 0.018750 0.034259
0.0 0.429688 0.875000 0.017708 0.025926
0.0 0.753646 0.482407 0.011458 0.025926
0.0 0.761719 0.552778 0.013021 0.033333
0.0 0.637500 0.863426 0.016667 0.023148
0.0 0.698437 0.441204 0.016667 0.041667
0.0 0.719792 0.218981 0.016667 0.034259
0.0 0.384375 0.838426 0.016667 0.025000
0.0 0.706250 0.366204 0.020833 0.034259
0.0 0.577344 0.885185 0.018229 0.022222
0.0 0.677344 0.773148 0.016146 0.033333
0.0 0.621615 0.906944 0.019271 0.025000
0.0 0.352865 0.849537 0.019271 0.026852
0.0 0.523177 0.865278 0.020313 0.026852
0.0 0.621615 0.506481 0.021354 0.035185
0.0 0.702604 0.859259 0.018750 0.031481
0.0 0.614323 0.829167 0.019271 0.028704
0.0 0.334896 0.711111 0.016667 0.031481
0.0 0.676042 0.607870 0.020833 0.034259
0.0 0.459115 0.853704 0.017188 0.029630
0.0 0.645052 0.349074 0.016146 0.033333
0.0 0.585938 0.951852 0.022917 0.027778
0.0 0.583333 0.203241 0.017708 0.026852
0.0 0.588542 0.626389 0.014583 0.030556
0.0 0.732552 0.814815 0.020313 0.024074
0.0 0.357292 0.201852 0.020833 0.038889
