0 0.467969 0.920833 0.020313 0.026852
0 0.455729 0.939815 0.018750 0.020370
0 0.642188 0.200000 0.018750 0.042593
0 0.668490 0.237963 0.017188 0.037037
0 0.324219 0.770370 0.016146 0.024074
0 0.247656 0.618056 0.017188 0.030556
0 0.609115 0.632407 0.018229 0.025926
0 0.386198 0.228704 0.019271 0.025926
0 0.723958 0.544907 0.017708 0.034259
0 0.410417 0.203704 0.019792 0.025926
0 0.276562 0.370833 0.015625 0.028704
0 0.627344 0.444444 0.018229 0.029630
0 0.229948 0.698611 0.019271 0.030556
0 0.333333 0.713889 0.017708 0.033333
0 0.392708 0.768981 0.016667 0.032407
0 0.230729 0.497222 0.014583 0.033333
0 0.363802 0.259722 0.021354 0.030556
0 0.371875 0.587037 0.016667 0.038889
0 0.631510 0.865741 0.019271 0.035185
0 0.224479 0.395833 0.016667 0.030556
0 0.682031 0.603704 0.015104 0.035185
0 0.271875 0.459722 0.014583 0.034259
0 0.575260 0.918056 0.018229 0.023148
0 0.571875 0.645370 0.017708 0.040741
0 0.371094 0.162500 0.021354 0.026852
0 0.466667 0.836574 0.020833 0.026852
0 0.418490 0.196296 0.018229 0.033333
0 0.507812 0.099074 0.017708 0.029630
0 0.482292 0.663889 0.020833 0.031481
0 0.613542 0.609259 0.012500 0.029630
