0.0 0.535791 0.259936 0.018243 0.028149
0.0 0.274872 0.244935 0.021837 0.038217
0.0 0.613898 0.875618 0.021851 0.033388
0.0 0.613923 0.903800 0.023102 0.030631
0.0 0.686110 0.613791 0.020602 0.036144
0.0 0.650863 0.957476 0.020098 0.031257
0.0 0.265544 0.568384 0.017181 0.037690
0.0 0.425123 0.194323 0.021865 0.028558
0.0 0.287318 0.606963 0.020991 0.044884
0.0 0.613349 0.700144 0.022643 0.046038
0.0 0.364871 0.843945 0.022900 0.028675
0.0 0.345379 0.672591 0.020010 0.025450
0.0 0.387265 0.472044 0.025272 0.031842
0.0 0.654355 0.257408 0.020917 0.034249
0.0 0.327810 0.796711 0.018215 0.037807
0.0 0.598295 0.813102 0.021764 0.027581
0.0 0.668616 0.766582 0.020010 0.025450
0.0 0.724189 0.536304 0.021233 0.032352
0.0 0.668750 0.960892 0.018618 0.041718
0.0 0.688461 0.679783 0.019049 0.035969
0.0 0.651783 0.588004 0.020514 0.030338
0.0 0.266923 0.779860 0.020285 0.038041
0.0 0.688227 0.913694 0.025675 0.035752
0.0 0.710506 0.751462 0.021750 0.032410
0.0 0.405921 0.683545 0.022167 0.031491
0.0 0.571071 0.482908 0.026509 0.033915
0.0 0.710838 0.874053 0.020199 0.032235
0.0 0.378940 0.228719 0.016993 0.030906
