0.0 0.420716 0.306357 0.017189 0.026819
0.0 0.689219 0.230109 0.020227 0.036319
0.0 0.425283 0.885919 0.020615 0.031817
0.0 0.429174 0.911597 0.022155 0.029286
0.0 0.314007 0.664740 0.019075 0.034348
0.0 0.398327 0.969351 0.018918 0.029776
0.0 0.743847 0.522502 0.015325 0.035682
0.0 0.526365 0.220045 0.021003 0.027315
0.0 0.726628 0.562867 0.018813 0.042509
0.0 0.401465 0.725947 0.020478 0.043637
0.0 0.679138 0.797337 0.022093 0.027457
0.0 0.675536 0.636574 0.019274 0.024358
0.0 0.604225 0.463942 0.024365 0.030484
0.0 0.297407 0.332493 0.019556 0.032590
0.0 0.540275 0.993670 0.020395 0.012660
0.0 0.711007 0.745422 0.016413 0.035823
0.0 0.432777 0.825230 0.020971 0.026400
0.0 0.353384 0.799722 0.019274 0.024358
0.0 0.263747 0.603291 0.020039 0.030832
0.0 0.380251 0.976753 0.016539 0.039482
0.0 0.320740 0.725417 0.017441 0.034136
0.0 0.346021 0.633017 0.019431 0.028932
0.0 0.771808 0.715468 0.018593 0.036107
0.0 0.353492 0.938432 0.024491 0.034142
0.0 0.307840 0.795997 0.020583 0.030903
0.0 0.614273 0.661074 0.021097 0.030059
0.0 0.415117 0.517926 0.025518 0.032455
0.0 0.324534 0.907745 0.018950 0.030690
0.0 0.579041 0.240299 0.015650 0.029351
