0.0 0.704816 0.355326 0.017769 0.037657
0.0 0.423058 0.333334 0.016672 0.028371
0.0 0.608765 0.927849 0.018801 0.031708
0.0 0.330892 0.637059 0.016613 0.034619
0.0 0.336688 0.820377 0.017403 0.032175
0.0 0.337537 0.691906 0.014666 0.034024
0.0 0.299593 0.740808 0.015517 0.032494
0.0 0.532508 0.886367 0.016672 0.028371
0.0 0.722546 0.821252 0.019047 0.042524
0.0 0.577879 0.157308 0.017281 0.030348
0.0 0.705255 0.878291 0.017649 0.042992
0.0 0.399583 0.464995 0.016614 0.041780
0.0 0.333368 0.447482 0.013145 0.032664
0.0 0.335795 0.309205 0.017708 0.036744
0.0 0.654426 0.730659 0.017647 0.035830
0.0 0.544121 0.982120 0.018921 0.026374
0.0 0.294091 0.517306 0.017525 0.034003
0.0 0.451560 0.585235 0.016979 0.040101
0.0 0.389793 0.359360 0.018253 0.030645
0.0 0.683948 0.693190 0.019045 0.035363
0.0 0.603930 0.457978 0.021539 0.037020
0.0 0.282582 0.582834 0.013937 0.037381
0.0 0.625982 0.936570 0.020139 0.030327
0.0 0.732350 0.392128 0.021965 0.036256
0.0 0.467894 0.948554 0.021234 0.032452
0.0 0.300330 0.766691 0.016368 0.030964
0.0 0.337655 0.797701 0.015456 0.031580
0.0 0.718193 0.808130 0.014243 0.041950
0.0 0.663570 0.217351 0.025495 0.046286
