0.0 0.750781 0.699074 0.015104 0.025926
0.0 0.396615 0.489815 0.014063 0.024074
0.0 0.362500 0.193981 0.017708 0.036111
0.0 0.352604 0.742130 0.014583 0.028704
0.0 0.786719 0.409722 0.016146 0.030556
0.0 0.642448 0.867593 0.017188 0.024074
0.0 0.625781 0.851852 0.017188 0.027778
0.0 0.548958 0.319907 0.017708 0.026852
0.0 0.284115 0.515278 0.013021 0.028704
0.0 0.712760 0.698611 0.013021 0.032407
0.0 0.360677 0.570370 0.015104 0.029630
0.0 0.637760 0.618981 0.016146 0.037963
0.0 0.768229 0.694907 0.016667 0.026852
0.0 0.345833 0.825000 0.017708 0.031481
0.0 0.677344 0.703241 0.015104 0.032407
0.0 0.282292 0.452315 0.015625 0.036111
0.0 0.601562 0.663426 0.014583 0.032407
0.0 0.792187 0.488426 0.013542 0.030556
0.0 0.520833 0.768981 0.019792 0.030556
0.0 0.329948 0.544444 0.019271 0.035185
0.0 0.679167 0.478704 0.015625 0.033333
0.0 0.667448 0.881481 0.018229 0.024074
0.0 0.695833 0.550926 0.025000 0.031481
0.0 0.754688 0.464815 0.013542 0.035185
0.0 0.441667 0.794444 0.017708 0.033333
0.0 0.310156 0.684722 0.020313 0.026852
0.0 0.615365 0.241667 0.019271 0.035185
0.0 0.773177 0.446296 0.009896 0.033333
0.0 0.779167 0.474074 0.011458 0.033333
0.0 0.711979 0.743056 0.015625 0.030556
