0 0.400000 0.762037 0.014583 0.033333
0 0.516406 0.903704 0.016146 0.020370
0 0.367448 0.780093 0.015104 0.034259
0 0.639844 0.195370 0.017188 0.035185
0 0.331250 0.696759 0.015625 0.025000
0 0.436458 0.794907 0.020833 0.034259
0 0.433333 0.826852 0.019792 0.029630
0 0.341406 0.759259 0.014063 0.025926
0 0.485417 0.943056 0.021875 0.026852
0 0.375781 0.925000 0.019271 0.022222
0 0.264583 0.791204 0.018750 0.030556
0 0.311719 0.817130 0.016146 0.028704
0 0.362500 0.685185 0.013542 0.035185
0 0.366406 0.194444 0.018229 0.027778
0 0.678906 0.777778 0.016146 0.037037
0 0.607812 0.854167 0.016667 0.021296
0 0.602604 0.425000 0.018750 0.029630
0 0.234896 0.669444 0.013542 0.031481
0 0.512500 0.961574 0.018750 0.030556
0 0.664844 0.617130 0.019271 0.028704
0 0.702604 0.485648 0.014583 0.036111
0 0.557813 0.830093 0.021875 0.028704
0 0.247656 0.430093 0.014063 0.034259
0 0.708073 0.693981 0.015104 0.037963
0 0.327865 0.138889 0.016146 0.033333
0 0.410156 0.769444 0.015104 0.027778
0 0.472917 0.957870 0.018750 0.017593
0 0.498698 0.911111 0.022396 0.025926
0 0.646615 0.793056 0.016146 0.023148
0 0.423958 0.267130 0.016667 0.032407
