0.0 0.570046 0.826560 0.017243 0.036900
0.0 0.454426 0.986813 0.018198 0.023005
0.0 0.605493 0.844001 0.017845 0.037932
0.0 0.285460 0.229972 0.020101 0.039063
0.0 0.639325 0.751766 0.017896 0.027970
0.0 0.533213 0.864337 0.023911 0.038293
0.0 0.538247 0.898624 0.022559 0.033231
0.0 0.631945 0.819871 0.016292 0.028872
0.0 0.604493 0.994173 0.021607 0.011655
0.0 0.715023 0.849517 0.021506 0.034165
0.0 0.666508 0.880471 0.018648 0.032001
0.0 0.605608 0.741240 0.016240 0.038833
0.0 0.574973 0.211753 0.020804 0.031133
0.0 0.275544 0.861115 0.019098 0.040997
0.0 0.354955 0.939097 0.018800 0.024038
0.0 0.337296 0.475502 0.021456 0.033165
0.0 0.739886 0.716213 0.016040 0.034835
0.0 0.281760 0.686817 0.021957 0.032198
0.0 0.234674 0.547266 0.017393 0.039899
0.0 0.406602 0.909961 0.024715 0.032362
0.0 0.713449 0.458648 0.016742 0.037867
0.0 0.240132 0.772497 0.018045 0.041931
0.0 0.612786 0.149357 0.018898 0.036998
0.0 0.559691 0.835195 0.017495 0.030936
0.0 0.473578 0.989498 0.025117 0.021004
0.0 0.310564 0.875574 0.018348 0.026004
0.0 0.517952 0.293839 0.019400 0.036031
