0.0 0.640365 0.499537 0.015104 0.032407
0.0 0.641667 0.197685 0.018750 0.034259
0.0 0.532552 0.244907 0.013021 0.030556
0.0 0.409896 0.104630 0.018750 0.031481
0.0 0.542708 0.850926 0.016667 0.025926
0.0 0.298698 0.363426 0.014063 0.030556
0.0 0.504167 0.885648 0.019792 0.028704
0.0 0.616406 0.508333 0.021354 0.033333
0.0 0.514844 0.937963 0.017188 0.029630
0.0 0.575521 0.708333 0.015625 0.020370
0.0 0.280990 0.306944 0.013021 0.028704
0.0 0.399219 0.838889 0.019271 0.024074
0.0 0.471875 0.938889 0.020833 0.027778
0.0 0.366667 0.209722 0.019792 0.032407
0.0 0.597135 0.808796 0.020313 0.030556
0.0 0.635938 0.688889 0.016667 0.027778
0.0 0.659896 0.728241 0.016667 0.030556
0.0 0.680469 0.743519 0.015104 0.029630
0.0 0.622396 0.893056 0.014583 0.032407
0.0 0.279427 0.790278 0.015104 0.030556
0.0 0.310417 0.268519 0.014583 0.031481
0.0 0.579167 0.917593 0.016667 0.029630
0.0 0.691667 0.472685 0.021875 0.034259
0.0 0.213021 0.557870 0.014583 0.032407
0.0 0.432031 0.717593 0.019271 0.025926
0.0 0.552344 0.351852 0.017188 0.037037
0.0 0.371094 0.783333 0.020313 0.025926
0.0 0.442188 0.883796 0.017708 0.030556
0.0 0.306510 0.310648 0.020313 0.034259
0.0 0.500781 0.951389 0.014063 0.021296
