0 0.258594 0.786111 0.016146 0.029630
0 0.642448 0.195833 0.025521 0.036111
0 0.619271 0.692593 0.017708 0.031481
0 0.395313 0.866204 0.017708 0.021296
0 0.380469 0.831944 0.018229 0.023148
0 0.265885 0.728704 0.015104 0.027778
0 0.510938 0.292593 0.012500 0.031481
0 0.334115 0.767593 0.018229 0.025926
0 0.353906 0.937037 0.016146 0.022222
0 0.646094 0.675000 0.018229 0.035185
0 0.325260 0.514352 0.016146 0.032407
0 0.431510 0.670370 0.016146 0.022222
0 0.467969 0.153704 0.021354 0.025926
0 0.658594 0.518981 0.016146 0.036111
0 0.480990 0.937963 0.018229 0.024074
0 0.717187 0.471759 0.014583 0.034259
0 0.266146 0.551852 0.014583 0.031481
0 0.388542 0.912500 0.016667 0.021296
0 0.328385 0.639815 0.018229 0.024074
0 0.413542 0.607407 0.021875 0.027778
0 0.670052 0.650463 0.013021 0.032407
0 0.356771 0.231481 0.019792 0.029630
0 0.550260 0.950463 0.021354 0.028704
0 0.372917 0.183796 0.019792 0.028704
0 0.305469 0.194907 0.017188 0.026852
0 0.446354 0.215278 0.020833 0.025000
0 0.227344 0.689815 0.019271 0.031481
0 0.521875 0.277778 0.010417 0.029630
0 0.573438 0.287500 0.013542 0.032407
0 0.663021 0.233333 0.017708 0.029630
