0.0 0.319373 0.881002 0.019472 0.032931
0.0 0.674856 0.215494 0.029888 0.041024
0.0 0.691658 0.729913 0.021271 0.035072
0.0 0.470081 0.942558 0.020426 0.024598
0.0 0.451596 0.909584 0.021129 0.026582
0.0 0.322292 0.820852 0.018220 0.030868
0.0 0.544314 0.335028 0.015784 0.034280
0.0 0.397413 0.850459 0.021359 0.029439
0.0 0.718461 0.707736 0.022128 0.038961
0.0 0.367068 0.591363 0.019702 0.035787
0.0 0.491970 0.735643 0.018857 0.025312
0.0 0.487512 0.198730 0.024652 0.029914
0.0 0.718686 0.545376 0.020010 0.039596
0.0 0.566313 0.994774 0.021206 0.010452
0.0 0.776506 0.487890 0.018209 0.037454
0.0 0.307891 0.638930 0.017979 0.034597
0.0 0.466788 0.989491 0.019329 0.021018
0.0 0.380772 0.719919 0.021206 0.027534
0.0 0.467812 0.673625 0.025355 0.031898
0.0 0.741670 0.678853 0.016409 0.035311
0.0 0.376797 0.295649 0.023314 0.033486
0.0 0.640340 0.994619 0.024883 0.010761
0.0 0.389853 0.244149 0.023237 0.032534
0.0 0.319705 0.265845 0.020339 0.030233
0.0 0.469846 0.265347 0.024026 0.028883
0.0 0.278454 0.786724 0.022918 0.035310
0.0 0.554609 0.318127 0.013435 0.032059
0.0 0.609747 0.320275 0.016959 0.035390
0.0 0.699646 0.250929 0.021118 0.033169
