0 0.643229 0.196759 0.017708 0.036111
0 0.213021 0.524537 0.017708 0.032407
0 0.362240 0.765741 0.017188 0.024074
0 0.433594 0.868519 0.011979 0.027778
0 0.419271 0.755556 0.016667 0.022222
0 0.440885 0.700926 0.018229 0.022222
0 0.337240 0.834722 0.017188 0.026852
0 0.351302 0.911111 0.017188 0.024074
0 0.280208 0.645370 0.017708 0.033333
0 0.244531 0.765741 0.017188 0.024074
0 0.455469 0.650926 0.017188 0.020370
0 0.458854 0.766204 0.021875 0.032407
0 0.668750 0.767593 0.015625 0.029630
0 0.317969 0.299074 0.018229 0.024074
0 0.601302 0.885185 0.019271 0.025926
0 0.241406 0.424537 0.014063 0.032407
0 0.363021 0.664352 0.018750 0.025000
0 0.721615 0.550000 0.021354 0.031481
0 0.559635 0.870370 0.018229 0.027778
0 0.663281 0.600000 0.015104 0.038889
0 0.426563 0.452778 0.020833 0.025926
0 0.388021 0.397685 0.013542 0.030556
0 0.710156 0.668981 0.016146 0.039815
0 0.381250 0.838426 0.019792 0.023148
0 0.463021 0.950000 0.019792 0.025926
0 0.500260 0.866204 0.020313 0.028704
0 0.489323 0.976852 0.019271 0.024074
0 0.367969 0.890278 0.020313 0.028704
0 0.601302 0.896759 0.014063 0.021296
0 0.559635 0.286111 0.016146 0.029630
