0.0 0.672850 0.192226 0.021740 0.042811
0.0 0.251958 0.666140 0.021410 0.038995
0.0 0.429534 0.867407 0.020124 0.030245
0.0 0.513330 0.950707 0.015004 0.032412
0.0 0.488291 0.838857 0.019414 0.028172
0.0 0.506040 0.775729 0.021048 0.028667
0.0 0.409520 0.946393 0.020371 0.033107
0.0 0.333001 0.769361 0.021492 0.039949
0.0 0.306392 0.904675 0.020124 0.030245
0.0 0.516847 0.719597 0.019795 0.026429
0.0 0.530649 0.837295 0.025769 0.040315
0.0 0.750358 0.772272 0.018984 0.035475
0.0 0.341682 0.400620 0.021213 0.030575
0.0 0.690263 0.914780 0.022468 0.032813
0.0 0.272752 0.554124 0.017597 0.037841
0.0 0.421327 0.762699 0.021841 0.031694
0.0 0.786295 0.531350 0.025142 0.039196
0.0 0.645354 0.912709 0.021543 0.034391
0.0 0.729719 0.601333 0.019263 0.044849
0.0 0.468970 0.524598 0.024102 0.033307
0.0 0.423745 0.480039 0.016887 0.035769
0.0 0.784898 0.657563 0.020435 0.046133
0.0 0.455891 0.936275 0.022766 0.030116
0.0 0.582867 0.927215 0.023806 0.036005
0.0 0.446612 0.987950 0.023806 0.024100
0.0 0.691293 0.926705 0.016608 0.026394
0.0 0.593350 0.310751 0.019529 0.035640
