0.0 0.420833 0.689815 0.012500 0.027778
0.0 0.704688 0.606481 0.018750 0.038889
0.0 0.691146 0.559722 0.015625 0.034259
0.0 0.708854 0.581019 0.015625 0.045370
0.0 0.669010 0.238426 0.017188 0.034259
0.0 0.538281 0.195370 0.021354 0.031481
0.0 0.654427 0.766667 0.016146 0.027778
0.0 0.614062 0.857407 0.016667 0.024074
0.0 0.676042 0.615741 0.015625 0.040741
0.0 0.642708 0.200463 0.018750 0.039815
0.0 0.633073 0.762963 0.020313 0.027778
0.0 0.657552 0.655093 0.015104 0.036111
0.0 0.477865 0.077778 0.021354 0.025926
0.0 0.277083 0.205556 0.013542 0.029630
0.0 0.685677 0.773611 0.019271 0.028704
0.0 0.423438 0.850000 0.017708 0.027778
0.0 0.473958 0.929630 0.018750 0.024074
0.0 0.405469 0.862037 0.018229 0.020370
0.0 0.495312 0.893981 0.018750 0.025000
0.0 0.707031 0.681481 0.017188 0.033333
0.0 0.408854 0.970370 0.021875 0.031481
0.0 0.606771 0.744907 0.016667 0.026852
0.0 0.376042 0.931944 0.016667 0.021296
0.0 0.537760 0.648148 0.016146 0.037037
0.0 0.538802 0.313889 0.016146 0.035185
0.0 0.347917 0.435648 0.017708 0.036111
0.0 0.431510 0.081481 0.020313 0.024074
0.0 0.455208 0.775000 0.018750 0.035185
0.0 0.552865 0.213889 0.014063 0.024074
0.0 0.697656 0.668519 0.010937 0.029630
