0.0 0.579167 0.689815 0.012500 0.027778
0.0 0.295312 0.606481 0.018750 0.038889
0.0 0.308854 0.559722 0.015625 0.034259
0.0 0.291146 0.581019 0.015625 0.045370
0.0 0.330990 0.238426 0.017188 0.034259
0.0 0.461719 0.195370 0.021354 0.031481
0.0 0.345573 0.766667 0.016146 0.027778
0.0 0.385938 0.857407 0.016667 0.024074
0.0 0.323958 0.615741 0.015625 0.040741
0.0 0.357292 0.200463 0.018750 0.039815
0.0 0.366927 0.762963 0.020313 0.027778
0.0 0.342448 0.655093 0.015104 0.036111
0.0 0.522135 0.077778 0.021354 0.025926
0.0 0.722917 0.205556 0.013542 0.029630
0.0 0.314323 0.773611 0.019271 0.028704
0.0 0.576562 0.850000 0.017708 0.027778
0.0 0.526042 0.929630 0.018750 0.024074
0.0 0.594531 0.862037 0.018229 0.020370
0.0 0.504688 0.893981 0.018750 0.025000
0.0 0.292969 0.681481 0.017188 0.033333
0.0 0.591146 0.970370 0.021875 0.031481
0.0 0.393229 0.744907 0.016667 0.026852
0.0 0.623958 0.931944 0.016667 0.021296
0.0 0.462240 0.648148 0.016146 0.037037
0.0 0.461198 0.313889 0.016146 0.035185
0.0 0.652083 0.435648 0.017708 0.036111
0.0 0.568490 0.081481 0.020313 0.024074
0.0 0.544792 0.775000 0.018750 0.035185
0.0 0.447135 0.213889 0.014063 0.024074
0.0 0.302344 0.668519 0.010937 0.029630
