0.0 0.618529 0.752309 0.017347 0.022829
0.0 0.714951 0.269295 0.021548 0.040686
0.0 0.456217 0.827623 0.019123 0.025840
0.0 0.680768 0.229240 0.022090 0.040779
0.0 0.725439 0.375468 0.019673 0.035854
0.0 0.620231 0.385797 0.017115 0.038118
0.0 0.312581 0.680999 0.016124 0.029832
0.0 0.270596 0.747513 0.020465 0.040499
0.0 0.657156 0.753919 0.022622 0.030952
0.0 0.564543 0.754724 0.016414 0.025373
0.0 0.405099 0.181657 0.018931 0.032120
0.0 0.540242 0.884357 0.022522 0.029132
0.0 0.747481 0.438294 0.021407 0.047875
0.0 0.429537 0.990451 0.020696 0.019098
0.0 0.770770 0.464146 0.022140 0.041690
0.0 0.696168 0.851957 0.020997 0.030672
0.0 0.445294 0.862590 0.019282 0.038492
0.0 0.714439 0.538188 0.021498 0.039776
0.0 0.343567 0.856697 0.020155 0.025116
0.0 0.314619 0.886960 0.021288 0.026213
0.0 0.340706 0.745073 0.021739 0.034406
0.0 0.305431 0.511300 0.018490 0.033846
0.0 0.765879 0.737929 0.019432 0.041223
0.0 0.637753 0.485703 0.022331 0.035410
0.0 0.387637 0.649217 0.016915 0.034476
0.0 0.472923 0.993999 0.022472 0.012002
0.0 0.730492 0.646159 0.019323 0.029482
0.0 0.752354 0.700745 0.017748 0.030112
