0 0.548958 0.224074 0.018750 0.037037
0 0.686458 0.360648 0.017708 0.025000
0 0.342187 0.510648 0.013542 0.030556
0 0.233333 0.387037 0.013542 0.033333
0 0.642448 0.202315 0.020313 0.043519
0 0.225000 0.352315 0.012500 0.030556
0 0.667448 0.238426 0.018229 0.037963
0 0.389583 0.681019 0.017708 0.021296
0 0.344792 0.916204 0.017708 0.021296
0 0.254167 0.346296 0.014583 0.033333
0 0.677865 0.393056 0.018229 0.039815
0 0.452865 0.968981 0.020313 0.026852
0 0.480469 0.859259 0.017188 0.022222
0 0.373437 0.185648 0.018750 0.021296
0 0.620052 0.676852 0.016146 0.029630
0 0.513542 0.962963 0.018750 0.025926
0 0.662240 0.826389 0.016146 0.032407
0 0.233594 0.709259 0.019271 0.031481
0 0.335156 0.467130 0.018229 0.032407
0 0.234115 0.523611 0.016146 0.028704
0 0.428906 0.925926 0.020313 0.025926
0 0.290104 0.797222 0.017708 0.025926
0 0.594271 0.790278 0.019792 0.026852
0 0.439063 0.784259 0.020833 0.024074
0 0.601562 0.862037 0.020833 0.031481
0 0.365104 0.462037 0.016667 0.031481
0 0.549740 0.771759 0.016146 0.025000
0 0.716927 0.582870 0.010937 0.034259
0 0.716406 0.595370 0.017188 0.040741
0 0.496354 0.068981 0.018750 0.023148
