0.0 0.358333 0.196759 0.017708 0.034259
0.0 0.323438 0.768519 0.017708 0.033333
0.0 0.327865 0.247685 0.019271 0.037963
0.0 0.744531 0.653704 0.014063 0.027778
0.0 0.361979 0.638889 0.017708 0.029630
0.0 0.311979 0.761574 0.018750 0.026852
0.0 0.647656 0.833333 0.019271 0.031481
0.0 0.779688 0.619444 0.015625 0.029630
0.0 0.769531 0.506019 0.014063 0.028704
0.0 0.285677 0.433796 0.021354 0.036111
0.0 0.322396 0.621759 0.015625 0.030556
0.0 0.414583 0.770370 0.016667 0.029630
0.0 0.606250 0.903704 0.015625 0.027778
0.0 0.600521 0.170833 0.019792 0.025000
0.0 0.408073 0.827315 0.018229 0.026852
0.0 0.476302 0.919907 0.019271 0.023148
0.0 0.603125 0.970370 0.019792 0.029630
0.0 0.696875 0.797685 0.018750 0.030556
0.0 0.527083 0.174074 0.021875 0.024074
0.0 0.542187 0.872222 0.017708 0.024074
0.0 0.791927 0.518056 0.014063 0.034259
0.0 0.715365 0.266667 0.020313 0.025926
0.0 0.412240 0.688426 0.017188 0.034259
0.0 0.330208 0.807407 0.018750 0.035185
0.0 0.449479 0.958333 0.018750 0.029630
0.0 0.487500 0.083333 0.013542 0.022222
0.0 0.450260 0.226852 0.017188 0.035185
0.0 0.348958 0.707870 0.014583 0.032407
0.0 0.436979 0.861111 0.017708 0.020370
0.0 0.617708 0.942130 0.022917 0.025000
