0.0 0.699273 0.256282 0.018036 0.035654
0.0 0.644946 0.913139 0.017509 0.026613
0.0 0.573236 0.151761 0.022288 0.033953
0.0 0.723693 0.298986 0.020932 0.043850
0.0 0.552894 0.679086 0.017509 0.026613
0.0 0.399091 0.917465 0.016003 0.025673
0.0 0.621426 0.904861 0.019119 0.029362
0.0 0.696900 0.621086 0.018142 0.037462
0.0 0.670448 0.891589 0.016276 0.022069
0.0 0.537766 0.531138 0.019445 0.026661
0.0 0.331093 0.387500 0.016919 0.024793
0.0 0.739934 0.548365 0.017120 0.036534
0.0 0.500140 0.814491 0.016919 0.024793
0.0 0.752828 0.439586 0.015826 0.039210
0.0 0.387553 0.641495 0.017025 0.026601
0.0 0.715743 0.771843 0.017720 0.030230
0.0 0.545510 0.921995 0.021329 0.025805
0.0 0.337552 0.900098 0.016478 0.033810
0.0 0.625116 0.862401 0.020467 0.027590
0.0 0.444126 0.482192 0.021435 0.027613
0.0 0.405118 0.988127 0.019824 0.023747
0.0 0.313502 0.759623 0.016909 0.032917
0.0 0.512906 0.986721 0.024709 0.026558
0.0 0.308508 0.396447 0.015730 0.029278
0.0 0.304657 0.462444 0.015941 0.032893
0.0 0.612608 0.283109 0.019488 0.035690
0.0 0.678841 0.706196 0.011856 0.029182
0.0 0.511574 0.793045 0.016497 0.017561
0.0 0.552475 0.943896 0.020045 0.020356
