0.0 0.283686 0.235351 0.020077 0.038751
0.0 0.360175 0.943868 0.019257 0.028996
0.0 0.413881 0.120272 0.024516 0.036992
0.0 0.259112 0.281899 0.023372 0.047637
0.0 0.450687 0.689474 0.019257 0.028996
0.0 0.620183 0.944274 0.017640 0.027956
0.0 0.384797 0.934519 0.021037 0.031986
0.0 0.296782 0.629328 0.020241 0.040702
0.0 0.332593 0.921035 0.017824 0.024075
0.0 0.462385 0.529415 0.021303 0.029081
0.0 0.676681 0.370687 0.018582 0.027023
0.0 0.249182 0.551530 0.019136 0.039684
0.0 0.510381 0.834807 0.018582 0.027023
0.0 0.232395 0.434264 0.017847 0.042546
0.0 0.624370 0.646002 0.018746 0.028974
0.0 0.281239 0.792486 0.019585 0.032898
0.0 0.465542 0.951708 0.023266 0.028191
0.0 0.684729 0.924447 0.018378 0.036735
0.0 0.379665 0.888723 0.022408 0.030099
0.0 0.559947 0.474924 0.023430 0.030142
0.0 0.706074 0.772305 0.018808 0.035781
0.0 0.700814 0.379958 0.017457 0.031837
0.0 0.706800 0.451174 0.017785 0.035738
0.0 0.376075 0.262822 0.021611 0.038815
0.0 0.318341 0.720941 0.013364 0.031666
0.0 0.497672 0.811842 0.017926 0.019219
0.0 0.458815 0.975484 0.021752 0.022294
