0.0 0.656581 0.849273 0.018980 0.033352
0.0 0.729891 0.336719 0.014706 0.031698
0.0 0.738860 0.522463 0.020617 0.037168
0.0 0.738508 0.480454 0.017980 0.039329
0.0 0.589308 0.971287 0.017287 0.024249
0.0 0.696226 0.287780 0.017971 0.038447
0.0 0.509922 0.426163 0.019971 0.026495
0.0 0.754762 0.433953 0.021692 0.038243
0.0 0.346044 0.390238 0.014201 0.034244
0.0 0.769735 0.707768 0.019027 0.037759
0.0 0.701723 0.823909 0.016810 0.029440
0.0 0.740850 0.836751 0.017466 0.040995
0.0 0.626545 0.560360 0.014791 0.039629
0.0 0.680328 0.801482 0.017362 0.031300
0.0 0.704565 0.457516 0.021104 0.032859
0.0 0.532345 0.802882 0.020542 0.030118
0.0 0.402495 0.781963 0.018867 0.022776
0.0 0.298720 0.369728 0.014173 0.031601
0.0 0.536865 0.994966 0.021075 0.010068
0.0 0.289020 0.552968 0.017914 0.033159
0.0 0.368128 0.798685 0.014696 0.030816
0.0 0.646207 0.795289 0.020542 0.030118
0.0 0.596571 0.891364 0.017362 0.031300
0.0 0.679591 0.695382 0.017914 0.033159
0.0 0.551999 0.938465 0.021066 0.029333
0.0 0.408179 0.824941 0.021617 0.031193
0.0 0.433614 0.944354 0.023750 0.031580
0.0 0.396643 0.203826 0.018381 0.027086
0.0 0.617300 0.275222 0.015762 0.031010
0.0 0.741190 0.429282 0.012488 0.023378
