0.0 0.299954 0.247550 0.019220 0.042805
0.0 0.553221 0.926641 0.013591 0.037709
0.0 0.585010 0.369586 0.015273 0.037031
0.0 0.671249 0.346453 0.014702 0.033914
0.0 0.281504 0.935882 0.016955 0.036353
0.0 0.652534 0.940591 0.020293 0.026970
0.0 0.759648 0.438705 0.019214 0.040798
0.0 0.653221 0.455701 0.019735 0.027865
0.0 0.268105 0.823665 0.017513 0.035458
0.0 0.716669 0.628456 0.015270 0.036029
0.0 0.587985 0.405107 0.022562 0.034425
0.0 0.341730 0.439521 0.015267 0.035025
0.0 0.689035 0.402180 0.016967 0.040365
0.0 0.433720 0.906554 0.019176 0.028760
0.0 0.683202 0.560712 0.018640 0.036678
0.0 0.608328 0.981209 0.023158 0.037582
0.0 0.214971 0.673487 0.018107 0.045598
0.0 0.738198 0.476424 0.015834 0.037139
0.0 0.279839 0.751725 0.019195 0.034779
0.0 0.549564 0.840119 0.022565 0.035429
0.0 0.663719 0.864745 0.021995 0.032311
0.0 0.475963 0.772086 0.020887 0.037111
0.0 0.695875 0.813934 0.015277 0.038034
0.0 0.638695 0.879091 0.021423 0.029193
0.0 0.590138 0.879424 0.018621 0.030658
0.0 0.373590 0.304547 0.028750 0.038626
