0 0.642708 0.203241 0.018750 0.036111
0 0.304167 0.837963 0.015625 0.029630
0 0.317969 0.882870 0.017188 0.028704
0 0.348177 0.811574 0.021354 0.026852
0 0.671615 0.635648 0.011979 0.028704
0 0.401823 0.968519 0.018229 0.035185
0 0.239063 0.700463 0.019792 0.032407
0 0.512760 0.924074 0.019271 0.022222
0 0.301042 0.872685 0.015625 0.032407
0 0.260677 0.576389 0.011979 0.026852
0 0.229948 0.621759 0.018229 0.030556
0 0.426563 0.786574 0.018750 0.030556
0 0.422396 0.980093 0.017708 0.026852
0 0.324479 0.270833 0.015625 0.030556
0 0.698177 0.455093 0.014063 0.037963
0 0.493229 0.877315 0.019792 0.026852
0 0.536719 0.505093 0.019271 0.034259
0 0.658854 0.554630 0.017708 0.040741
0 0.594271 0.829630 0.017708 0.031481
0 0.622917 0.796296 0.015625 0.040741
0 0.211719 0.508796 0.014063 0.034259
0 0.526302 0.841204 0.020313 0.028704
0 0.368490 0.556944 0.020313 0.026852
0 0.279427 0.618056 0.021354 0.030556
0 0.536198 0.958333 0.020313 0.027778
0 0.288281 0.577315 0.013021 0.028704
0 0.322135 0.806019 0.019271 0.028704
0 0.638542 0.469907 0.017708 0.043519
0 0.632812 0.232407 0.014583 0.035185
0 0.574479 0.265741 0.017708 0.029630
