0.0 0.708101 0.308900 0.020690 0.037969
0.0 0.335029 0.816615 0.017228 0.031212
0.0 0.348210 0.861559 0.018840 0.030727
0.0 0.381920 0.802660 0.023154 0.030005
0.0 0.726015 0.716809 0.013380 0.029482
0.0 0.433659 0.961027 0.020117 0.036986
0.0 0.270721 0.673543 0.021676 0.034783
0.0 0.551226 0.946322 0.020838 0.025214
0.0 0.330758 0.848068 0.017308 0.033787
0.0 0.296933 0.563646 0.013327 0.027765
0.0 0.263420 0.598377 0.019985 0.032693
0.0 0.464807 0.798209 0.020531 0.032818
0.0 0.454894 0.976677 0.019332 0.029134
0.0 0.372570 0.295531 0.017255 0.032071
0.0 0.759032 0.555716 0.015830 0.038567
0.0 0.532092 0.898292 0.021517 0.029632
0.0 0.588346 0.563498 0.021183 0.036376
0.0 0.714959 0.638626 0.019730 0.042014
0.0 0.639378 0.878218 0.019465 0.033426
0.0 0.670363 0.854151 0.017547 0.041516
0.0 0.247548 0.489262 0.015724 0.035132
0.0 0.567796 0.872708 0.022116 0.031474
0.0 0.410509 0.571379 0.022063 0.029756
0.0 0.315395 0.606768 0.023261 0.033440
0.0 0.574814 0.983694 0.022090 0.030615
0.0 0.325843 0.571102 0.014472 0.029731
0.0 0.354779 0.791285 0.021024 0.031225
0.0 0.696093 0.555202 0.019810 0.044590
0.0 0.696891 0.333583 0.016295 0.036115
0.0 0.634787 0.350555 0.019412 0.031710
