0.0 0.648129 0.215620 0.023394 0.040893
0.0 0.405656 0.935720 0.019430 0.033589
0.0 0.425438 0.981100 0.020830 0.032842
0.0 0.445024 0.901367 0.024647 0.031501
0.0 0.736872 0.667917 0.015734 0.032074
0.0 0.322733 0.800140 0.023895 0.037136
0.0 0.621780 0.991364 0.021962 0.017272
0.0 0.407453 0.972843 0.019819 0.036521
0.0 0.326531 0.665948 0.015475 0.030118
0.0 0.302810 0.718384 0.022107 0.034951
0.0 0.518220 0.863411 0.022617 0.035028
0.0 0.346230 0.333916 0.019560 0.034567
0.0 0.737614 0.473360 0.019067 0.042157
0.0 0.596133 0.949390 0.023119 0.031271
0.0 0.586637 0.549963 0.023645 0.039015
0.0 0.713059 0.584256 0.023022 0.045628
0.0 0.688323 0.884141 0.021727 0.035851
0.0 0.711689 0.844720 0.020984 0.045321
0.0 0.269181 0.601799 0.018549 0.038246
0.0 0.623442 0.906385 0.023887 0.033303
0.0 0.429295 0.629518 0.023628 0.031347
0.0 0.350702 0.707178 0.025165 0.035412
0.0 0.353668 0.662855 0.016753 0.032228
0.0 0.418769 0.899342 0.022868 0.033149
0.0 0.681339 0.497796 0.023410 0.048561
0.0 0.642525 0.247874 0.019187 0.039301
0.0 0.590114 0.291672 0.021468 0.033896
