0.0 0.656250 0.536111 0.014583 0.042593
0.0 0.665104 0.340741 0.022917 0.042593
0.0 0.641406 0.197685 0.021354 0.039815
0.0 0.523958 0.919444 0.017708 0.024074
0.0 0.424479 0.921759 0.020833 0.028704
0.0 0.230729 0.685185 0.015625 0.029630
0.0 0.677865 0.352315 0.020313 0.034259
0.0 0.276562 0.518519 0.015625 0.029630
0.0 0.276302 0.751852 0.017188 0.031481
0.0 0.692187 0.693981 0.016667 0.032407
0.0 0.450260 0.981944 0.020313 0.026852
0.0 0.690625 0.570833 0.015625 0.037963
0.0 0.375521 0.262500 0.016667 0.028704
0.0 0.458333 0.690741 0.016667 0.022222
0.0 0.556510 0.851389 0.018229 0.025000
0.0 0.575521 0.930556 0.021875 0.038889
0.0 0.478385 0.809722 0.019271 0.028704
0.0 0.329948 0.511574 0.014063 0.032407
0.0 0.260156 0.428704 0.020313 0.033333
0.0 0.634375 0.697685 0.019792 0.026852
0.0 0.400781 0.972222 0.018229 0.024074
0.0 0.219531 0.580556 0.015104 0.035185
0.0 0.545833 0.959259 0.019792 0.038889
0.0 0.415104 0.779167 0.020833 0.030556
0.0 0.565885 0.601389 0.019271 0.034259
0.0 0.258854 0.749074 0.012500 0.029630
0.0 0.270833 0.781481 0.014583 0.031481
