0 0.576042 0.287500 0.018750 0.030556
0 0.251042 0.375926 0.013542 0.027778
0 0.689844 0.337963 0.017188 0.033333
0 0.669010 0.347222 0.021354 0.038889
0 0.333073 0.825000 0.020313 0.027778
0 0.641146 0.195833 0.019792 0.037963
0 0.330208 0.856944 0.015625 0.030556
0 0.318229 0.763426 0.015625 0.021296
0 0.378125 0.234259 0.018750 0.029630
0 0.366927 0.806944 0.018229 0.025000
0 0.354687 0.118056 0.018750 0.036111
0 0.322396 0.911574 0.018750 0.025000
0 0.377083 0.955556 0.019792 0.024074
0 0.313021 0.559259 0.017708 0.035185
0 0.414062 0.803704 0.016667 0.024074
0 0.333073 0.249074 0.019271 0.031481
0 0.480208 0.937500 0.017708 0.023148
0 0.671094 0.628704 0.014063 0.035185
0 0.471094 0.728241 0.020313 0.025000
0 0.257812 0.554167 0.014583 0.032407
0 0.283594 0.405556 0.020313 0.027778
0 0.719792 0.503241 0.020833 0.039815
0 0.408073 0.904167 0.020313 0.032407
0 0.344792 0.670833 0.021875 0.028704
0 0.464323 0.800926 0.021354 0.027778
0 0.282813 0.625926 0.011458 0.029630
0 0.659115 0.672222 0.011979 0.029630
0 0.718229 0.465278 0.015625 0.037963
0 0.643229 0.475926 0.017708 0.035185
