0.0 0.612190 0.997352 0.019731 0.005297
0.0 0.720311 0.494971 0.014663 0.028967
0.0 0.312925 0.359974 0.017365 0.033182
0.0 0.650301 0.212209 0.018902 0.040156
0.0 0.344113 0.672357 0.014442 0.031846
0.0 0.623530 0.994042 0.024327 0.011915
0.0 0.545046 0.200667 0.022959 0.032914
0.0 0.460669 0.384499 0.020256 0.028700
0.0 0.318943 0.716104 0.017923 0.034220
0.0 0.377044 0.935516 0.019478 0.030540
0.0 0.346390 0.612672 0.019206 0.038256
0.0 0.499864 0.142484 0.020645 0.027780
0.0 0.323615 0.798180 0.015777 0.031044
0.0 0.755959 0.728586 0.017009 0.039918
0.0 0.721383 0.618582 0.019290 0.039235
0.0 0.747762 0.536075 0.022738 0.035792
0.0 0.341899 0.354854 0.016367 0.037900
0.0 0.590280 0.937469 0.021235 0.034636
0.0 0.464216 0.836965 0.021455 0.031757
0.0 0.286917 0.452335 0.021488 0.037573
0.0 0.688794 0.870660 0.019783 0.028640
0.0 0.417714 0.869034 0.022654 0.034814
0.0 0.656281 0.834645 0.022233 0.029917
0.0 0.396899 0.771660 0.019815 0.034458
0.0 0.445503 0.180489 0.016808 0.032143
0.0 0.493507 0.199215 0.020865 0.024901
0.0 0.431065 0.821326 0.019971 0.019945
0.0 0.460847 0.906191 0.020729 0.028759
0.0 0.676780 0.500434 0.023309 0.053303
