0.0 0.295184 0.525002 0.019350 0.033812
0.0 0.278224 0.379322 0.019971 0.038065
0.0 0.513176 0.361376 0.018797 0.033787
0.0 0.295294 0.268102 0.021012 0.033885
0.0 0.708585 0.697464 0.018256 0.034608
0.0 0.579406 0.930078 0.022554 0.026347
0.0 0.691766 0.807005 0.017609 0.028665
0.0 0.373893 0.338753 0.018624 0.022794
0.0 0.320466 0.742458 0.020906 0.027120
0.0 0.365811 0.845445 0.018837 0.036324
0.0 0.737287 0.745209 0.017676 0.032893
0.0 0.227232 0.603554 0.021553 0.033064
0.0 0.230754 0.457934 0.022067 0.030551
0.0 0.452589 0.925752 0.021407 0.023761
0.0 0.739463 0.496429 0.015421 0.030258
0.0 0.395221 0.762234 0.023662 0.026396
0.0 0.605208 0.934175 0.020879 0.025428
0.0 0.356583 0.469822 0.017782 0.039658
0.0 0.428709 0.797514 0.019705 0.021151
0.0 0.332892 0.916669 0.018177 0.029534
0.0 0.618639 0.838005 0.020893 0.026274
0.0 0.740678 0.661696 0.015987 0.031128
0.0 0.531884 0.477555 0.022527 0.024656
0.0 0.450934 0.978919 0.021934 0.022094
0.0 0.507469 0.192109 0.024756 0.025599
0.0 0.665488 0.790212 0.023081 0.024680
0.0 0.430800 0.948031 0.019177 0.022818
0.0 0.505732 0.275272 0.023081 0.024680
0.0 0.716687 0.737540 0.015461 0.032795
0.0 0.379177 0.850682 0.016448 0.025233
