0.0 0.301753 0.212362 0.020873 0.045384
0.0 0.502031 0.227556 0.020510 0.033189
0.0 0.713170 0.813889 0.019570 0.036148
0.0 0.410344 0.176083 0.018843 0.028990
0.0 0.700795 0.795086 0.016329 0.030802
0.0 0.349998 0.934716 0.018479 0.034028
0.0 0.398015 0.891202 0.021630 0.036325
0.0 0.628057 0.870941 0.016268 0.028769
0.0 0.710974 0.542029 0.022448 0.046533
0.0 0.276941 0.525996 0.017298 0.046091
0.0 0.506454 0.944622 0.020752 0.041319
0.0 0.385533 0.782677 0.021388 0.028195
0.0 0.404770 0.411289 0.020540 0.034205
0.0 0.562227 0.842472 0.020995 0.032217
0.0 0.526312 0.120164 0.021994 0.031289
0.0 0.565483 0.227943 0.020055 0.035177
0.0 0.245283 0.497932 0.019176 0.040169
0.0 0.315326 0.917543 0.018086 0.038048
0.0 0.642962 0.612716 0.015601 0.040876
0.0 0.681541 0.347402 0.017026 0.036943
0.0 0.539688 0.879055 0.018873 0.030007
0.0 0.480114 0.989309 0.017208 0.021383
0.0 0.474752 0.975348 0.017632 0.022803
0.0 0.300087 0.509740 0.019055 0.036104
0.0 0.275154 0.302322 0.017602 0.039020
