0 0.641927 0.199074 0.018229 0.035185
0 0.470833 0.921759 0.016667 0.023148
0 0.443750 0.089352 0.017708 0.021296
0 0.256771 0.791667 0.018750 0.029630
0 0.621615 0.712500 0.017188 0.028704
0 0.440625 0.921759 0.018750 0.025000
0 0.329688 0.900463 0.017708 0.023148
0 0.234635 0.568056 0.018229 0.026852
0 0.335417 0.821759 0.018750 0.026852
0 0.388021 0.820370 0.016667 0.025926
0 0.607292 0.889815 0.018750 0.027778
0 0.530729 0.846296 0.016667 0.025926
0 0.287760 0.662037 0.015104 0.031481
0 0.269792 0.399074 0.015625 0.029630
0 0.436979 0.982407 0.017708 0.024074
0 0.368750 0.354630 0.017708 0.027778
0 0.293490 0.771296 0.015104 0.029630
0 0.402344 0.186111 0.020313 0.025926
0 0.528906 0.807407 0.019271 0.024074
0 0.715104 0.530556 0.018750 0.046296
0 0.403385 0.109259 0.020313 0.025926
0 0.357552 0.417593 0.019271 0.038889
0 0.476302 0.262963 0.022396 0.027778
0 0.657292 0.748611 0.019792 0.026852
0 0.445573 0.194907 0.020313 0.028704
0 0.260417 0.769444 0.017708 0.031481
0 0.417448 0.901852 0.019271 0.018519
0 0.615365 0.747685 0.015104 0.030556
0 0.650260 0.484722 0.025521 0.043519
