0.0 0.704676 0.314192 0.019661 0.038071
0.0 0.496884 0.931674 0.017442 0.026456
0.0 0.520100 0.152858 0.018336 0.025055
0.0 0.298200 0.746692 0.019834 0.033085
0.0 0.654666 0.783402 0.018273 0.031757
0.0 0.467759 0.922566 0.019560 0.028799
0.0 0.362057 0.869402 0.018445 0.026770
0.0 0.290108 0.532997 0.019167 0.030356
0.0 0.372245 0.798264 0.019670 0.030513
0.0 0.423047 0.812839 0.017606 0.029028
0.0 0.630348 0.943244 0.019724 0.031370
0.0 0.559107 0.879869 0.017606 0.029028
0.0 0.335760 0.636023 0.016429 0.033699
0.0 0.334019 0.387152 0.016821 0.032143
0.0 0.460649 0.977616 0.018500 0.027627
0.0 0.432066 0.375842 0.018720 0.031056
0.0 0.334810 0.738904 0.016319 0.031986
0.0 0.474443 0.229954 0.021122 0.030127
0.0 0.559654 0.843316 0.020007 0.028098
0.0 0.755588 0.643145 0.020822 0.048515
0.0 0.480001 0.159118 0.021122 0.030127
0.0 0.417538 0.430758 0.020885 0.041814
0.0 0.541198 0.323404 0.023240 0.032470
0.0 0.686925 0.827591 0.020674 0.030827
0.0 0.515602 0.251132 0.021286 0.032699
0.0 0.303032 0.727218 0.018939 0.034485
0.0 0.446591 0.897148 0.019678 0.022955
0.0 0.646555 0.814093 0.016374 0.032843
0.0 0.695783 0.581160 0.027186 0.047985
