0.0 0.358073 0.199074 0.018229 0.035185
0.0 0.529167 0.921759 0.016667 0.023148
0.0 0.556250 0.089352 0.017708 0.021296
0.0 0.743229 0.791667 0.018750 0.029630
0.0 0.378385 0.712500 0.017188 0.028704
0.0 0.559375 0.921759 0.018750 0.025000
0.0 0.670312 0.900463 0.017708 0.023148
0.0 0.765365 0.568056 0.018229 0.026852
0.0 0.664583 0.821759 0.018750 0.026852
0.0 0.611979 0.820370 0.016667 0.025926
0.0 0.392708 0.889815 0.018750 0.027778
0.0 0.469271 0.846296 0.016667 0.025926
0.0 0.712240 0.662037 0.015104 0.031481
0.0 0.730208 0.399074 0.015625 0.029630
0.0 0.563021 0.982407 0.017708 0.024074
0.0 0.631250 0.354630 0.017708 0.027778
0.0 0.706510 0.771296 0.015104 0.029630
0.0 0.597656 0.186111 0.020313 0.025926
0.0 0.471094 0.807407 0.019271 0.024074
0.0 0.284896 0.530556 0.018750 0.046296
0.0 0.596615 0.109259 0.020313 0.025926
0.0 0.642448 0.417593 0.019271 0.038889
0.0 0.523698 0.262963 0.022396 0.027778
0.0 0.342708 0.748611 0.019792 0.026852
0.0 0.554427 0.194907 0.020313 0.028704
0.0 0.739583 0.769444 0.017708 0.031481
0.0 0.582552 0.901852 0.019271 0.018519
0.0 0.384635 0.747685 0.015104 0.030556
0.0 0.349740 0.484722 0.025521 0.043519
