0.0 0.561458 0.199537 0.016667 0.023148
0.0 0.554427 0.324074 0.019271 0.025926
0.0 0.775000 0.454167 0.013542 0.032407
0.0 0.357292 0.195833 0.017708 0.036111
0.0 0.751823 0.768519 0.018229 0.025926
0.0 0.397396 0.305093 0.015625 0.026852
0.0 0.534896 0.978704 0.020833 0.025926
0.0 0.528385 0.953704 0.024479 0.029630
0.0 0.733594 0.683796 0.016146 0.030556
0.0 0.756771 0.641204 0.013542 0.028704
0.0 0.643750 0.781944 0.017708 0.025000
0.0 0.477604 0.835185 0.013542 0.029630
0.0 0.313021 0.772685 0.016667 0.028704
0.0 0.501563 0.859259 0.017708 0.022222
0.0 0.340885 0.468981 0.018229 0.043519
0.0 0.706510 0.837037 0.018229 0.029630
0.0 0.653906 0.723148 0.015104 0.031481
0.0 0.394271 0.602315 0.016667 0.032407
0.0 0.633854 0.898148 0.018750 0.024074
0.0 0.437500 0.863426 0.023958 0.026852
0.0 0.508333 0.159259 0.019792 0.033333
0.0 0.767969 0.725000 0.016146 0.033333
0.0 0.456771 0.548611 0.018750 0.026852
0.0 0.779948 0.550463 0.014063 0.036111
0.0 0.590885 0.524537 0.021354 0.028704
0.0 0.736458 0.601852 0.016667 0.033333
0.0 0.768490 0.461574 0.013021 0.034259
0.0 0.588021 0.893519 0.019792 0.025926
0.0 0.351562 0.478241 0.020833 0.041667
