0.0 0.463317 0.212293 0.019239 0.030081
0.0 0.475260 0.345987 0.022120 0.033896
0.0 0.703545 0.408032 0.017663 0.038778
0.0 0.269444 0.277913 0.022161 0.044102
0.0 0.728551 0.747347 0.021133 0.033541
0.0 0.323736 0.379449 0.018805 0.033631
0.0 0.544641 0.999444 0.027604 0.001113
0.0 0.698636 0.664230 0.019852 0.037713
0.0 0.714220 0.611433 0.017110 0.034874
0.0 0.628224 0.798303 0.020501 0.032388
0.0 0.478856 0.911012 0.017248 0.035850
0.0 0.313682 0.901164 0.020069 0.035938
0.0 0.505138 0.928235 0.020086 0.029459
0.0 0.294705 0.571480 0.023761 0.052090
0.0 0.695878 0.835016 0.021686 0.037446
0.0 0.629059 0.732855 0.019004 0.038334
0.0 0.365169 0.693875 0.020622 0.039842
0.0 0.636210 0.924187 0.021350 0.031766
0.0 0.445101 0.954444 0.026696 0.036469
0.0 0.406998 0.187919 0.023719 0.041883
0.0 0.737339 0.695966 0.020267 0.040641
0.0 0.416328 0.615971 0.021764 0.034695
0.0 0.722613 0.507872 0.018709 0.042861
0.0 0.539722 0.544920 0.024507 0.037534
0.0 0.689109 0.576862 0.020760 0.040819
0.0 0.698488 0.418058 0.017446 0.040553
0.0 0.592120 0.934914 0.022613 0.034074
0.0 0.306198 0.577607 0.025950 0.051024
