0.0 0.471025 0.244454 0.018471 0.025296
0.0 0.484615 0.372612 0.021314 0.028382
0.0 0.262220 0.525195 0.015694 0.034611
0.0 0.682773 0.223867 0.020206 0.038782
0.0 0.302160 0.848240 0.020232 0.028296
0.0 0.646662 0.340101 0.017576 0.029040
0.0 0.316802 0.759165 0.018304 0.032911
0.0 0.290592 0.717040 0.015507 0.030783
0.0 0.415023 0.853247 0.019645 0.027296
0.0 0.590181 0.894644 0.015554 0.031740
0.0 0.757869 0.816528 0.018751 0.031040
0.0 0.566526 0.921496 0.019504 0.024425
0.0 0.713603 0.504875 0.021121 0.046482
0.0 0.352658 0.915348 0.020419 0.032125
0.0 0.401510 0.793303 0.017269 0.033782
0.0 0.664921 0.647085 0.018938 0.034867
0.0 0.431166 0.972555 0.020680 0.026424
0.0 0.633238 0.920545 0.026226 0.029724
0.0 0.524137 0.198458 0.022229 0.036081
0.0 0.283201 0.804580 0.018444 0.035782
0.0 0.597330 0.596701 0.020820 0.029296
0.0 0.261949 0.625143 0.016422 0.038482
0.0 0.456896 0.582824 0.023617 0.031424
0.0 0.309690 0.674694 0.018985 0.035825
0.0 0.269352 0.532318 0.015247 0.036483
0.0 0.478509 0.964008 0.021855 0.028424
0.0 0.702987 0.515323 0.023731 0.044781
