0.0 0.658994 0.215060 0.018588 0.038274
0.0 0.564948 0.905971 0.020546 0.032485
0.0 0.487076 0.793051 0.019640 0.033146
0.0 0.476619 0.765828 0.021451 0.031824
0.0 0.457290 0.986178 0.022289 0.027644
0.0 0.713266 0.656211 0.015043 0.035531
0.0 0.406609 0.561309 0.016368 0.034081
0.0 0.387395 0.576714 0.017342 0.034339
0.0 0.328640 0.333123 0.016299 0.033161
0.0 0.701527 0.427335 0.016708 0.038677
0.0 0.517532 0.969629 0.022561 0.033921
0.0 0.762026 0.644218 0.016289 0.039467
0.0 0.668818 0.756575 0.018111 0.031839
0.0 0.538873 0.507022 0.021791 0.036419
0.0 0.732219 0.741169 0.017750 0.039854
0.0 0.471416 0.980451 0.017975 0.030001
0.0 0.372183 0.877413 0.016378 0.027775
0.0 0.747574 0.482612 0.016357 0.040386
0.0 0.312979 0.476938 0.016299 0.033161
0.0 0.372773 0.345791 0.020331 0.036032
0.0 0.669924 0.627398 0.015880 0.033952
0.0 0.695050 0.788987 0.019085 0.032098
0.0 0.530520 0.424408 0.021938 0.031953
0.0 0.622516 0.952570 0.019436 0.030388
0.0 0.474558 0.262092 0.020342 0.029727
0.0 0.493404 0.925411 0.020069 0.026050
0.0 0.525845 0.944459 0.018676 0.026581
0.0 0.697649 0.505692 0.014771 0.031855
