0 0.638281 0.196296 0.018229 0.033333
0 0.666927 0.352315 0.020313 0.036111
0 0.698177 0.584259 0.014063 0.033333
0 0.678646 0.349074 0.021875 0.035185
0 0.305990 0.712037 0.011979 0.031481
0 0.571875 0.770833 0.017708 0.023148
0 0.467969 0.336111 0.018229 0.022222
0 0.669010 0.240278 0.018229 0.043519
0 0.278385 0.789815 0.016146 0.022222
0 0.537760 0.834722 0.021354 0.026852
0 0.696354 0.497685 0.015625 0.039815
0 0.615104 0.619907 0.017708 0.032407
0 0.590104 0.880556 0.019792 0.024074
0 0.273958 0.681019 0.013542 0.032407
0 0.639062 0.760185 0.018750 0.029630
0 0.557031 0.871296 0.017188 0.031481
0 0.309375 0.803241 0.019792 0.028704
0 0.213802 0.435648 0.018229 0.037963
0 0.359635 0.777778 0.017188 0.022222
0 0.468750 0.716204 0.016667 0.028704
0 0.239323 0.436111 0.011979 0.029630
0 0.392708 0.293981 0.018750 0.025000
0 0.297656 0.869907 0.019271 0.028704
0 0.579948 0.460648 0.020313 0.025000
0 0.267188 0.749074 0.019792 0.035185
0 0.429948 0.898611 0.021354 0.028704
0 0.440625 0.191667 0.016667 0.027778
0 0.295573 0.691667 0.010937 0.029630
0 0.652344 0.489352 0.022396 0.037963
0 0.607552 0.266667 0.010937 0.018519
