0.0 0.301145 0.216765 0.019172 0.036777
0.0 0.285023 0.381316 0.021295 0.039880
0.0 0.271585 0.626701 0.015303 0.036500
0.0 0.273919 0.377078 0.022684 0.038996
0.0 0.644459 0.789145 0.013243 0.034385
0.0 0.401441 0.834170 0.018004 0.025876
0.0 0.468737 0.377277 0.018426 0.024923
0.0 0.275558 0.261643 0.019857 0.047645
0.0 0.675327 0.873966 0.016491 0.024784
0.0 0.437423 0.904606 0.021640 0.030071
0.0 0.267459 0.534455 0.017189 0.043520
0.0 0.351144 0.670266 0.018626 0.035755
0.0 0.391883 0.950022 0.020002 0.027003
0.0 0.672127 0.758185 0.014757 0.035477
0.0 0.338318 0.818336 0.019407 0.032861
0.0 0.421981 0.942344 0.018081 0.034732
0.0 0.647444 0.886227 0.020313 0.031943
0.0 0.711512 0.500400 0.019484 0.041717
0.0 0.599049 0.855713 0.017459 0.024854
0.0 0.493558 0.782753 0.017410 0.031735
0.0 0.687838 0.499195 0.013118 0.032410
0.0 0.535813 0.337339 0.019096 0.027922
0.0 0.662810 0.958135 0.019829 0.031908
0.0 0.373095 0.502691 0.020548 0.028026
0.0 0.682989 0.831245 0.020749 0.038857
0.0 0.541859 0.979950 0.021764 0.032047
0.0 0.484428 0.224988 0.017348 0.030747
0.0 0.652766 0.768106 0.012150 0.032341
0.0 0.307778 0.528495 0.023354 0.041995
0.0 0.334417 0.293891 0.011404 0.020487
