0.0 0.340104 0.507407 0.019792 0.029630
0.0 0.483073 0.944907 0.021354 0.021296
0.0 0.359635 0.210648 0.025521 0.050926
0.0 0.503125 0.900926 0.020833 0.020370
0.0 0.559115 0.193056 0.017188 0.025000
0.0 0.710677 0.319907 0.014063 0.030556
0.0 0.330208 0.352778 0.019792 0.037037
0.0 0.489844 0.875000 0.019271 0.027778
0.0 0.578906 0.934722 0.017188 0.026852
0.0 0.506510 0.979630 0.020313 0.027778
0.0 0.337240 0.227778 0.020313 0.040741
0.0 0.448438 0.840741 0.020833 0.024074
0.0 0.695833 0.722222 0.014583 0.027778
0.0 0.720052 0.408333 0.019271 0.024074
0.0 0.540625 0.877315 0.018750 0.025000
0.0 0.640885 0.871759 0.015104 0.028704
0.0 0.388542 0.738426 0.017708 0.032407
0.0 0.623437 0.727778 0.015625 0.038889
0.0 0.735677 0.550463 0.013021 0.030556
0.0 0.665365 0.633333 0.016146 0.037037
0.0 0.741406 0.776852 0.021354 0.027778
0.0 0.542187 0.077778 0.020833 0.031481
0.0 0.414323 0.889815 0.020313 0.025926
0.0 0.284635 0.465741 0.019271 0.038889
0.0 0.378125 0.844444 0.018750 0.035185
0.0 0.523958 0.691667 0.018750 0.029630
0.0 0.363542 0.306944 0.017708 0.026852
0.0 0.449740 0.846759 0.021354 0.021296
0.0 0.553646 0.968519 0.022917 0.020370
