0.0 0.360156 0.204167 0.018229 0.039815
0.0 0.703646 0.734259 0.013542 0.024074
0.0 0.672396 0.805093 0.015625 0.026852
0.0 0.435417 0.117130 0.020833 0.037963
0.0 0.746615 0.660648 0.016146 0.028704
0.0 0.722656 0.679630 0.015104 0.031481
0.0 0.690885 0.793056 0.017188 0.023148
0.0 0.375521 0.738426 0.014583 0.028704
0.0 0.652865 0.757407 0.018229 0.022222
0.0 0.676563 0.283796 0.018750 0.023148
0.0 0.471615 0.946759 0.021354 0.028704
0.0 0.402865 0.822222 0.018229 0.022222
0.0 0.690625 0.268056 0.017708 0.032407
0.0 0.747917 0.722222 0.015625 0.027778
0.0 0.335156 0.238889 0.019271 0.038889
0.0 0.339063 0.726389 0.015625 0.026852
0.0 0.313021 0.750926 0.019792 0.037037
0.0 0.741927 0.603704 0.023438 0.038889
0.0 0.478385 0.698148 0.020313 0.031481
0.0 0.436458 0.868056 0.017708 0.026852
0.0 0.479167 0.886111 0.018750 0.024074
0.0 0.396875 0.887500 0.020833 0.036111
0.0 0.620052 0.951852 0.019271 0.022222
0.0 0.741927 0.375463 0.013021 0.034259
0.0 0.549219 0.864352 0.019271 0.023148
0.0 0.346875 0.647685 0.017708 0.037963
0.0 0.296094 0.699537 0.014063 0.034259
0.0 0.639844 0.539815 0.015104 0.035185
0.0 0.558333 0.192593 0.021875 0.025926
0.0 0.344792 0.543056 0.016667 0.025000
