0.0 0.327674 0.234109 0.019431 0.042330
0.0 0.636876 0.829171 0.014190 0.026382
0.0 0.603450 0.884582 0.016332 0.029589
0.0 0.404459 0.177542 0.021872 0.041439
0.0 0.681778 0.774868 0.016919 0.031455
0.0 0.657722 0.784847 0.016033 0.033685
0.0 0.621898 0.879283 0.017681 0.026669
0.0 0.318800 0.730482 0.015405 0.030967
0.0 0.586649 0.834603 0.018649 0.026142
0.0 0.630671 0.406238 0.019195 0.027157
0.0 0.402632 0.952194 0.021964 0.033083
0.0 0.341565 0.816127 0.018649 0.026142
0.0 0.644994 0.396149 0.018597 0.035351
0.0 0.680301 0.831929 0.016373 0.030441
0.0 0.301910 0.258246 0.020399 0.041803
0.0 0.284015 0.708016 0.016332 0.029589
0.0 0.257694 0.722455 0.020822 0.040262
0.0 0.679769 0.721009 0.024436 0.043105
0.0 0.420247 0.725563 0.021079 0.035313
0.0 0.372072 0.868795 0.018350 0.030239
0.0 0.412645 0.898752 0.019236 0.028009
0.0 0.332859 0.874317 0.021789 0.039735
0.0 0.546212 0.995013 0.019658 0.009974
0.0 0.689919 0.511004 0.014138 0.035590
0.0 0.481480 0.900619 0.019699 0.027320
0.0 0.295083 0.638041 0.018844 0.040463
0.0 0.243580 0.669883 0.015148 0.035916
0.0 0.583711 0.630328 0.016198 0.037093
0.0 0.520185 0.285381 0.022346 0.030689
0.0 0.297718 0.541121 0.017259 0.028210
