0.0 0.329957 0.502292 0.014859 0.026004
0.0 0.697665 0.429643 0.012237 0.023310
0.0 0.693856 0.264485 0.019215 0.040338
0.0 0.450173 0.888916 0.016852 0.021535
0.0 0.716054 0.295886 0.018069 0.033174
0.0 0.740381 0.645947 0.016006 0.033167
0.0 0.476433 0.876023 0.017439 0.026012
0.0 0.722380 0.545638 0.018183 0.040335
0.0 0.408940 0.934880 0.019445 0.022438
0.0 0.736911 0.556427 0.015518 0.034956
0.0 0.517208 0.374455 0.019086 0.032282
0.0 0.363740 0.793308 0.015346 0.024215
0.0 0.323511 0.598941 0.014401 0.029582
0.0 0.635392 0.872065 0.020592 0.029602
0.0 0.327535 0.444103 0.018585 0.033175
0.0 0.558031 0.241218 0.022096 0.026922
0.0 0.386948 0.793831 0.015418 0.028691
0.0 0.654901 0.797388 0.019001 0.026912
0.0 0.463864 0.290589 0.018958 0.024227
0.0 0.713295 0.839647 0.018570 0.032280
0.0 0.520789 0.844392 0.017511 0.030487
0.0 0.522748 0.947781 0.022598 0.026029
0.0 0.482427 0.791456 0.020520 0.025127
0.0 0.666597 0.920949 0.020492 0.023337
0.0 0.769268 0.597706 0.017639 0.038543
0.0 0.548009 0.868200 0.013914 0.031370
0.0 0.345157 0.568130 0.020577 0.028707
0.0 0.610708 0.834838 0.016507 0.032273
0.0 0.497653 0.258476 0.021623 0.029606
0.0 0.473409 0.887649 0.018929 0.022437
0.0 0.699890 0.597033 0.015963 0.030482
