0 0.30104 0.22778 0.07292 0.18056 0.27083 0.30833 2 0.30000 0.23426 2 0.33021 0.14444 2 
0 0.44531 0.04815 0.11875 0.04074 0.39323 0.06019 2 0.42812 0.04074 2 0.49479 0.03889 2 
0 0.69323 0.12593 0.10156 0.12778 0.73490 0.17685 2 0.70573 0.13519 2 0.65469 0.07130 2 
0 0.47500 0.13426 0.11250 0.11019 0.42812 0.17685 2 0.46354 0.13796 2 0.51198 0.08796 2 
0 0.51667 0.23981 0.07292 0.22222 0.54479 0.13796 2 0.51667 0.23889 2 0.49010 0.32963 2 
0 0.73438 0.57870 0.10677 0.12500 0.69479 0.62870 2 0.74062 0.59630 2 0.78542 0.53611 2 
0 0.29635 0.42500 0.02969 0.20093 0.29740 0.51481 2 0.29688 0.43148 2 0.29323 0.33519 2 
0 0.60677 0.35556 0.13802 0.05556 0.54583 0.35741 2 0.59688 0.35741 2 0.66875 0.33889 2 
0 0.63906 0.74722 0.05937 0.13241 0.66406 0.69167 2 0.65052 0.75926 2 0.64896 0.69074 2 
0 0.64167 0.62315 0.02865 0.16574 0.64062 0.55093 2 0.64167 0.62130 2 0.64896 0.69074 2 
0 0.59427 0.43704 0.05625 0.11667 0.60677 0.38333 2 0.59167 0.46111 2 0.61823 0.48056 2 
0 0.58958 0.46204 0.04740 0.18148 0.60677 0.38333 2 0.59167 0.46111 2 0.57188 0.53889 2 
0 0.46719 0.41204 0.07656 0.11759 0.43542 0.36296 2 0.47031 0.40278 2 0.50104 0.45648 2 
0 0.40833 0.68704 0.11406 0.09815 0.35781 0.64907 2 0.39687 0.68148 2 0.43490 0.73056 2 
0 0.46719 0.76019 0.08490 0.08056 0.50365 0.79074 2 0.47031 0.76296 2 0.43490 0.73056 2 
0 0.41406 0.35000 0.09583 0.13056 0.43542 0.36296 2 0.40156 0.35741 2 0.45573 0.29352 2 
0 0.36458 0.50833 0.04531 0.20556 0.35938 0.41759 2 0.37031 0.47778 2 0.34740 0.59259 2 
0 0.44271 0.56296 0.08646 0.09537 0.40677 0.52315 2 0.42760 0.57593 2 0.47292 0.60278 2 
0 0.46458 0.54907 0.10417 0.15278 0.41771 0.48611 2 0.42760 0.57593 2 0.50781 0.61389 2 
0 0.39219 0.60185 0.03229 0.11667 0.38542 0.64537 2 0.39740 0.59907 2 0.40417 0.55278 2 
0 0.36667 0.31204 0.03542 0.12222 0.38125 0.25556 2 0.36302 0.31296 2 0.35729 0.35556 2 
