0.0 0.721132 0.120114 0.085140 0.161701 0.758649 0.176585 2 0.722152 0.128650 2 0.684848 0.069418 2
0.0 0.697723 0.472786 0.048150 0.178317 0.683949 0.399702 2 0.699341 0.460893 2 0.715688 0.547485 2
0.0 0.673710 0.477836 0.047305 0.183180 0.665105 0.398365 2 0.673776 0.460979 2 0.682076 0.554554 2
0.0 0.597974 0.537886 0.080434 0.132966 0.566782 0.488769 2 0.594868 0.549063 2 0.029146 0.090804 0
0.0 0.587902 0.544418 0.092325 0.130417 0.617346 0.487849 2 0.594868 0.549063 2 0.029146 0.090804 0
0.0 0.573397 0.294163 0.126068 0.146767 0.517159 0.253839 2 0.565646 0.294839 2 0.629323 0.335286 2
0.0 0.550513 0.150704 0.112391 0.186777 0.567468 0.066745 2 0.537925 0.143561 2 0.515527 0.226825 2
0.0 0.608940 0.145480 0.094851 0.193179 0.567468 0.066745 2 0.611490 0.150158 2 0.650265 0.217908 2
0.0 0.507037 0.367255 0.108792 0.118749 0.463125 0.335815 2 0.498864 0.360070 2 0.554844 0.397722 2
0.0 0.376205 0.140576 0.098340 0.150182 0.348009 0.207329 2 0.371149 0.143335 2 0.406377 0.073254 2
0.0 0.465054 0.121891 0.129141 0.120503 0.514706 0.069900 2 0.460275 0.148423 2 0.475667 0.123997 2
0.0 0.458251 0.156865 0.062474 0.078729 0.440704 0.187836 2 0.460275 0.148423 2 0.475667 0.123997 2
0.0 0.319752 0.329848 0.067270 0.210084 0.312314 0.423130 2 0.321763 0.347002 2 0.346222 0.388642 2
0.0 0.395349 0.598150 0.082876 0.199071 0.382682 0.538960 2 0.388443 0.593349 2 0.428124 0.673262 2
0.0 0.501448 0.703816 0.079017 0.059502 0.535214 0.701938 2 0.505041 0.704747 2 0.469074 0.699957 2
0.0 0.579229 0.708639 0.084466 0.106903 0.611035 0.668341 2 0.588228 0.718147 2 0.552965 0.749393 2
0.0 0.441746 0.334211 0.056224 0.236352 0.441217 0.226562 2 0.436240 0.315875 2 0.452124 0.436976 2
0.0 0.395717 0.365947 0.055234 0.146167 0.414590 0.367202 2 0.392943 0.362927 2 0.410446 0.421034 2
0.0 0.430678 0.443326 0.045773 0.186219 0.414590 0.367202 2 0.430752 0.426467 2 0.443848 0.519034 2
0.0 0.362409 0.465632 0.051796 0.177395 0.382682 0.538960 2 0.366429 0.478827 2 0.346222 0.388642 2