0 0.72917 0.18333 0.07396 0.15833 0.76198 0.25093 2 0.72917 0.19259 2 0.69688 0.12222 2 
0 0.66146 0.54815 0.03073 0.18519 0.65573 0.46852 2 0.66458 0.53611 2 0.67135 0.63056 2 
0 0.63542 0.54815 0.02917 0.19074 0.63594 0.46296 2 0.63750 0.53056 2 0.63490 0.63056 2 
0 0.54792 0.59444 0.07240 0.12778 0.52083 0.53611 2 0.54323 0.60556 2 0 0 0 
0 0.53646 0.59907 0.08594 0.12222 0.57448 0.54630 2 0.54323 0.60556 2 0 0 0 
0 0.55156 0.33333 0.12135 0.13241 0.49688 0.27870 2 0.54323 0.33241 2 0.60573 0.38889 2 
0 0.54479 0.17778 0.10104 0.17963 0.57292 0.09352 2 0.53229 0.16759 2 0.49844 0.25000 2 
0 0.60729 0.18519 0.08073 0.19074 0.57292 0.09352 2 0.60938 0.19074 2 0.64219 0.27037 2 
0 0.47240 0.39537 0.10573 0.10556 0.42969 0.35278 2 0.46458 0.38611 2 0.51927 0.43796 2 
0 0.36146 0.12870 0.09010 0.14259 0.32344 0.19259 2 0.35573 0.13056 2 0.40156 0.06481 2 
0 0.45781 0.12870 0.12812 0.10278 0.51667 0.08519 2 0.44948 0.15556 2 0.46875 0.13333 2 
0 0.44635 0.16389 0.05937 0.07222 0.42396 0.19259 2 0.44948 0.15556 2 0.46875 0.13333 2 
0 0.27865 0.31481 0.04792 0.21574 0.25938 0.41111 2 0.27865 0.33333 2 0.29948 0.38241 2 
0 0.32604 0.61296 0.06667 0.20000 0.31979 0.54815 2 0.31927 0.60648 2 0.35156 0.69907 2 
0 0.42552 0.74722 0.08021 0.04722 0.46146 0.75278 2 0.42917 0.74907 2 0.39167 0.73611 2 
0 0.50729 0.76944 0.08021 0.09815 0.54583 0.73426 2 0.51562 0.78148 2 0.47448 0.80648 2 
0 0.40729 0.34630 0.03229 0.24722 0.41979 0.23333 2 0.40365 0.32593 2 0.40573 0.45648 2 
0 0.35469 0.36944 0.04271 0.14815 0.37448 0.37500 2 0.35208 0.36574 2 0.36354 0.43056 2 
0 0.38229 0.45833 0.02708 0.19444 0.37448 0.37500 2 0.38438 0.44074 2 0.38698 0.54074 2 
0 0.30729 0.46667 0.03490 0.18333 0.31979 0.54815 2 0.30990 0.48148 2 0.29948 0.38241 2 
