0.0 0.239580 0.274070 0.036460 0.197220 0.251559 0.187960 2 0.229169 0.258330 2 0.233329 0.363890 2
0.0 0.324480 0.371300 0.055730 0.178700 0.301039 0.290740 2 0.319269 0.362960 2 0.347399 0.438890 2
0.0 0.382290 0.601850 0.092710 0.147220 0.341669 0.542590 2 0.377609 0.598150 2 0.423959 0.662960 2
0.0 0.432290 0.559260 0.068230 0.187960 0.399999 0.475000 2 0.423959 0.552780 2 0.458849 0.640740 2
0.0 0.501560 0.644440 0.033850 0.216670 0.497919 0.548150 2 0.499479 0.627780 2 0.501559 0.743520 2
0.0 0.437500 0.305560 0.077080 0.124070 0.465629 0.250930 2 0.463019 0.318520 2 0.408329 0.352780 2
0.0 0.536980 0.358330 0.106770 0.110190 0.582809 0.311110 2 0.548959 0.355560 2 0.486979 0.403700 2
0.0 0.442710 0.188890 0.090100 0.141670 0.481249 0.123150 2 0.443749 0.167590 2 0.404169 0.233330 2
0.0 0.419790 0.063890 0.153650 0.043520 0.345309 0.061110 2 0.410939 0.060190 2 0.399999 0.082410 2
0.0 0.344270 0.201850 0.055730 0.227780 0.364579 0.305560 2 0.327599 0.217590 2 0.325519 0.097220 2
0.0 0.331770 0.178700 0.073440 0.121300 0.299479 0.225000 2 0.327599 0.217590 2 0.361459 0.128700 2
0.0 0.546350 0.065740 0.142190 0.082410 0.609899 0.100000 2 0.552079 0.054630 2 0.481249 0.035190 2
0.0 0.531770 0.168520 0.118230 0.105560 0.509379 0.211110 2 0.559899 0.192590 2 0.475519 0.205560 2
0.0 0.561460 0.196300 0.114580 0.049070 0.509379 0.211110 2 0.559899 0.192590 2 0.613539 0.177780 2
0.0 0.682810 0.251850 0.097400 0.096300 0.723959 0.287960 2 0.695829 0.228700 2 0.640099 0.233330 2
0.0 0.725520 0.366670 0.030730 0.183330 0.723959 0.287960 2 0.724999 0.388890 2 0.712499 0.285190 2
0.0 0.724480 0.423150 0.061980 0.124070 0.730209 0.448150 2 0.724999 0.388890 2 0.717709 0.368520 2
0.0 0.631250 0.438890 0.050000 0.173150 0.611979 0.517590 2 0.626039 0.448150 2 0.647919 0.360190 2
0.0 0.678120 0.375000 0.050520 0.220370 0.655729 0.271300 2 0.678129 0.345370 2 0.698439 0.471300 2
0.0 0.649480 0.502780 0.062500 0.225000 0.672919 0.605560 2 0.626039 0.448150 2 0.676039 0.490740 2
0.0 0.651560 0.567590 0.055210 0.185190 0.672919 0.605560 2 0.656249 0.585190 2 0.676039 0.490740 2
0.0 0.597400 0.543520 0.104170 0.064810 0.611979 0.517590 2 0.588019 0.553700 2 0.643749 0.518520 2
0.0 0.365620 0.110190 0.095310 0.070370 0.322399 0.136110 2 0.360419 0.105560 2 0.325519 0.097220 2