0.0 0.214487 0.213671 0.097786 0.222735 0.220772 0.200221 2 0.237502 0.133825 2 0.216155 0.217308 2
0.0 0.199255 0.298402 0.060127 0.186044 0.184250 0.379249 2 0.197590 0.313609 2 0.216155 0.217308 2
0.0 0.250803 0.129275 0.092099 0.217819 0.220772 0.200221 2 0.237502 0.133825 2 0.291488 0.064496 2
0.0 0.250978 0.373895 0.117645 0.253298 0.206654 0.448400 2 0.250669 0.375017 2 0.251952 0.413656 2
0.0 0.270010 0.493371 0.102557 0.186502 0.287228 0.570840 2 0.270286 0.500294 2 0.251952 0.413656 2
0.0 0.313707 0.305582 0.083008 0.208114 0.305187 0.394402 2 0.315409 0.314630 2 0.317448 0.214870 2
0.0 0.366521 0.059463 0.151187 0.118925 0.408274 0.056142 2 0.405777 0.014464 2 0.434833 -0.057999 2
0.0 0.376838 0.412038 0.106580 0.242917 0.413632 0.333644 2 0.384419 0.417846 2 0.332719 0.485611 2
0.0 0.507399 0.543002 0.118001 0.248971 0.553545 0.476828 2 0.515740 0.548295 2 0.521178 0.635197 2
0.0 0.580238 0.624251 0.139845 0.196182 0.642389 0.616084 2 0.583334 0.630014 2 0.521178 0.635197 2
0.0 0.566584 0.035943 0.125494 0.071887 0.623055 0.018175 2 0.569061 -0.006213 2 0.513934 -0.017423 2
0.0 0.727503 0.407676 0.116896 0.265738 0.709475 0.496015 2 0.703704 0.432565 2 0.725199 0.287781 2
0.0 0.416738 0.276403 0.141560 0.203549 0.413632 0.333644 2 0.412420 0.261671 2 0.457905 0.358465 2
0.0 0.409104 0.532556 0.075789 0.249447 0.435262 0.422691 2 0.414842 0.518706 2 0.383188 0.640976 2
0.0 0.347945 0.128107 0.142557 0.219550 0.380295 0.192953 2 0.345864 0.101005 2 0.284465 0.149840 2
0.0 0.584792 0.364766 0.173113 0.198343 0.588245 0.327703 2 0.582009 0.373770 2 0.662265 0.381803 2
0.0 0.421897 0.070139 0.153218 0.140277 0.408274 0.056142 2 0.471989 0.080098 2 0.459817 0.093815 2
0.0 0.463850 0.067653 0.126125 0.135306 0.408274 0.056142 2 0.471989 0.080098 2 0.459817 0.093815 2
0.0 0.469512 0.097867 0.132041 0.195735 0.417754 0.120164 2 0.501424 0.157622 2 0.459817 0.093815 2
0.0 0.499686 0.162542 0.132228 0.165400 0.539892 0.226661 2 0.501424 0.157622 2 0.459817 0.093815 2
0.0 0.550061 0.276915 0.115701 0.133460 0.588245 0.327703 2 0.558451 0.268237 2 0.502195 0.250815 2
0.0 0.686391 0.427183 0.101615 0.162893 0.709475 0.496015 2 0.703704 0.432565 2 0.662265 0.381803 2
0.0 0.698114 0.316191 0.086719 0.181032 0.706241 0.391332 2 0.697879 0.333514 2 0.691740 0.238561 2
0.0 0.699938 0.148423 0.150387 0.202360 0.748116 0.233445 2 0.710673 0.173763 2 0.656703 0.061078 2