0 0.29375 0.26389 0.05208 0.19167 0.31562 0.18056 2 0.31406 0.35000 2 0.27448 0.34259 2 
0 0.28490 0.46389 0.03542 0.22037 0.29688 0.56019 2 0.27917 0.48056 2 0.28281 0.36389 2 
0 0.33073 0.56944 0.03646 0.23148 0.33385 0.67315 2 0.32396 0.58148 2 0.33906 0.46389 2 
0 0.39948 0.66667 0.10000 0.08519 0.44479 0.67870 2 0.40156 0.68611 2 0.35573 0.62870 2 
0 0.38333 0.45648 0.04063 0.19352 0.39010 0.53796 2 0.38177 0.46574 2 0.37135 0.36759 2 
0 0.35573 0.21852 0.04531 0.22870 0.34167 0.31574 2 0.35156 0.23611 2 0.37292 0.10833 2 
0 0.42448 0.31481 0.06875 0.05093 0.39427 0.30556 2 0.42396 0.31481 2 0.45573 0.33056 2 
0 0.42500 0.18056 0.13281 0.07963 0.48438 0.15000 2 0.43750 0.18333 2 0.36615 0.20833 2 
0 0.54063 0.22500 0.09427 0.13981 0.57812 0.27778 2 0.54323 0.23056 2 0.50104 0.16481 2 
0 0.59479 0.30000 0.06354 0.16944 0.61667 0.37500 2 0.60260 0.30278 2 0.57031 0.22778 2 
0 0.47031 0.36481 0.03333 0.20741 0.46875 0.34630 2 0.45885 0.37315 2 0.45573 0.33056 2 
0 0.54375 0.35000 0.16510 0.06481 0.61667 0.37500 2 0.52187 0.34815 2 0.61979 0.34537 2 
0 0.49271 0.48519 0.04531 0.22037 0.50833 0.38889 2 0.49375 0.46852 2 0.47708 0.58519 2 
0 0.59010 0.49444 0.04948 0.20833 0.60417 0.40370 2 0.59792 0.50000 2 0.57135 0.58889 2 
0 0.60625 0.03056 0.07708 0.06019 0.57396 0.00741 2 0.59948 0.02500 2 0.60781 0.00556 2 
0 0.65573 0.05926 0.10677 0.11296 0.70417 0.10556 2 0.66198 0.05093 2 0.60781 0.00556 2 
0 0.75313 0.22870 0.07292 0.24167 0.78385 0.33889 2 0.76198 0.24537 2 0.73021 0.29815 2 
0 0.70990 0.36667 0.03281 0.21852 0.72188 0.46759 2 0.70781 0.38333 2 0.71354 0.26574 2 
0 0.72917 0.38519 0.03125 0.18519 0.73229 0.46759 2 0.73177 0.40370 2 0.73021 0.29815 2 
0 0.76719 0.48519 0.05000 0.21389 0.77969 0.58333 2 0.77708 0.48889 2 0.75156 0.38611 2 
0 0.71094 0.57130 0.04219 0.17315 0.72083 0.64815 2 0.72240 0.57778 2 0.69948 0.49537 2 
0 0.31823 0.32963 0.02813 0.25370 0.31823 0.43889 2 0.31406 0.35000 2 0.32552 0.21019 2 
