0.0 0.729981 0.104618 0.080996 0.209235 0.695131 0.013956 2 0.717309 0.197093 2 0.760395 0.177174 2
0.0 0.763946 0.311628 0.065947 0.249433 0.761760 0.419694 2 0.771830 0.328087 2 0.753709 0.202757 2
0.0 0.725756 0.439769 0.068443 0.261785 0.734309 0.553204 2 0.734238 0.450899 2 0.703271 0.328014 2
0.0 0.661095 0.565780 0.121396 0.122351 0.611705 0.592543 2 0.660635 0.587587 2 0.704633 0.511610 2
0.0 0.653679 0.333166 0.068497 0.221904 0.655494 0.423609 2 0.656036 0.342849 2 0.655772 0.233363 2
0.0 0.655636 0.098868 0.077942 0.197737 0.682495 0.168262 2 0.661898 0.084946 2 0.622746 -0.047100 2
0.0 0.590861 0.192013 0.082538 0.075840 0.622820 0.173032 2 0.590945 0.191974 2 0.557543 0.218584 2
0.0 0.574085 0.054894 0.157183 0.109787 0.503922 0.031535 2 0.560036 0.053569 2 0.642334 0.059226 2
0.0 0.450962 0.129586 0.121619 0.179817 0.415179 0.198157 2 0.448250 0.136509 2 0.487197 0.052588 2
0.0 0.399831 0.227125 0.091048 0.202693 0.384074 0.315085 2 0.390994 0.232601 2 0.417824 0.141631 2
0.0 0.545969 0.259961 0.062061 0.234762 0.544975 0.239551 2 0.559215 0.265672 2 0.557543 0.218584 2
0.0 0.462578 0.265973 0.191274 0.119823 0.384074 0.315085 2 0.486173 0.257513 2 0.377032 0.283915 2
0.0 0.535604 0.397133 0.076937 0.252404 0.506134 0.297592 2 0.531943 0.379499 2 0.564543 0.500915 2
0.0 0.428503 0.436412 0.080117 0.240610 0.401426 0.342429 2 0.419990 0.444903 2 0.460239 0.533243 2
0.0 0.303069 0.030902 0.132269 0.061803 0.387179 -0.096066 2 0.360944 -0.069339 2 0.349343 -0.087902 2
0.0 0.215285 0.197429 0.110186 0.283779 0.254336 0.049404 2 0.294625 -0.022467 2 0.349343 -0.087902 2
0.0 0.279968 0.333947 0.062824 0.246645 0.193951 0.326176 2 0.206968 0.218268 2 0.248639 0.265917 2
0.0 0.260790 0.359804 0.057069 0.210060 0.278339 0.447020 2 0.283806 0.351489 2 0.263251 0.225790 2
0.0 0.230609 0.479586 0.081366 0.246791 0.266772 0.450147 2 0.259641 0.380760 2 0.248639 0.265917 2
0.0 0.303502 0.555997 0.067772 0.200299 0.228067 0.589802 2 0.219572 0.486683 2 0.235528 0.367644 2
0.0 0.710711 0.176156 0.061868 0.283360 0.301292 0.642360 2 0.291056 0.566579 2 0.306581 0.470394 2