0 0.55052 0.10093 0.13542 0.08796 0.55781 0.13056 2 0.56146 0.09352 2 0.48698 0.07315 2 
0 0.45469 0.16852 0.08958 0.15833 0.41667 0.23519 2 0.45469 0.18519 2 0.49583 0.09815 2 
0 0.51719 0.20926 0.09115 0.17222 0.55781 0.13056 2 0.56042 0.25000 2 0.47969 0.28981 2 
0 0.56719 0.27222 0.10677 0.11019 0.61667 0.24352 2 0.56042 0.25000 2 0.59115 0.22593 2 
0 0.77031 0.30648 0.03177 0.21852 0.77135 0.40556 2 0.77135 0.32037 2 0.76042 0.20370 2 
0 0.72656 0.53611 0.02969 0.19444 0.72396 0.62130 2 0.73073 0.55093 2 0.72917 0.45370 2 
0 0.70677 0.63241 0.13750 0.12500 0.64740 0.68148 2 0.70104 0.65370 2 0.77031 0.58148 2 
0 0.56927 0.64259 0.12865 0.04537 0.51094 0.64907 2 0.55573 0.64074 2 0.63073 0.63056 2 
0 0.45208 0.62222 0.10729 0.15278 0.40365 0.69167 2 0.45365 0.57593 2 0.46302 0.68519 2 
0 0.45365 0.59074 0.03229 0.21019 0.44479 0.49259 2 0.45365 0.57593 2 0.46302 0.68519 2 
0 0.32917 0.37407 0.03385 0.22315 0.32552 0.47870 2 0.33333 0.38333 2 0.33385 0.27130 2 
0 0.41823 0.33981 0.14219 0.07500 0.35208 0.36574 2 0.40417 0.33056 2 0.48385 0.34815 2 
0 0.58698 0.30556 0.04531 0.18056 0.57448 0.38333 2 0.59688 0.33519 2 0.59115 0.22593 2 
0 0.61042 0.38519 0.08021 0.16944 0.57865 0.45833 2 0.61823 0.40278 2 0.64479 0.30833 2 
0 0.57865 0.38889 0.10729 0.08796 0.53229 0.35556 2 0.61823 0.40278 2 0.62240 0.42500 2 
0 0.38438 0.45833 0.02240 0.18148 0.38333 0.53796 2 0.38594 0.46389 2 0.38281 0.37593 2 
0 0.33437 0.64074 0.09010 0.15093 0.37552 0.70926 2 0.36354 0.64815 2 0.29583 0.57870 2 
0 0.35833 0.63426 0.10000 0.14259 0.36458 0.68148 2 0.36354 0.64815 2 0.31562 0.57778 2 
0 0.34167 0.60833 0.06042 0.16944 0.36458 0.68148 2 0.36354 0.64815 2 0.31927 0.53519 2 
