0 0.43490 0.05648 0.10990 0.06759 0.38698 0.07778 2 0.43542 0.05556 2 0.48594 0.03333 2 
0 0.45625 0.16481 0.09427 0.13519 0.41563 0.21852 2 0.46615 0.17500 2 0.49792 0.10093 2 
0 0.54115 0.16019 0.12812 0.10926 0.60000 0.11481 2 0.54323 0.15093 2 0.48177 0.20093 2 
0 0.62344 0.15926 0.05937 0.22407 0.60000 0.11481 2 0.63177 0.16481 2 0.59948 0.05833 2 
0 0.60104 0.25370 0.10938 0.08796 0.65052 0.28796 2 0.60990 0.22870 2 0.55208 0.23611 2 
0 0.75365 0.41204 0.07240 0.16852 0.72396 0.48519 2 0.76198 0.43611 2 0.78125 0.33611 2 
0 0.70677 0.59167 0.08750 0.11204 0.67135 0.63333 2 0.70677 0.61574 2 0.74583 0.54537 2 
0 0.66979 0.71574 0.09323 0.11574 0.63177 0.76111 2 0.67812 0.72315 2 0.71250 0.66667 2 
0 0.55729 0.62315 0.10469 0.18426 0.51198 0.54259 2 0.53750 0.61019 2 0.60521 0.70278 2 
0 0.60521 0.41296 0.09062 0.13426 0.56615 0.47315 2 0.59531 0.42778 2 0.60573 0.35741 2 
0 0.55417 0.39167 0.11302 0.04352 0.50365 0.39815 2 0.54479 0.39815 2 0.60104 0.38796 2 
0 0.54740 0.35833 0.12344 0.04444 0.49167 0.36019 2 0.53802 0.35833 2 0.60573 0.35741 2 
0 0.44427 0.53796 0.04688 0.20648 0.43177 0.44815 2 0.43802 0.52037 2 0.45208 0.61574 2 
0 0.46302 0.69352 0.07083 0.13889 0.49271 0.73796 2 0.43385 0.70926 2 0.46302 0.63333 2 
0 0.41510 0.69259 0.11615 0.07778 0.46719 0.68611 2 0.36719 0.71296 2 0.36302 0.66111 2 
0 0.35833 0.68889 0.09167 0.08796 0.40104 0.65093 2 0.36719 0.71296 2 0.34896 0.69537 2 
0 0.38750 0.75556 0.10260 0.14537 0.43177 0.81667 2 0.36719 0.71296 2 0.42812 0.77778 2 
0 0.35260 0.74815 0.07448 0.13426 0.38542 0.80556 2 0.36719 0.71296 2 0.34896 0.69537 2 
0 0.46875 0.80278 0.10104 0.08056 0.51354 0.82870 2 0.47187 0.81667 2 0.42812 0.77778 2 
0 0.38281 0.47407 0.02865 0.18241 0.38021 0.55648 2 0.38542 0.48056 2 0.37604 0.39352 2 
0 0.39271 0.36019 0.04271 0.20463 0.40833 0.45278 2 0.39115 0.37778 2 0.37604 0.39352 2 
0 0.32865 0.43889 0.02917 0.22315 0.33958 0.52037 2 0.33958 0.43796 2 0.33906 0.34259 2 
0 0.34583 0.36204 0.07708 0.19259 0.31146 0.44259 2 0.33958 0.43796 2 0.37604 0.39352 2 
0 0.35469 0.47500 0.05000 0.11019 0.33958 0.52037 2 0.33958 0.43796 2 0.37708 0.45000 2 
