0.0 0.421684 0.151254 0.104392 0.133085 0.465471 0.138051 2 0.420686 0.150911 2 0.374131 0.165154 2
0.0 0.421092 0.260937 0.102062 0.182148 0.463926 0.281160 2 0.413920 0.276656 2 0.374903 0.232700 2
0.0 0.348162 0.313701 0.126637 0.181975 0.290365 0.313255 2 0.344486 0.307059 2 0.404843 0.309945 2
0.0 0.278049 0.367968 0.086797 0.237051 0.290365 0.313255 2 0.271460 0.378550 2 0.281652 0.263172 2
0.0 0.312402 0.436134 0.107252 0.150674 0.275481 0.499543 2 0.300410 0.420169 2 0.350769 0.387989 2
0.0 0.208321 0.677720 0.088871 0.196858 0.245013 0.722378 2 0.204733 0.704611 2 0.172141 0.629453 2
0.0 0.277295 0.804515 0.092553 0.157232 0.313755 0.817608 2 0.280790 0.825829 2 0.236175 0.790010 2
0.0 0.328847 0.889012 0.098025 0.164325 0.368119 0.903631 2 0.322559 0.901232 2 0.284174 0.874512 2
0.0 0.409485 0.732172 0.118875 0.232333 0.434541 0.631022 2 0.423802 0.707632 2 0.381245 0.834489 2
0.0 0.334672 0.579164 0.098808 0.178886 0.377230 0.606137 2 0.345085 0.585706 2 0.324819 0.530716 2
0.0 0.374615 0.526250 0.103143 0.113978 0.418210 0.498257 2 0.383233 0.525796 2 0.333758 0.554477 2
0.0 0.374966 0.492360 0.112151 0.121764 0.422242 0.456811 2 0.382534 0.486200 2 0.324819 0.530716 2
0.0 0.491764 0.581501 0.073327 0.213201 0.487427 0.494169 2 0.493820 0.561947 2 0.497325 0.655338 2
0.0 0.501039 0.731033 0.082733 0.169716 0.482594 0.790159 2 0.527984 0.725486 2 0.490876 0.678151 2
0.0 0.541629 0.698136 0.111358 0.146242 0.495886 0.727418 2 0.585257 0.684121 2 0.580398 0.635672 2
0.0 0.589295 0.656876 0.092195 0.138819 0.546423 0.652159 2 0.585257 0.684121 2 0.597905 0.656429 2
0.0 0.575302 0.735110 0.110794 0.196689 0.547163 0.818675 2 0.585257 0.684121 2 0.543962 0.781986 2
0.0 0.603772 0.705223 0.085085 0.168082 0.584768 0.777865 2 0.585257 0.684121 2 0.597905 0.656429 2
0.0 0.513878 0.831079 0.098962 0.138575 0.479593 0.884005 2 0.513070 0.845518 2 0.543962 0.781986 2
0.0 0.533661 0.484100 0.053926 0.179802 0.548823 0.555046 2 0.532087 0.491681 2 0.525953 0.408757 2
0.0 0.506784 0.390448 0.069482 0.208781 0.508106 0.482555 2 0.510555 0.405012 2 0.525953 0.408757 2
0.0 0.574004 0.416867 0.060972 0.216025 0.577513 0.496051 2 0.564154 0.423483 2 0.549137 0.339156 2
0.0 0.546941 0.360695 0.096751 0.221186 0.588812 0.408737 2 0.564154 0.423483 2 0.525953 0.408757 2
0.0 0.557719 0.466095 0.060371 0.130500 0.577513 0.496051 2 0.564154 0.423483 2 0.534224 0.459188 2