0.0 0.357290 0.167590 0.066670 0.200930 0.337499 0.260190 2 0.341669 0.177780 2 0.380209 0.079630 2
0.0 0.351560 0.539810 0.086980 0.117590 0.314059 0.487960 2 0.329689 0.553700 2 0.390099 0.585190 2
0.0 0.286460 0.593520 0.053120 0.194440 0.265099 0.506480 2 0.273439 0.575930 2 0.307289 0.683330 2
0.0 0.535420 0.807410 0.107290 0.142590 0.486979 0.868520 2 0.530729 0.816670 2 0.577079 0.750930 2
0.0 0.527600 0.644440 0.053650 0.191670 0.505729 0.728700 2 0.509899 0.610190 2 0.543749 0.561110 2
0.0 0.508330 0.631480 0.051560 0.202780 0.505729 0.728700 2 0.509899 0.610190 2 0.487499 0.724070 2
0.0 0.566670 0.686110 0.111980 0.109260 0.515099 0.645370 2 0.544789 0.643520 2 0.615099 0.725930 2
0.0 0.674480 0.537960 0.034900 0.215740 0.666149 0.636110 2 0.674479 0.549070 2 0.671879 0.437960 2
0.0 0.611460 0.530560 0.025520 0.185190 0.609899 0.610190 2 0.612499 0.540740 2 0.610939 0.456480 2
0.0 0.649480 0.415740 0.061980 0.190740 0.632289 0.411110 2 0.622399 0.383330 2 0.671879 0.437960 2
0.0 0.427080 0.296300 0.090100 0.128700 0.445829 0.338890 2 0.447919 0.282410 2 0.388539 0.352780 2
0.0 0.410940 0.331480 0.077600 0.087960 0.445829 0.338890 2 0.377079 0.300000 2 0.372919 0.337960 2
0.0 0.377600 0.336110 0.036460 0.185190 0.392709 0.250930 2 0.377079 0.300000 2 0.361979 0.417590 2
0.0 0.332290 0.394440 0.063020 0.172220 0.327599 0.350000 2 0.318229 0.377780 2 0.358859 0.473150 2
0.0 0.362500 0.437960 0.078650 0.190740 0.327599 0.350000 2 0.353649 0.418520 2 0.358859 0.473150 2
0.0 0.398960 0.429630 0.113020 0.142590 0.447399 0.490740 2 0.406769 0.430560 2 0.358859 0.473150 2
0.0 0.542190 0.389810 0.071350 0.177780 0.572919 0.312960 2 0.539059 0.377780 2 0.553129 0.386110 2
0.0 0.548440 0.279630 0.084380 0.165740 0.572919 0.312960 2 0.546359 0.243520 2 0.585419 0.330560 2
0.0 0.537500 0.175000 0.114580 0.071300 0.583849 0.203700 2 0.538019 0.175930 2 0.483859 0.145370 2
0.0 0.546350 0.064810 0.133850 0.113890 0.485419 0.027780 2 0.535939 0.030560 2 0.594269 0.089810 2
0.0 0.399480 0.032410 0.093750 0.063890 0.433849 0.010190 2 0.399479 0.014810 2 0.357289 0.052780 2
0.0 0.632290 0.117590 0.089060 0.075930 0.671359 0.147220 2 0.633859 0.118520 2 0.594269 0.089810 2
0.0 0.628650 0.383330 0.053650 0.120370 0.632289 0.411110 2 0.622399 0.383330 2 0.606769 0.335190 2
0.0 0.612500 0.398150 0.066150 0.155560 0.632289 0.411110 2 0.622399 0.383330 2 0.610939 0.456480 2
0.0 0.590630 0.396300 0.092710 0.057410 0.632289 0.411110 2 0.622399 0.383330 2 0.553129 0.386110 2