0.0 0.303573 0.106950 0.092851 0.177356 0.272904 0.183617 2 0.285263 0.114011 2 0.337249 0.034450 2
0.0 0.262296 0.422642 0.107578 0.108565 0.225520 0.374813 2 0.236702 0.432225 2 0.300803 0.464990 2
0.0 0.184997 0.461801 0.077202 0.170493 0.169437 0.385678 2 0.172180 0.445517 2 0.199678 0.540138 2
0.0 0.441277 0.668303 0.132467 0.131827 0.381761 0.715364 2 0.435187 0.675661 2 0.492802 0.624415 2
0.0 0.447884 0.529056 0.077531 0.168192 0.415689 0.598429 2 0.431435 0.498150 2 0.473612 0.459816 2
0.0 0.427710 0.516127 0.076253 0.177424 0.415689 0.598429 2 0.431435 0.498150 2 0.395888 0.592681 2
0.0 0.487343 0.568348 0.134546 0.103974 0.433906 0.528559 2 0.467036 0.529940 2 0.537349 0.606956 2
0.0 0.620908 0.453195 0.058976 0.186779 0.602439 0.535718 2 0.619850 0.462591 2 0.627387 0.367927 2
0.0 0.551651 0.440639 0.045699 0.159888 0.542434 0.508098 2 0.551834 0.449348 2 0.558007 0.377600 2
0.0 0.604623 0.346862 0.086690 0.168231 0.585961 0.341175 2 0.577589 0.316587 2 0.627387 0.367927 2
0.0 0.368965 0.223253 0.112083 0.118315 0.385767 0.261262 2 0.393385 0.213481 2 0.320872 0.267365 2
0.0 0.347750 0.251539 0.094386 0.082456 0.385767 0.261262 2 0.313103 0.221379 2 0.304924 0.253219 2
0.0 0.310308 0.252156 0.057842 0.160976 0.335055 0.181241 2 0.313103 0.221379 2 0.285312 0.319789 2
0.0 0.254543 0.297210 0.086107 0.152599 0.253490 0.258940 2 0.240484 0.281612 2 0.276637 0.366686 2
0.0 0.283994 0.337192 0.105193 0.169889 0.253490 0.258940 2 0.275978 0.319751 2 0.276637 0.366686 2
0.0 0.325245 0.333742 0.138827 0.132397 0.373265 0.390440 2 0.333811 0.335265 2 0.276637 0.366686 2
0.0 0.487965 0.314157 0.095875 0.158151 0.529268 0.251874 2 0.485603 0.303580 2 0.500439 0.312058 2
0.0 0.505238 0.221163 0.109208 0.149218 0.529268 0.251874 2 0.506300 0.190231 2 0.541492 0.268071 2
0.0 0.502909 0.131174 0.133871 0.071980 0.551649 0.160127 2 0.503383 0.131972 2 0.446133 0.100619 2
0.0 0.523069 0.046736 0.159256 0.093472 0.458895 0.000862 2 0.514711 0.008250 2 0.573899 0.064395 2
0.0 0.363084 0.014048 0.110055 0.028096 0.403303 -0.019214 2 0.364719 -0.018708 2 0.314327 0.009357 2
0.0 0.613510 0.091825 0.105978 0.073375 0.654083 0.120843 2 0.615150 0.092727 2 0.573899 0.064395 2
0.0 0.584542 0.317253 0.070842 0.107611 0.585961 0.341175 2 0.577589 0.316587 2 0.564756 0.274129 2
0.0 0.565226 0.328238 0.088018 0.138755 0.585961 0.341175 2 0.577589 0.316587 2 0.558007 0.377600 2
0.0 0.541124 0.324490 0.108293 0.058002 0.585961 0.341175 2 0.577589 0.316587 2 0.500439 0.312058 2