0 0.44740 0.03241 0.12344 0.06481 0.39167 0.05463 2 0.44219 0.01296 2 0.50156 0.01574 2 
0 0.59323 0.07870 0.14271 0.09815 0.65885 0.11296 2 0.60260 0.06574 2 0.53073 0.04074 2 
0 0.71042 0.26389 0.03229 0.19722 0.70521 0.17593 2 0.71615 0.24815 2 0.69948 0.34352 2 
0 0.71302 0.28056 0.05000 0.17037 0.72813 0.20278 2 0.72813 0.26111 2 0.69948 0.34352 2 
0 0.64948 0.28426 0.08542 0.20741 0.61406 0.37778 2 0.65156 0.28519 2 0.62917 0.22130 2 
0 0.69844 0.43333 0.09896 0.08519 0.74583 0.46574 2 0.72917 0.46296 2 0.65729 0.40093 2 
0 0.72813 0.47407 0.03281 0.18796 0.71771 0.38333 2 0.72917 0.46296 2 0.73802 0.55648 2 
0 0.56563 0.37407 0.03594 0.20833 0.57552 0.46759 2 0.56146 0.39630 2 0.57708 0.27778 2 
0 0.53438 0.24074 0.09844 0.14722 0.52396 0.20278 2 0.56615 0.18796 2 0.57708 0.27778 2 
0 0.57396 0.20463 0.11979 0.06296 0.52396 0.20278 2 0.56615 0.18796 2 0.62917 0.22130 2 
0 0.46094 0.18611 0.11667 0.07315 0.40781 0.21019 2 0.45990 0.17870 2 0.50938 0.15741 2 
0 0.36094 0.13056 0.10000 0.10926 0.31562 0.17593 2 0.36302 0.12315 2 0.40260 0.08519 2 
0 0.38229 0.18426 0.12292 0.11111 0.40781 0.21019 2 0.36719 0.19074 2 0.38438 0.23611 2 
0 0.33646 0.31019 0.06198 0.19074 0.32917 0.22315 2 0.34167 0.31296 2 0.36302 0.38889 2 
0 0.34792 0.31574 0.08281 0.17593 0.31146 0.39815 2 0.34167 0.31296 2 0.36302 0.38889 2 
0 0.36927 0.49352 0.05990 0.15278 0.39167 0.55556 2 0.36146 0.50370 2 0.38542 0.47315 2 
0 0.46563 0.53426 0.04792 0.14259 0.44896 0.47593 2 0.45885 0.53056 2 0.48385 0.59630 2 
0 0.49323 0.63426 0.04115 0.20833 0.50260 0.54074 2 0.49844 0.59630 2 0.47865 0.72037 2 
0 0.51042 0.60648 0.09375 0.14722 0.50260 0.54074 2 0.49844 0.59630 2 0.55156 0.54352 2 
0 0.32500 0.55741 0.03958 0.20741 0.33802 0.64815 2 0.32812 0.58056 2 0.33646 0.52407 2 
0 0.35677 0.59537 0.04688 0.16944 0.37708 0.66111 2 0.35573 0.59074 2 0.33646 0.52407 2 
0 0.39531 0.55185 0.03906 0.18704 0.39167 0.55556 2 0.39948 0.58333 2 0.38542 0.47315 2 
0 0.35781 0.43519 0.07760 0.16019 0.32656 0.50833 2 0.36146 0.50370 2 0.36302 0.38889 2 
0 0.50729 0.73426 0.10260 0.08611 0.55573 0.70093 2 0.51979 0.74167 2 0.46302 0.76111 2 
0 0.47813 0.81204 0.11667 0.11852 0.52969 0.85833 2 0.48177 0.81389 2 0.42812 0.76389 2 
