0.0 0.377600 0.095370 0.120830 0.050000 0.431769 0.090740 2 0.397399 0.092590 2 0.321359 0.108330 2
0.0 0.409380 0.126850 0.108330 0.039810 0.457289 0.118520 2 0.419789 0.128700 2 0.361459 0.136110 2
0.0 0.533330 0.148150 0.111460 0.052780 0.579689 0.162960 2 0.539579 0.148150 2 0.491149 0.128700 2
0.0 0.574480 0.202780 0.088020 0.165740 0.610939 0.273150 2 0.583849 0.208330 2 0.540629 0.125000 2
0.0 0.591150 0.313890 0.026560 0.186110 0.595309 0.236110 2 0.592709 0.308330 2 0.585939 0.390740 2
0.0 0.526040 0.324070 0.048960 0.212960 0.542189 0.230560 2 0.519269 0.289810 2 0.511979 0.423150 2
0.0 0.551560 0.443520 0.066150 0.173150 0.533329 0.513890 2 0.530729 0.438890 2 0.554689 0.408330 2
0.0 0.393230 0.471300 0.022920 0.227780 0.395309 0.367590 2 0.392709 0.438890 2 0.388539 0.573150 2
0.0 0.410940 0.573150 0.074480 0.196300 0.440629 0.606480 2 0.406769 0.643520 2 0.375519 0.493520 2
0.0 0.408330 0.638890 0.080730 0.085190 0.440629 0.606480 2 0.406769 0.643520 2 0.374479 0.674070 2
0.0 0.311460 0.644440 0.143750 0.103700 0.358859 0.674070 2 0.319269 0.648150 2 0.374479 0.674070 2
0.0 0.426560 0.820370 0.105730 0.050930 0.381769 0.806480 2 0.421359 0.833330 2 0.466149 0.837960 2
0.0 0.493750 0.751850 0.040630 0.207410 0.496879 0.849070 2 0.481769 0.759260 2 0.505729 0.660190 2
0.0 0.544790 0.833330 0.111460 0.060190 0.496879 0.849070 2 0.540629 0.840740 2 0.590109 0.811110 2
0.0 0.664580 0.636110 0.094270 0.179630 0.627599 0.709260 2 0.667189 0.665740 2 0.705209 0.561110 2
0.0 0.600000 0.640740 0.046350 0.135190 0.583849 0.583330 2 0.595309 0.640740 2 0.615099 0.699070 2
0.0 0.578120 0.566670 0.023960 0.172220 0.571879 0.638890 2 0.576039 0.561110 2 0.586979 0.492590 2
0.0 0.670310 0.176850 0.094270 0.151850 0.712499 0.242590 2 0.664059 0.178700 2 0.668229 0.228700 2
0.0 0.717190 0.342590 0.056770 0.185190 0.703649 0.367590 2 0.723959 0.340740 2 0.692709 0.261110 2
0.0 0.706250 0.485190 0.067190 0.205560 0.677079 0.398150 2 0.708329 0.456480 2 0.729169 0.577780 2
0.0 0.615100 0.391670 0.133330 0.062040 0.677079 0.398150 2 0.639059 0.408330 2 0.585939 0.390740 2
0.0 0.687500 0.296300 0.045310 0.163890 0.703649 0.367590 2 0.685419 0.303700 2 0.678649 0.345370 2
0.0 0.647920 0.270370 0.072920 0.179630 0.619789 0.187960 2 0.648959 0.265740 2 0.678649 0.345370 2