0.0 0.398960 0.096300 0.115100 0.043520 0.448959 0.104630 2 0.412499 0.093520 2 0.343229 0.087960 2
0.0 0.441150 0.127780 0.101560 0.038890 0.485419 0.118520 2 0.458849 0.125000 2 0.393749 0.139810 2
0.0 0.660940 0.238890 0.067190 0.202780 0.633859 0.150000 2 0.653129 0.195370 2 0.663019 0.271300 2
0.0 0.696880 0.235190 0.072400 0.184260 0.727609 0.315740 2 0.698439 0.240740 2 0.663019 0.271300 2
0.0 0.696880 0.331480 0.040630 0.177780 0.709379 0.408330 2 0.698439 0.355560 2 0.681249 0.250930 2
0.0 0.727600 0.466670 0.023960 0.226850 0.721879 0.568520 2 0.728129 0.486110 2 0.731769 0.363890 2
0.0 0.626560 0.449070 0.102600 0.056480 0.582809 0.453700 2 0.621879 0.453700 2 0.669789 0.435190 2
0.0 0.624480 0.200930 0.093230 0.162040 0.581249 0.125000 2 0.581249 0.198150 2 0.663019 0.271300 2
0.0 0.558850 0.221300 0.120310 0.072220 0.611979 0.212960 2 0.563019 0.200000 2 0.501039 0.237960 2
0.0 0.623960 0.302780 0.115630 0.165740 0.571879 0.232410 2 0.612499 0.289810 2 0.595829 0.305560 2
0.0 0.604690 0.607410 0.039580 0.195370 0.595309 0.520370 2 0.598439 0.586110 2 0.619789 0.695370 2
0.0 0.488540 0.676850 0.142190 0.073150 0.551559 0.658330 2 0.509899 0.686110 2 0.423439 0.674070 2
0.0 0.622400 0.713890 0.132290 0.076850 0.563019 0.734260 2 0.612499 0.721300 2 0.619789 0.695370 2
0.0 0.488540 0.780560 0.026560 0.134260 0.492709 0.840740 2 0.484379 0.788890 2 0.481769 0.728700 2
0.0 0.485420 0.850930 0.121870 0.061110 0.429689 0.863890 2 0.471879 0.858330 2 0.538019 0.831480 2
0.0 0.418750 0.576850 0.095830 0.187040 0.456249 0.655560 2 0.420829 0.603700 2 0.377609 0.493520 2
0.0 0.574480 0.559260 0.024480 0.148150 0.573959 0.618520 2 0.567709 0.573150 2 0.578649 0.495370 2
0.0 0.426040 0.383330 0.023960 0.187960 0.422399 0.295370 2 0.422399 0.363890 2 0.433329 0.465740 2
0.0 0.395310 0.394440 0.020830 0.224070 0.395309 0.292590 2 0.392709 0.361110 2 0.391669 0.500000 2
0.0 0.589060 0.223150 0.036980 0.185190 0.571879 0.136110 2 0.581249 0.198150 2 0.595829 0.305560 2