0.0 0.601040 0.096300 0.115100 0.043520 0.550520 0.104630 2 0.586980 0.093520 2 0.656250 0.087960 2
0.0 0.558850 0.127780 0.101560 0.038890 0.514060 0.118520 2 0.540630 0.125000 2 0.605730 0.139810 2
0.0 0.339060 0.238890 0.067190 0.202780 0.365620 0.150000 2 0.346350 0.195370 2 0.336460 0.271300 2
0.0 0.303120 0.235190 0.072400 0.184260 0.271870 0.315740 2 0.301040 0.240740 2 0.336460 0.271300 2
0.0 0.303120 0.331480 0.040630 0.177780 0.290100 0.408330 2 0.301040 0.355560 2 0.318230 0.250930 2
0.0 0.272400 0.466670 0.023960 0.226850 0.277600 0.568520 2 0.271350 0.486110 2 0.267710 0.363890 2
0.0 0.373440 0.449070 0.102600 0.056480 0.416670 0.453700 2 0.377600 0.453700 2 0.329690 0.435190 2
0.0 0.375520 0.200930 0.093230 0.162040 0.418230 0.125000 2 0.418230 0.198150 2 0.336460 0.271300 2
0.0 0.441150 0.221300 0.120310 0.072220 0.387500 0.212960 2 0.436460 0.200000 2 0.498440 0.237960 2
0.0 0.376040 0.302780 0.115630 0.165740 0.427600 0.232410 2 0.386980 0.289810 2 0.403650 0.305560 2
0.0 0.395310 0.607410 0.039580 0.195370 0.404170 0.520370 2 0.401040 0.586110 2 0.379690 0.695370 2
0.0 0.511460 0.676850 0.142190 0.073150 0.447920 0.658330 2 0.489580 0.686110 2 0.576040 0.674070 2
0.0 0.377600 0.713890 0.132290 0.076850 0.436460 0.734260 2 0.386980 0.721300 2 0.379690 0.695370 2
0.0 0.511460 0.780560 0.026560 0.134260 0.506770 0.840740 2 0.515100 0.788890 2 0.517710 0.728700 2
0.0 0.514580 0.850930 0.121870 0.061110 0.569790 0.863890 2 0.527600 0.858330 2 0.461460 0.831480 2
0.0 0.581250 0.576850 0.095830 0.187040 0.543230 0.655560 2 0.578650 0.603700 2 0.621870 0.493520 2
0.0 0.425520 0.559260 0.024480 0.148150 0.425520 0.618520 2 0.431770 0.573150 2 0.420830 0.495370 2
0.0 0.573960 0.383330 0.023960 0.187960 0.577080 0.295370 2 0.577080 0.363890 2 0.566150 0.465740 2
0.0 0.604690 0.394440 0.020830 0.224070 0.604170 0.292590 2 0.606770 0.361110 2 0.607810 0.500000 2
0.0 0.410940 0.223150 0.036980 0.185190 0.427600 0.136110 2 0.418230 0.198150 2 0.403650 0.305560 2