0.0 0.459270 0.031482 0.116919 0.041541 0.509826 0.039019 2 0.472852 0.028766 2 0.402966 0.023908 2
0.0 0.502487 0.060859 0.103177 0.037114 0.546865 0.051886 2 0.520259 0.058121 2 0.455046 0.072397 2
0.0 0.726402 0.164169 0.072374 0.191049 0.697078 0.080695 2 0.717538 0.123257 2 0.729262 0.194607 2
0.0 0.762509 0.160498 0.077191 0.173661 0.795338 0.236052 2 0.764220 0.165680 2 0.729262 0.194607 2
0.0 0.764747 0.251047 0.045047 0.167397 0.779132 0.323219 2 0.766889 0.273653 2 0.747147 0.175354 2
0.0 0.798824 0.378012 0.029400 0.213452 0.795443 0.473790 2 0.799822 0.396261 2 0.800647 0.281309 2
0.0 0.696666 0.362001 0.104633 0.053661 0.652728 0.366560 2 0.692073 0.366351 2 0.739889 0.348689 2
0.0 0.688804 0.128668 0.097650 0.152877 0.643518 0.057467 2 0.645218 0.126256 2 0.729262 0.194607 2
0.0 0.623187 0.148174 0.122833 0.068557 0.676508 0.140018 2 0.626903 0.128093 2 0.565370 0.164121 2
0.0 0.690648 0.224448 0.120294 0.156476 0.636578 0.158523 2 0.678818 0.212283 2 0.662397 0.227183 2
0.0 0.678323 0.511017 0.044398 0.183933 0.666866 0.429188 2 0.671545 0.490992 2 0.695585 0.593623 2
0.0 0.562971 0.576938 0.144888 0.069549 0.626015 0.559156 2 0.584708 0.585503 2 0.497362 0.574643 2
0.0 0.698632 0.611054 0.135005 0.072975 0.639320 0.630498 2 0.688846 0.618046 2 0.695585 0.593623 2
0.0 0.565382 0.674464 0.029867 0.126397 0.570991 0.731005 2 0.561398 0.682291 2 0.557371 0.625704 2
0.0 0.563875 0.740655 0.124146 0.058118 0.508067 0.753111 2 0.550424 0.747657 2 0.616404 0.722055 2
0.0 0.490367 0.483274 0.100850 0.176400 0.529972 0.557061 2 0.493098 0.508482 2 0.447014 0.405103 2
0.0 0.646782 0.465900 0.028095 0.139447 0.647647 0.521600 2 0.640299 0.478969 2 0.649508 0.405768 2
0.0 0.493211 0.301253 0.028497 0.176881 0.487513 0.218528 2 0.489105 0.282963 2 0.502479 0.378681 2
0.0 0.462523 0.311865 0.026184 0.210821 0.460168 0.216059 2 0.459142 0.280507 2 0.461323 0.411121 2
0.0 0.653652 0.149752 0.041544 0.174346 0.634340 0.067965 2 0.645218 0.126256 2 0.662397 0.227183 2