0.0 0.629681 0.140239 0.111973 0.068230 0.579916 0.159289 2 0.619385 0.136758 2 0.584949 0.116936 2
0.0 0.608704 0.292882 0.046224 0.219427 0.599182 0.201102 2 0.615640 0.265166 2 0.607579 0.389657 2
0.0 0.634524 0.412009 0.029739 0.242518 0.636927 0.305802 2 0.638136 0.380312 2 0.631028 0.519445 2
0.0 0.722668 0.600616 0.048342 0.236379 0.714107 0.496168 2 0.731936 0.563285 2 0.734644 0.704932 2
0.0 0.574239 0.690138 0.117131 0.127407 0.597000 0.703403 2 0.559708 0.734200 2 0.534954 0.747376 2
0.0 0.563189 0.721322 0.082456 0.060008 0.597000 0.703403 2 0.559708 0.734200 2 0.534954 0.747376 2
0.0 0.464096 0.829694 0.118296 0.158990 0.420385 0.805269 2 0.481520 0.826504 2 0.411468 0.899353 2
0.0 0.521346 0.888987 0.063847 0.173298 0.498769 0.962994 2 0.533018 0.920845 2 0.547252 0.816964 2
0.0 0.628418 0.947400 0.106867 0.105200 0.675172 0.907365 2 0.647562 0.957499 2 0.587947 1.029667 2
0.0 0.330568 0.730197 0.061560 0.245638 0.348639 0.843567 2 0.349859 0.730028 2 0.313834 0.618918 2
0.0 0.349520 0.713201 0.061637 0.247742 0.370118 0.825362 2 0.349859 0.730028 2 0.331755 0.603045 2
0.0 0.313558 0.492827 0.045242 0.233023 0.333942 0.395942 2 0.306675 0.517488 2 0.323707 0.391356 2
0.0 0.361257 0.435085 0.074386 0.109903 0.381053 0.421234 2 0.342342 0.463685 2 0.390036 0.473180 2
0.0 0.377262 0.565359 0.037836 0.233584 0.388976 0.461687 2 0.374031 0.544614 2 0.381745 0.671219 2
0.0 0.428152 0.582009 0.043704 0.271794 0.442441 0.462410 2 0.428441 0.559967 2 0.414840 0.700579 2
0.0 0.445315 0.747924 0.061915 0.147961 0.420385 0.805269 2 0.444214 0.750140 2 0.470833 0.686421 2
0.0 0.482915 0.467077 0.076086 0.142588 0.514313 0.407290 2 0.491096 0.459236 2 0.451036 0.524876 2
0.0 0.467942 0.147633 0.123292 0.146711 0.523551 0.089421 2 0.517987 0.200101 2 0.410171 0.209231 2
0.0 0.451985 0.204360 0.108372 0.172004 0.498924 0.139361 2 0.467077 0.197113 2 0.460839 0.232193 2
0.0 0.419335 0.324146 0.092284 0.219277 0.421289 0.391300 2 0.425416 0.319597 2 0.460839 0.232193 2
0.0 0.440503 0.314359 0.057169 0.193875 0.421289 0.391300 2 0.425416 0.319597 2 0.460839 0.232193 2
0.0 0.503188 0.226231 0.099652 0.203998 0.547083 0.136220 2 0.517987 0.200101 2 0.460839 0.232193 2
0.0 0.562999 0.202373 0.054682 0.180063 0.547083 0.136220 2 0.554794 0.209250 2 0.584949 0.116936 2