0.0 0.379655 0.194438 0.114555 0.093866 0.429133 0.187757 2 0.388883 0.186893 2 0.420636 0.154692 2
0.0 0.413037 0.312314 0.063593 0.192738 0.413987 0.231417 2 0.403466 0.292374 2 0.421905 0.392623 2
0.0 0.398117 0.423490 0.049552 0.205598 0.386257 0.335972 2 0.391434 0.398715 2 0.410196 0.511619 2
0.0 0.328594 0.620995 0.067095 0.207124 0.327531 0.529961 2 0.315938 0.594090 2 0.325381 0.713556 2
0.0 0.480368 0.628238 0.124609 0.143304 0.458921 0.649700 2 0.497761 0.658452 2 0.522924 0.658196 2
0.0 0.493756 0.649244 0.085190 0.076984 0.458921 0.649700 2 0.497761 0.658452 2 0.522924 0.658196 2
0.0 0.599226 0.694651 0.128432 0.169138 0.639119 0.654432 2 0.581559 0.699952 2 0.655798 0.728910 2
0.0 0.548683 0.770171 0.076775 0.161726 0.576442 0.821723 2 0.539590 0.802112 2 0.516912 0.721873 2
0.0 0.451361 0.884051 0.116106 0.153575 0.400391 0.855489 2 0.431477 0.884784 2 0.495522 0.917919 2
0.0 0.720418 0.550891 0.080720 0.219173 0.712057 0.653780 2 0.701196 0.559563 2 0.726710 0.450440 2
0.0 0.700564 0.545322 0.080974 0.220894 0.689647 0.648350 2 0.701196 0.559563 2 0.707953 0.445338 2
0.0 0.716704 0.345023 0.063798 0.203344 0.688177 0.273462 2 0.725016 0.362520 2 0.697725 0.264981 2
0.0 0.665460 0.318512 0.081606 0.114350 0.644582 0.315992 2 0.685793 0.333827 2 0.640286 0.363435 2
0.0 0.661022 0.434529 0.056653 0.201220 0.640336 0.353361 2 0.661917 0.415785 2 0.665218 0.524971 2
0.0 0.613020 0.471564 0.065609 0.234024 0.588475 0.378272 2 0.610387 0.453338 2 0.635580 0.564525 2
0.0 0.610495 0.617857 0.072739 0.140655 0.639119 0.654432 2 0.611279 0.619249 2 0.579998 0.578164 2
0.0 0.550042 0.400527 0.086043 0.141256 0.513981 0.364938 2 0.540955 0.397743 2 0.585453 0.434320 2
0.0 0.537354 0.127077 0.132237 0.160989 0.477915 0.103811 2 0.492753 0.193666 2 0.598234 0.152270 2
0.0 0.557685 0.167172 0.119904 0.176165 0.506088 0.134300 2 0.541938 0.168026 2 0.550986 0.194471 2
0.0 0.599604 0.252315 0.108310 0.208632 0.602956 0.309299 2 0.592836 0.251324 2 0.550986 0.194471 2
0.0 0.578212 0.253769 0.072044 0.175971 0.602956 0.309299 2 0.592836 0.251324 2 0.550986 0.194471 2
0.0 0.509826 0.208707 0.114163 0.198892 0.459052 0.153573 2 0.492753 0.193666 2 0.550986 0.194471 2
0.0 0.449707 0.215985 0.068451 0.163987 0.459052 0.153573 2 0.457788 0.218038 2 0.420636 0.154692 2