0.0 0.548865 0.050861 0.097449 0.101722 0.520035 -0.080235 2 0.468453 -0.099836 2 0.399396 -0.111882 2
0.0 0.519098 0.040288 0.099562 0.080575 0.504664 0.038537 2 0.507439 -0.003759 2 0.563700 0.070758 2
0.0 0.607684 0.279430 0.077956 0.225531 0.476226 -0.031481 2 0.507439 -0.003759 2 0.563700 0.070758 2
0.0 0.613960 0.495515 0.041588 0.243321 0.579224 0.185030 2 0.607946 0.264830 2 0.595677 0.300871 2
0.0 0.466902 0.461199 0.093900 0.245729 0.628286 0.403092 2 0.616535 0.485374 2 0.598554 0.590973 2
0.0 0.457179 0.562765 0.089454 0.258988 0.495137 0.491792 2 0.447133 0.437801 2 0.507143 0.565665 2
0.0 0.453655 0.739293 0.110713 0.121066 0.495137 0.491792 2 0.458984 0.567160 2 0.419503 0.640724 2
0.0 0.414260 0.784050 0.104493 0.139636 0.408280 0.696576 2 0.450075 0.748240 2 0.504401 0.751183 2
0.0 0.314271 0.561702 0.093330 0.217187 0.459854 0.836940 2 0.414016 0.794818 2 0.372475 0.730469 2
0.0 0.250479 0.309955 0.036382 0.265571 0.352284 0.632890 2 0.303173 0.585785 2 0.276097 0.471625 2
0.0 0.367623 0.396327 0.026541 0.244515 0.250637 0.421398 2 0.257837 0.325934 2 0.242651 0.194754 2
0.0 0.325965 0.241085 0.034323 0.304186 0.370112 0.294247 2 0.367389 0.382529 2 0.365005 0.501984 2
0.0 0.316984 0.036338 0.073395 0.072676 0.327814 0.364126 2 0.317770 0.264606 2 0.332381 0.111222 2
0.0 0.464678 0.114820 0.136572 0.213606 0.347963 -0.090799 2 0.320775 -0.030827 2 0.285001 0.025521 2
0.0 0.555911 0.221247 0.094640 0.188632 0.479618 0.160593 2 0.474497 0.103289 2 0.406338 0.143034 2
0.0 0.403327 0.047787 0.092590 0.095574 0.517980 0.143052 2 0.554526 0.192924 2 0.595677 0.300871 2
0.0 0.449338 0.207965 0.072624 0.194390 0.441961 -0.074766 2 0.408943 -0.011559 2 0.366506 0.041152 2