0.0 0.407791 0.053404 0.144561 0.106807 0.345126 0.063825 2 0.391331 0.035836 2 0.469896 0.093991 2
0.0 0.436397 0.140315 0.091537 0.153132 0.451007 0.137268 2 0.432975 0.150865 2 0.469896 0.093991 2
0.0 0.421707 0.332483 0.111193 0.161954 0.469158 0.401633 2 0.424187 0.348151 2 0.372761 0.265664 2
0.0 0.399721 0.381954 0.031838 0.218808 0.396728 0.281805 2 0.398318 0.375467 2 0.403286 0.480593 2
0.0 0.305742 0.464762 0.049406 0.195406 0.297009 0.542489 2 0.322145 0.487703 2 0.288330 0.382710 2
0.0 0.426852 0.573103 0.037402 0.216786 0.414903 0.474934 2 0.427563 0.551352 2 0.439341 0.668871 2
0.0 0.470862 0.678218 0.135664 0.128980 0.409870 0.631894 2 0.460184 0.678897 2 0.534002 0.732255 2
0.0 0.497839 0.123478 0.118501 0.112918 0.451007 0.137268 2 0.496170 0.123075 2 0.545574 0.102997 2
0.0 0.549274 0.242035 0.111438 0.095176 0.503375 0.251670 2 0.548612 0.239263 2 0.594600 0.230574 2
0.0 0.626819 0.242741 0.129460 0.141382 0.569868 0.186071 2 0.630334 0.268368 2 0.594600 0.230574 2
0.0 0.640321 0.241105 0.070771 0.228437 0.620838 0.330881 2 0.630334 0.268368 2 0.653264 0.310617 2
0.0 0.788006 0.301214 0.053455 0.257188 0.780132 0.409076 2 0.797018 0.335355 2 0.767850 0.184995 2
0.0 0.471139 0.420587 0.063944 0.203730 0.466717 0.505633 2 0.492408 0.438687 2 0.447825 0.333427 2
0.0 0.503490 0.530466 0.090021 0.121054 0.537300 0.502701 2 0.518015 0.525640 2 0.469453 0.563546 2
0.0 0.557548 0.016333 0.123232 0.032666 0.613566 0.021085 2 0.555952 -0.000627 2 0.577005 0.013854 2
0.0 0.632190 0.092911 0.133686 0.182979 0.638004 0.119159 2 0.591232 0.063433 2 0.655269 0.149325 2
0.0 0.658421 0.216973 0.127415 0.110044 0.716551 0.260861 2 0.673283 0.219276 2 0.602673 0.173822 2
0.0 0.701185 0.307674 0.121967 0.078670 0.755778 0.312792 2 0.710929 0.309479 2 0.653264 0.310617 2
0.0 0.582398 0.068913 0.126540 0.127399 0.638004 0.119159 2 0.591232 0.063433 2 0.529006 0.015845 2
0.0 0.598634 0.161248 0.098996 0.095331 0.569868 0.186071 2 0.587630 0.154809 2 0.602673 0.173822 2
0.0 0.744538 0.698464 0.087843 0.170601 0.780657 0.647575 2 0.760303 0.695729 2 0.717287 0.755356 2