0.0 0.599480 0.118520 0.128120 0.078700 0.657289 0.150930 2 0.613539 0.108330 2 0.543749 0.147220 2
0.0 0.577080 0.205560 0.077600 0.135190 0.563019 0.198150 2 0.580209 0.217590 2 0.543749 0.147220 2
0.0 0.598960 0.412040 0.095310 0.138890 0.557809 0.471300 2 0.596879 0.427780 2 0.640629 0.355560 2
0.0 0.621350 0.470370 0.019790 0.221300 0.619269 0.365740 2 0.621879 0.463890 2 0.621879 0.573150 2
0.0 0.711460 0.584260 0.036980 0.191670 0.722399 0.668520 2 0.696879 0.603700 2 0.723439 0.502780 2
0.0 0.604690 0.663890 0.025000 0.217590 0.610939 0.563890 2 0.602609 0.640740 2 0.596879 0.761110 2
0.0 0.568750 0.762040 0.119270 0.097220 0.622399 0.730560 2 0.578129 0.765740 2 0.512499 0.800930 2
0.0 0.519790 0.170370 0.104170 0.085190 0.563019 0.198150 2 0.520829 0.170370 2 0.474479 0.135190 2
0.0 0.477600 0.280560 0.098440 0.068520 0.519789 0.303700 2 0.477609 0.277780 2 0.434899 0.255560 2
0.0 0.406250 0.259260 0.113020 0.112040 0.455729 0.215740 2 0.403649 0.285190 2 0.434899 0.255560 2
0.0 0.393750 0.253700 0.055210 0.220370 0.415109 0.353700 2 0.403649 0.285190 2 0.384379 0.323150 2
0.0 0.260420 0.275000 0.038020 0.255560 0.271879 0.390740 2 0.253129 0.308330 2 0.273439 0.158330 2
0.0 0.557290 0.490740 0.050000 0.196300 0.564579 0.581480 2 0.538019 0.503700 2 0.574479 0.405560 2
0.0 0.532290 0.597220 0.077600 0.101850 0.499479 0.558330 2 0.518229 0.587960 2 0.564579 0.641670 2
0.0 0.459370 0.021300 0.110420 0.037960 0.408329 0.029630 2 0.460419 0.023150 2 0.441669 0.032410 2
0.0 0.394790 0.100000 0.115100 0.154630 0.390099 0.125930 2 0.430729 0.080560 2 0.375519 0.152780 2
0.0 0.376040 0.223150 0.112500 0.079630 0.323959 0.252780 2 0.361979 0.221300 2 0.424999 0.193520 2
0.0 0.340620 0.306480 0.108850 0.048150 0.290109 0.296300 2 0.331249 0.305560 2 0.384379 0.323150 2
0.0 0.439580 0.088890 0.110940 0.098150 0.390099 0.125930 2 0.430729 0.080560 2 0.485939 0.048150 2
0.0 0.428650 0.181480 0.086980 0.072220 0.455729 0.215740 2 0.438019 0.177780 2 0.424999 0.193520 2
0.0 0.317710 0.705560 0.073440 0.154630 0.281769 0.641670 2 0.302599 0.698150 2 0.344789 0.773150 2