0.0 0.310393 0.037543 0.120440 0.075086 0.560031 -0.103327 2 0.600710 -0.087271 2 0.647190 -0.041803 2
0.0 0.316974 0.060612 0.092648 0.121224 0.252704 0.022850 2 0.291559 -0.009602 2 0.362468 -0.044144 2
0.0 0.408166 0.135718 0.119965 0.097058 0.352735 -0.070030 2 0.291559 -0.009602 2 0.275222 0.088343 2
0.0 0.467955 0.133857 0.127954 0.090354 0.452843 0.170216 2 0.414445 0.142678 2 0.359387 0.097753 2
0.0 0.587781 0.219471 0.135046 0.114373 0.520627 0.160294 2 0.477585 0.141183 2 0.413352 0.100709 2
0.0 0.569038 0.085863 0.106684 0.171725 0.531967 0.186855 2 0.580488 0.207237 2 0.641948 0.266260 2
0.0 0.472738 0.020026 0.130100 0.040053 0.542482 -0.004849 2 0.573872 0.058140 2 0.520315 0.120737 2
0.0 0.477602 0.068419 0.139841 0.136839 0.437631 -0.054081 2 0.463650 -0.023439 2 0.528910 -0.012623 2
0.0 0.260044 0.326697 0.057624 0.161467 0.542482 -0.004849 2 0.469297 0.029779 2 0.520315 0.120737 2
0.0 0.330759 0.570162 0.091427 0.123505 0.259938 0.395303 2 0.253715 0.334581 2 0.279349 0.265443 2
0.0 0.497948 0.683975 0.116228 0.095489 0.293889 0.589088 2 0.326286 0.569490 2 0.365613 0.552804 2
0.0 0.622582 0.638783 0.117060 0.204737 0.448620 0.668608 2 0.493655 0.689599 2 0.543455 0.693920 2
0.0 0.618181 0.603728 0.085118 0.184915 0.668024 0.588519 2 0.610170 0.607790 2 0.576859 0.701721 2
0.0 0.697649 0.515704 0.122664 0.168657 0.582500 0.667768 2 0.610170 0.607790 2 0.603859 0.521087 2
0.0 0.701852 0.445869 0.069874 0.233411 0.675030 0.541648 2 0.708040 0.461084 2 0.644228 0.550506 2
0.0 0.737680 0.365458 0.091442 0.240642 0.689476 0.433573 2 0.695870 0.360511 2 0.724772 0.352928 2
0.0 0.698514 0.346921 0.067400 0.236947 0.744741 0.461976 2 0.708040 0.461084 2 0.724772 0.352928 2
0.0 0.564113 0.510457 0.105030 0.080724 0.689476 0.433573 2 0.695870 0.360511 2 0.706451 0.240435 2
0.0 0.449032 0.453812 0.165058 0.224899 0.521873 0.497026 2 0.556541 0.511588 2 0.603859 0.521087 2
0.0 0.526975 0.413921 0.126648 0.188633 0.473891 0.454042 2 0.456087 0.474581 2 0.391651 0.363462 2