0.0 0.540145 0.083607 0.133634 0.092698 0.479244 0.049053 2 0.531140 0.071372 2 0.595285 0.115285 2
0.0 0.372564 0.056126 0.116791 0.112251 0.387421 0.065530 2 0.369697 0.019742 2 0.325945 0.080002 2
0.0 0.449531 0.134083 0.138224 0.172680 0.387421 0.065530 2 0.443237 0.117523 2 0.510047 0.203430 2
0.0 0.325318 0.191734 0.118709 0.204703 0.277542 0.266736 2 0.308975 0.182932 2 0.369354 0.121948 2
0.0 0.266900 0.163363 0.085047 0.194508 0.236143 0.232890 2 0.255836 0.173893 2 0.293488 0.087393 2
0.0 0.351622 0.524713 0.077978 0.077402 0.380004 0.514695 2 0.371055 0.537121 2 0.315891 0.503579 2
0.0 0.374790 0.514603 0.117913 0.118683 0.380004 0.514695 2 0.371055 0.537121 2 0.423343 0.554690 2
0.0 0.409152 0.687989 0.092211 0.186208 0.442946 0.764849 2 0.401461 0.712659 2 0.371468 0.612461 2
0.0 0.562170 0.729342 0.110956 0.164648 0.512497 0.655422 2 0.550454 0.721421 2 0.606104 0.800402 2
0.0 0.668990 0.746574 0.096423 0.143582 0.632122 0.789860 2 0.672513 0.763706 2 0.704923 0.707093 2
0.0 0.606547 0.638327 0.144967 0.184568 0.668969 0.712868 2 0.605594 0.658482 2 0.652296 0.584305 2
0.0 0.752706 0.663925 0.092750 0.217184 0.723409 0.582256 2 0.743798 0.622763 2 0.719909 0.740790 2
0.0 0.743126 0.605198 0.107804 0.204577 0.723409 0.582256 2 0.743798 0.622763 2 0.781118 0.542963 2
0.0 0.808848 0.549076 0.077075 0.244136 0.783229 0.585811 2 0.815077 0.545493 2 0.781118 0.542963 2
0.0 0.799401 0.429595 0.042069 0.212463 0.803704 0.516343 2 0.802157 0.425358 2 0.786302 0.335544 2
0.0 0.753057 0.417970 0.045687 0.233400 0.757202 0.516265 2 0.752541 0.434342 2 0.756446 0.319303 2
0.0 0.676305 0.566564 0.112394 0.060721 0.723409 0.582256 2 0.679614 0.561472 2 0.626509 0.553399 2
0.0 0.619406 0.564538 0.084529 0.068018 0.585947 0.542863 2 0.606296 0.565993 2 0.626509 0.553399 2
0.0 0.671220 0.361076 0.067797 0.241420 0.645171 0.257824 2 0.665409 0.341712 2 0.694981 0.462096 2
0.0 0.585059 0.407556 0.085260 0.168499 0.616452 0.481077 2 0.599633 0.412296 2 0.557783 0.333988 2
0.0 0.590954 0.491639 0.121050 0.157869 0.585947 0.542863 2 0.601203 0.504255 2 0.626509 0.553399 2
0.0 0.576541 0.266055 0.124112 0.083194 0.551620 0.242133 2 0.580496 0.263014 2 0.623281 0.255629 2
0.0 0.512322 0.252034 0.126787 0.077905 0.551620 0.242133 2 0.509595 0.239043 2 0.459105 0.255583 2