0 0.56250 0.03796 0.06667 0.07037 0.58542 0.00741 2 0.58125 0.05741 2 0.53229 0.02778 2 
0 0.44531 0.18241 0.09167 0.17130 0.48594 0.10741 2 0.44479 0.17778 2 0.40417 0.25741 2 
0 0.49167 0.28148 0.13594 0.09352 0.55573 0.32037 2 0.51510 0.30000 2 0.53073 0.26574 2 
0 0.47760 0.27500 0.11927 0.03981 0.42083 0.28056 2 0.45729 0.27870 2 0.53073 0.26574 2 
0 0.52865 0.11574 0.07708 0.03796 0.49583 0.11852 2 0.51979 0.11111 2 0.55469 0.10556 2 
0 0.60000 0.04259 0.11406 0.04907 0.54896 0.02963 2 0.60104 0.03519 2 0.65156 0.05741 2 
0 0.59323 0.14815 0.05260 0.09722 0.61354 0.18056 2 0.59948 0.14537 2 0.57292 0.10833 2 
0 0.60313 0.16019 0.08646 0.15556 0.62917 0.09352 2 0.63177 0.17778 2 0.57292 0.10833 2 
0 0.33542 0.41944 0.02969 0.21759 0.33073 0.51389 2 0.33385 0.43611 2 0.33073 0.32315 2 
0 0.27500 0.46481 0.04427 0.23704 0.29167 0.35741 2 0.28698 0.54537 2 0.28958 0.42500 2 
0 0.28385 0.51852 0.02552 0.20926 0.28594 0.61019 2 0.28698 0.54537 2 0.28958 0.42500 2 
0 0.51875 0.40833 0.04948 0.14630 0.53802 0.34630 2 0.52396 0.40093 2 0.49844 0.47037 2 
0 0.47656 0.51296 0.10833 0.11481 0.52344 0.55833 2 0.47448 0.51296 2 0.49844 0.47037 2 
0 0.34115 0.65093 0.11094 0.05556 0.29167 0.63611 2 0.32240 0.65093 2 0.38177 0.66574 2 
0 0.33229 0.60463 0.07031 0.17222 0.30417 0.52870 2 0.31562 0.57037 2 0.35885 0.68519 2 
0 0.34740 0.56667 0.01979 0.14815 0.34896 0.63148 2 0.34792 0.57593 2 0.35469 0.50000 2 
0 0.39792 0.64259 0.02396 0.19815 0.39271 0.73056 2 0.40260 0.64907 2 0.40573 0.55278 2 
0 0.47917 0.80833 0.11406 0.06111 0.52969 0.81667 2 0.48281 0.80833 2 0.43073 0.79167 2 
0 0.65885 0.50648 0.03385 0.18241 0.64896 0.42500 2 0.65625 0.48796 2 0.67135 0.58889 2 
0 0.75938 0.38426 0.06927 0.08704 0.73073 0.38889 2 0.76146 0.40556 2 0.78958 0.34630 2 
0 0.72344 0.50833 0.03958 0.17500 0.72500 0.58333 2 0.73594 0.50833 2 0.71198 0.42870 2 
0 0.76406 0.45000 0.02813 0.25741 0.75990 0.56574 2 0.76562 0.48148 2 0.76719 0.32870 2 
0 0.61354 0.75926 0.04844 0.06389 0.59583 0.73796 2 0.61354 0.75278 2 0.63385 0.78056 2 
0 0.55677 0.66481 0.06302 0.18889 0.58281 0.58056 2 0.56146 0.64167 2 0.53385 0.74907 2 
