0.0 0.225324 0.342914 0.121975 0.209859 0.264177 0.250751 2 0.224488 0.326307 2 0.184252 0.439910 2
0.0 0.323607 0.333584 0.103764 0.066290 0.282880 0.352071 2 0.317294 0.329994 2 0.370346 0.313202 2
0.0 0.414295 0.325528 0.147524 0.135720 0.481027 0.345304 2 0.426624 0.321056 2 0.370346 0.313202 2
0.0 0.451937 0.302537 0.051894 0.193368 0.455958 0.214956 2 0.455716 0.281987 2 0.446785 0.388486 2
0.0 0.547264 0.246464 0.066634 0.163994 0.556148 0.303765 2 0.519444 0.223405 2 0.575552 0.305321 2
0.0 0.567595 0.372873 0.042896 0.168171 0.556148 0.303765 2 0.561370 0.363968 2 0.583737 0.437815 2
0.0 0.644823 0.533397 0.064861 0.167677 0.632044 0.601237 2 0.654495 0.580777 2 0.661771 0.461538 2
0.0 0.665735 0.577690 0.121729 0.188817 0.632044 0.601237 2 0.654495 0.580777 2 0.708866 0.490492 2
0.0 0.248592 0.490512 0.041993 0.188046 0.251736 0.570591 2 0.253587 0.503104 2 0.249832 0.409008 2
0.0 0.247036 0.624879 0.079384 0.196123 0.247838 0.595484 2 0.233558 0.602173 2 0.281584 0.692545 2
0.0 0.239451 0.683417 0.057319 0.201617 0.247838 0.595484 2 0.233558 0.602173 2 0.255387 0.771332 2
0.0 0.208328 0.673731 0.041919 0.187191 0.222371 0.752485 2 0.207361 0.680960 2 0.204665 0.592731 2
0.0 0.288490 0.671302 0.061685 0.149166 0.315108 0.723580 2 0.294493 0.682714 2 0.281584 0.692545 2
0.0 0.329972 0.743257 0.049500 0.196051 0.348217 0.826103 2 0.335563 0.762722 2 0.310422 0.663225 2
0.0 0.531863 0.773313 0.123190 0.096958 0.584621 0.733613 2 0.541085 0.783823 2 0.478977 0.804055 2
0.0 0.501323 0.681521 0.127658 0.124225 0.447112 0.665059 2 0.487489 0.680051 2 0.556542 0.708078 2
0.0 0.394265 0.672182 0.125026 0.130193 0.447112 0.665059 2 0.405611 0.662707 2 0.348242 0.724770 2
0.0 0.400003 0.522538 0.133130 0.145071 0.458053 0.550054 2 0.396442 0.525211 2 0.345660 0.492011 2
0.0 0.514063 0.555444 0.088244 0.183530 0.540841 0.476397 2 0.525245 0.550412 2 0.488985 0.633818 2
0.0 0.466989 0.107958 0.157578 0.136891 0.444597 0.122129 2 0.458334 0.090043 2 0.416572 0.135355 2
0.0 0.522507 0.208540 0.071202 0.150185 0.518691 0.189256 2 0.519444 0.223405 2 0.543271 0.142653 2
0.0 0.396898 0.131325 0.109779 0.057086 0.444597 0.122129 2 0.407857 0.123720 2 0.348058 0.138892 2
0.0 0.386152 0.166085 0.079927 0.075476 0.355376 0.191451 2 0.387047 0.163099 2 0.416572 0.135355 2
0.0 0.429425 0.068369 0.109324 0.082124 0.384681 0.097681 2 0.424721 0.064314 2 0.476407 0.038232 2