0 0.32604 0.27130 0.10312 0.19352 0.37031 0.18611 2 0.32656 0.25370 2 0.27917 0.36111 2 
0 0.41979 0.29074 0.09740 0.04074 0.37969 0.29815 2 0.41406 0.28519 2 0.46563 0.28333 2 
0 0.50625 0.30926 0.13490 0.10370 0.56771 0.35000 2 0.51823 0.30833 2 0.46563 0.28333 2 
0 0.54375 0.29630 0.03490 0.19722 0.55469 0.20556 2 0.54896 0.27593 2 0.53177 0.38519 2 
0 0.63854 0.26574 0.05208 0.16019 0.64219 0.32870 2 0.61406 0.23333 2 0.66042 0.33611 2 
0 0.64740 0.40463 0.02813 0.17222 0.64219 0.32870 2 0.64219 0.39352 2 0.65729 0.47778 2 
0 0.70729 0.59630 0.05000 0.16481 0.68958 0.66389 2 0.71250 0.64907 2 0.72917 0.52593 2 
0 0.72344 0.64907 0.10469 0.17037 0.68958 0.66389 2 0.71250 0.64907 2 0.77135 0.57037 2 
0 0.33594 0.43333 0.02552 0.19444 0.33229 0.51852 2 0.33958 0.44815 2 0.34375 0.34815 2 
0 0.32344 0.57407 0.06198 0.19167 0.32656 0.54352 2 0.31250 0.54630 2 0.35052 0.65556 2 
0 0.31146 0.63333 0.03958 0.20463 0.32656 0.54352 2 0.31250 0.54630 2 0.31927 0.73056 2 
0 0.28281 0.61389 0.02552 0.19352 0.28958 0.70093 2 0.28125 0.62130 2 0.28594 0.52778 2 
0 0.35885 0.63519 0.04844 0.14537 0.37969 0.69815 2 0.36354 0.64907 2 0.35052 0.65556 2 
0 0.39219 0.72315 0.03229 0.20093 0.40260 0.81574 2 0.39583 0.74537 2 0.38021 0.63333 2 
0 0.58073 0.81481 0.11406 0.06852 0.63385 0.78889 2 0.58854 0.82870 2 0.52812 0.83148 2 
0 0.55937 0.70926 0.11615 0.09722 0.50938 0.67593 2 0.54635 0.70370 2 0.60938 0.75370 2 
0 0.45885 0.66759 0.11302 0.10463 0.50938 0.67593 2 0.47031 0.66111 2 0.41094 0.70926 2 
0 0.47656 0.51204 0.11979 0.11852 0.52917 0.55833 2 0.47292 0.51389 2 0.42760 0.46389 2 
0 0.58177 0.58056 0.07187 0.17500 0.61354 0.50556 2 0.59271 0.57870 2 0.55156 0.65556 2 
0 0.57396 0.09630 0.14479 0.10185 0.55156 0.10463 2 0.56719 0.07500 2 0.52396 0.11019 2 
0 0.61823 0.21852 0.05781 0.14352 0.61615 0.19722 2 0.61406 0.23333 2 0.64323 0.15556 2 
0 0.50573 0.10000 0.10417 0.02870 0.55156 0.10463 2 0.51667 0.09537 2 0.45885 0.09352 2 
0 0.49271 0.13333 0.07292 0.05833 0.46146 0.15093 2 0.49375 0.13056 2 0.52396 0.11019 2 
0 0.54167 0.04352 0.10156 0.05648 0.49688 0.06111 2 0.53750 0.03796 2 0.58854 0.02593 2 
