0.0 0.627080 0.088890 0.106770 0.143520 0.615099 0.140740 2 0.633859 0.090740 2 0.599999 0.157410 2
0.0 0.557810 0.087040 0.132290 0.130560 0.524999 0.127780 2 0.561979 0.085190 2 0.499999 0.029630 2
0.0 0.530210 0.148150 0.151560 0.052780 0.524999 0.127780 2 0.514059 0.155560 2 0.599999 0.157410 2
0.0 0.485940 0.073150 0.094270 0.129630 0.455729 0.030560 2 0.485419 0.080560 2 0.442189 0.012960 2
0.0 0.421880 0.088890 0.083330 0.141670 0.440629 0.142590 2 0.421359 0.077780 2 0.392709 0.098150 2
0.0 0.360420 0.150000 0.085940 0.113890 0.320829 0.197220 2 0.350519 0.142590 2 0.392709 0.098150 2
0.0 0.441670 0.215740 0.027080 0.170370 0.434899 0.283330 2 0.437499 0.186110 2 0.448959 0.292590 2
0.0 0.395310 0.248150 0.102080 0.100000 0.434899 0.283330 2 0.351559 0.265740 2 0.349479 0.210190 2
0.0 0.343750 0.280560 0.032810 0.155560 0.335419 0.217590 2 0.351559 0.265740 2 0.352079 0.350000 2
0.0 0.478650 0.315740 0.128120 0.132410 0.422399 0.367590 2 0.477079 0.317590 2 0.448959 0.292590 2
0.0 0.395830 0.520370 0.076040 0.179630 0.361979 0.438890 2 0.388539 0.518520 2 0.425519 0.599070 2
0.0 0.508850 0.516670 0.117710 0.097220 0.458849 0.549070 2 0.493749 0.545370 2 0.560419 0.477780 2
0.0 0.492710 0.613890 0.110940 0.102780 0.443229 0.577780 2 0.476039 0.627780 2 0.542189 0.652780 2
0.0 0.551560 0.622220 0.133850 0.117590 0.609899 0.574070 2 0.567709 0.610190 2 0.488539 0.673150 2
0.0 0.658850 0.459260 0.029690 0.212040 0.661459 0.552780 2 0.661979 0.442590 2 0.666149 0.515740 2
0.0 0.644790 0.414810 0.055210 0.233330 0.621879 0.307410 2 0.639059 0.378700 2 0.666149 0.515740 2
0.0 0.675520 0.381480 0.082810 0.141670 0.709379 0.438890 2 0.639059 0.378700 2 0.655729 0.365740 2
0.0 0.681770 0.563890 0.062500 0.212040 0.661459 0.552780 2 0.683859 0.553700 2 0.666149 0.515740 2
0.0 0.689580 0.712040 0.062500 0.203700 0.665629 0.803700 2 0.691149 0.733330 2 0.716149 0.623150 2
0.0 0.576040 0.821300 0.097400 0.152780 0.533329 0.886110 2 0.571879 0.825930 2 0.616669 0.763890 2
0.0 0.605210 0.690740 0.085940 0.110190 0.569789 0.734260 2 0.602609 0.703700 2 0.640629 0.649070 2
0.0 0.351560 0.737040 0.078650 0.187040 0.367709 0.706480 2 0.339059 0.716670 2 0.314059 0.745370 2
0.0 0.339580 0.683330 0.070830 0.100930 0.367709 0.706480 2 0.339059 0.716670 2 0.323439 0.653700 2
0.0 0.294790 0.670370 0.054170 0.169440 0.272919 0.599070 2 0.292709 0.673150 2 0.314059 0.745370 2