0.0 0.691503 0.113739 0.117009 0.161277 0.680713 0.166728 2 0.698715 0.116435 2 0.665423 0.182564 2
0.0 0.618694 0.104509 0.143369 0.150417 0.585651 0.143691 2 0.623039 0.103063 2 0.556059 0.038454 2
0.0 0.591787 0.165486 0.160961 0.071137 0.585651 0.143691 2 0.575107 0.171579 2 0.665423 0.182564 2
0.0 0.542745 0.082420 0.103409 0.145441 0.509599 0.034764 2 0.542479 0.090160 2 0.494781 0.014939 2
0.0 0.476006 0.092127 0.092330 0.156875 0.497551 0.150287 2 0.475110 0.080507 2 0.445715 0.098784 2
0.0 0.413539 0.149537 0.094126 0.128109 0.373596 0.194779 2 0.402918 0.140797 2 0.445715 0.098784 2
0.0 0.501102 0.226817 0.034233 0.180953 0.496319 0.296810 2 0.495743 0.195452 2 0.511400 0.307971 2
0.0 0.453518 0.255815 0.110603 0.115289 0.496319 0.296810 2 0.408199 0.269644 2 0.404125 0.211355 2
0.0 0.400473 0.284266 0.039747 0.166074 0.389611 0.217610 2 0.408199 0.269644 2 0.411610 0.357782 2
0.0 0.543339 0.335250 0.139052 0.151912 0.486057 0.383577 2 0.541781 0.337067 2 0.511400 0.307971 2
0.0 0.463321 0.540442 0.085965 0.195789 0.425030 0.451748 2 0.455630 0.537789 2 0.497205 0.625889 2
0.0 0.581887 0.548478 0.126923 0.114029 0.530508 0.577130 2 0.567033 0.576938 2 0.634751 0.513303 2
0.0 0.568243 0.648409 0.120003 0.119128 0.515080 0.605498 2 0.551237 0.661222 2 0.621557 0.694324 2
0.0 0.630330 0.663315 0.144566 0.137023 0.689988 0.619173 2 0.646909 0.652489 2 0.565907 0.709967 2
0.0 0.737463 0.504261 0.038391 0.224788 0.743412 0.602347 2 0.740211 0.487212 2 0.747078 0.564121 2
0.0 0.721186 0.456313 0.065915 0.249732 0.693501 0.341675 2 0.713968 0.418009 2 0.747078 0.564121 2
0.0 0.752324 0.424707 0.091783 0.156820 0.789864 0.488337 2 0.713968 0.418009 2 0.731034 0.406217 2
0.0 0.765091 0.616052 0.072847 0.228244 0.743412 0.602347 2 0.766967 0.605668 2 0.747078 0.564121 2
0.0 0.778331 0.771747 0.072564 0.219525 0.756324 0.865092 2 0.780732 0.794217 2 0.803240 0.681671 2
0.0 0.662808 0.874007 0.107483 0.169971 0.620187 0.937308 2 0.658625 0.878457 2 0.703553 0.818319 2
0.0 0.689003 0.740595 0.094000 0.124241 0.653313 0.782408 2 0.686741 0.753918 2 0.724811 0.700813 2
0.0 0.424198 0.762282 0.088958 0.203810 0.440147 0.732084 2 0.410406 0.739719 2 0.385127 0.767088 2
0.0 0.409790 0.704873 0.077817 0.112970 0.440147 0.732084 2 0.410406 0.739719 2 0.391860 0.672247 2
0.0 0.362312 0.686607 0.062651 0.182834 0.336947 0.609817 2 0.360250 0.689343 2 0.385127 0.767088 2