0.0 0.566190 0.006061 0.135393 0.012122 0.505877 -0.010527 2 0.563069 -0.022039 2 0.625275 -0.032296 2
0.0 0.686214 0.081439 0.153812 0.117267 0.750887 0.093689 2 0.693423 0.092002 2 0.616115 0.100144 2
0.0 0.572610 0.083545 0.105185 0.133557 0.534832 0.047900 2 0.574003 0.053232 2 0.616115 0.100144 2
0.0 0.521936 0.090138 0.112151 0.145213 0.534832 0.047900 2 0.574003 0.053232 2 0.571432 0.023177 2
0.0 0.422846 0.190695 0.106094 0.225833 0.469690 0.086238 2 0.433685 0.171342 2 0.380130 0.292260 2
0.0 0.382696 0.165693 0.105327 0.196618 0.338415 0.247740 2 0.376192 0.178780 2 0.429129 0.076258 2
0.0 0.308337 0.250236 0.090240 0.190435 0.338415 0.247740 2 0.302854 0.256446 2 0.343878 0.163476 2
0.0 0.589621 0.195481 0.145236 0.089463 0.526554 0.201682 2 0.579301 0.197896 2 0.651634 0.196766 2
0.0 0.554582 0.274546 0.151625 0.170631 0.614643 0.314462 2 0.566656 0.279771 2 0.496919 0.232161 2
0.0 0.651111 0.370329 0.084512 0.171621 0.683258 0.300979 2 0.658675 0.366709 2 0.615088 0.447041 2
0.0 0.744989 0.184808 0.063044 0.171336 0.753184 0.249862 2 0.758072 0.183150 2 0.731801 0.118262 2
0.0 0.743270 0.307133 0.091969 0.190858 0.753184 0.249862 2 0.746826 0.287082 2 0.773750 0.376682 2
0.0 0.545077 0.543073 0.116361 0.140440 0.503126 0.510939 2 0.542813 0.534397 2 0.591508 0.575551 2
0.0 0.519952 0.460493 0.140317 0.100690 0.575810 0.425972 2 0.539919 0.457150 2 0.457618 0.498855 2
0.0 0.557648 0.488577 0.106718 0.191988 0.602215 0.410382 2 0.542813 0.534397 2 0.512796 0.570764 2
0.0 0.419845 0.655000 0.096088 0.089039 0.461990 0.623012 2 0.431754 0.662756 2 0.377781 0.659382 2
0.0 0.337485 0.732384 0.135481 0.121897 0.392030 0.735506 2 0.339839 0.748283 2 0.282203 0.714297 2
0.0 0.490703 0.781125 0.135342 0.093669 0.549367 0.781572 2 0.495310 0.788178 2 0.437154 0.770898 2
0.0 0.601294 0.686046 0.117481 0.166419 0.549805 0.757417 2 0.591728 0.676668 2 0.651746 0.613047 2
0.0 0.324836 0.518209 0.134248 0.163896 0.333883 0.526666 2 0.338089 0.461778 2 0.374469 0.562336 2
0.0 0.300477 0.528319 0.072086 0.215018 0.284526 0.443373 2 0.307058 0.539860 2 0.316481 0.612196 2
0.0 0.271547 0.495591 0.040506 0.198169 0.284526 0.443373 2 0.269690 0.506717 2 0.269716 0.410510 2
0.0 0.339318 0.451638 0.044442 0.189173 0.333883 0.526666 2 0.338089 0.461778 2 0.351036 0.366555 2