0 0.52500 0.01574 0.12135 0.02963 0.46979 0.00741 2 0.52187 0.01019 2 0.57865 0.01574 2 
0 0.64167 0.15926 0.13490 0.08889 0.70208 0.19074 2 0.64896 0.17315 2 0.57812 0.16111 2 
0 0.53698 0.13056 0.08906 0.12037 0.50000 0.08056 2 0.53646 0.09722 2 0.57812 0.16111 2 
0 0.49062 0.12407 0.09479 0.13148 0.50000 0.08056 2 0.53646 0.09722 2 0.53229 0.06296 2 
0 0.40521 0.20926 0.08438 0.22315 0.44219 0.10556 2 0.41406 0.19074 2 0.37188 0.31111 2 
0 0.36667 0.17037 0.08542 0.19074 0.33073 0.25000 2 0.36146 0.18333 2 0.40417 0.08333 2 
0 0.30312 0.24444 0.07187 0.18796 0.33073 0.25000 2 0.29844 0.25000 2 0.33073 0.15741 2 
0 0.55937 0.26019 0.12865 0.06019 0.50156 0.25000 2 0.55000 0.26019 2 0.61667 0.27870 2 
0 0.53177 0.33889 0.12969 0.14907 0.58958 0.40000 2 0.54323 0.34815 2 0.47604 0.27593 2 
0 0.62656 0.47222 0.06771 0.16852 0.65208 0.40370 2 0.63333 0.47037 2 0.59792 0.54815 2 
0 0.70208 0.29074 0.04792 0.17407 0.71354 0.36574 2 0.71406 0.29259 2 0.68594 0.21296 2 
0 0.70781 0.42685 0.07344 0.18796 0.71354 0.36574 2 0.70990 0.40556 2 0.74010 0.51296 2 
0 0.53906 0.63611 0.09896 0.12500 0.49844 0.58889 2 0.53646 0.62593 2 0.58385 0.68519 2 
0 0.51094 0.53704 0.12344 0.07407 0.56042 0.51389 2 0.52917 0.53889 2 0.45573 0.56296 2 
0 0.54740 0.57870 0.08698 0.18519 0.58385 0.50370 2 0.53646 0.62593 2 0.51094 0.65833 2 
0 0.43021 0.72685 0.08333 0.07315 0.46719 0.70278 2 0.44167 0.73889 2 0.39167 0.72037 2 
0 0.35885 0.79074 0.11771 0.09907 0.40937 0.80926 2 0.36198 0.80926 2 0.30677 0.75556 2 
0 0.50313 0.88704 0.11927 0.06759 0.55729 0.90370 2 0.50781 0.89630 2 0.45312 0.86111 2 
0 0.59948 0.81111 0.09844 0.15370 0.55625 0.87685 2 0.59010 0.79815 2 0.64167 0.74352 2 
0 0.33437 0.54815 0.11406 0.14630 0.34323 0.56019 2 0.34323 0.48889 2 0.38281 0.61111 2 
0 0.31250 0.55278 0.05365 0.22037 0.29271 0.45370 2 0.31927 0.56759 2 0.33229 0.65093 2 
0 0.28385 0.50833 0.02552 0.21019 0.29271 0.45370 2 0.28281 0.52037 2 0.27708 0.41296 2 
0 0.34375 0.47778 0.02969 0.19907 0.34323 0.56019 2 0.34323 0.48889 2 0.34948 0.38611 2 
