0.0 0.633431 0.052109 0.132459 0.104219 0.692103 0.046575 2 0.642706 0.029896 2 0.575352 0.026883 2
0.0 0.439595 0.157482 0.105600 0.129132 0.401312 0.208968 2 0.435166 0.164071 2 0.484250 0.165843 2
0.0 0.455026 0.234960 0.087830 0.151822 0.466962 0.232666 2 0.451650 0.241968 2 0.484250 0.165843 2
0.0 0.469385 0.266102 0.082648 0.167730 0.466962 0.232666 2 0.451650 0.241968 2 0.445090 0.338848 2
0.0 0.514340 0.192679 0.111685 0.112802 0.466962 0.232666 2 0.511175 0.173732 2 0.562779 0.146973 2
0.0 0.528931 0.237921 0.107469 0.065191 0.481451 0.259592 2 0.506447 0.245693 2 0.576950 0.221597 2
0.0 0.515742 0.231369 0.082135 0.156624 0.494763 0.193469 2 0.511175 0.173732 2 0.542532 0.163199 2
0.0 0.624848 0.295767 0.067712 0.147891 0.599962 0.253546 2 0.624210 0.282508 2 0.655360 0.338003 2
0.0 0.626499 0.348550 0.125798 0.165821 0.681806 0.380309 2 0.649678 0.353575 2 0.655360 0.338003 2
0.0 0.692987 0.307652 0.071802 0.204810 0.681806 0.380309 2 0.701730 0.309116 2 0.675284 0.397866 2
0.0 0.719590 0.323175 0.057554 0.150174 0.715939 0.270195 2 0.701730 0.309116 2 0.709990 0.391043 2
0.0 0.757718 0.320863 0.037096 0.153120 0.760451 0.385600 2 0.754489 0.335333 2 0.754456 0.255208 2
0.0 0.816329 0.344803 0.059302 0.244352 0.813173 0.456908 2 0.828650 0.358236 2 0.813743 0.235477 2
0.0 0.807461 0.563621 0.079231 0.166400 0.832496 0.492799 2 0.820403 0.544249 2 0.786860 0.638275 2
0.0 0.659412 0.549435 0.124308 0.095893 0.606366 0.576607 2 0.660558 0.550519 2 0.711720 0.513078 2
0.0 0.573155 0.737429 0.087498 0.190654 0.537558 0.676836 2 0.567310 0.733714 2 0.549822 0.769737 2
0.0 0.524259 0.692174 0.059969 0.204094 0.501041 0.617588 2 0.522934 0.682526 2 0.549822 0.769737 2
0.0 0.501332 0.535816 0.093411 0.124390 0.464212 0.509209 2 0.487701 0.540973 2 0.543391 0.566049 2
0.0 0.435173 0.472242 0.075679 0.195404 0.464212 0.509209 2 0.433941 0.503461 2 0.432394 0.531605 2
0.0 0.454230 0.579187 0.054365 0.156725 0.475000 0.631064 2 0.454821 0.585491 2 0.432394 0.531605 2
0.0 0.414333 0.573002 0.074200 0.215866 0.382672 0.494190 2 0.433941 0.503461 2 0.432394 0.531605 2
0.0 0.429784 0.690536 0.072804 0.184162 0.458867 0.750863 2 0.432604 0.693466 2 0.401795 0.630328 2
0.0 0.361496 0.443309 0.051554 0.204716 0.358359 0.532869 2 0.359455 0.459815 2 0.375529 0.510321 2
0.0 0.399396 0.432737 0.090590 0.172376 0.425476 0.362338 2 0.384225 0.403433 2 0.405013 0.410373 2