0.0 0.316515 0.238559 0.125057 0.123114 0.281458 0.292508 2 0.307182 0.247438 2 0.353601 0.185180 2
0.0 0.617363 0.180875 0.135668 0.143670 0.561862 0.133848 2 0.610150 0.161314 2 0.614184 0.122977 2
0.0 0.648538 0.215452 0.087775 0.212857 0.686569 0.308330 2 0.651699 0.238869 2 0.614184 0.122977 2
0.0 0.669019 0.219436 0.106136 0.194555 0.686569 0.308330 2 0.651699 0.238869 2 0.678371 0.228976 2
0.0 0.627679 0.342871 0.146640 0.059563 0.565601 0.349448 2 0.623351 0.345930 2 0.691024 0.338705 2
0.0 0.836637 0.425482 0.077139 0.229449 0.810070 0.324234 2 0.835517 0.419381 2 0.867389 0.532353 2
0.0 0.619739 0.442468 0.124606 0.184700 0.673373 0.512513 2 0.617883 0.435561 2 0.566099 0.374085 2
0.0 0.741179 0.500916 0.075096 0.142264 0.759015 0.560672 2 0.760340 0.500582 2 0.712514 0.444853 2
0.0 0.689826 0.710934 0.167407 0.146211 0.636384 0.771254 2 0.710833 0.728037 2 0.743824 0.652226 2
0.0 0.544732 0.766101 0.101782 0.135831 0.567739 0.709816 2 0.560985 0.781950 2 0.526151 0.820938 2
0.0 0.389971 0.537526 0.089537 0.112565 0.355478 0.497082 2 0.394443 0.539645 2 0.361891 0.534303 2
0.0 0.316358 0.551555 0.084468 0.212504 0.326106 0.651861 2 0.316609 0.574406 2 0.284237 0.456194 2
0.0 0.366069 0.583277 0.108382 0.208300 0.355478 0.497082 2 0.397111 0.641633 2 0.361891 0.534303 2
0.0 0.395612 0.615392 0.089160 0.185138 0.434552 0.690529 2 0.397111 0.641633 2 0.361891 0.534303 2
0.0 0.451790 0.584704 0.078427 0.193284 0.423749 0.503895 2 0.471013 0.615224 2 0.483155 0.666830 2
0.0 0.456096 0.594833 0.094866 0.165485 0.417258 0.530154 2 0.471013 0.615224 2 0.497708 0.658220 2
0.0 0.355542 0.386921 0.108993 0.203304 0.367338 0.297441 2 0.354744 0.385185 2 0.344732 0.471778 2
0.0 0.397777 0.340088 0.064196 0.202735 0.416773 0.430580 2 0.399926 0.355681 2 0.404159 0.315552 2
0.0 0.426349 0.247991 0.107109 0.154126 0.408079 0.290454 2 0.420374 0.231830 2 0.411585 0.268913 2
0.0 0.458325 0.275437 0.132636 0.064824 0.408079 0.290454 2 0.459449 0.283198 2 0.411585 0.268913 2
0.0 0.433588 0.330980 0.057785 0.147173 0.449176 0.396270 2 0.432140 0.339893 2 0.411585 0.268913 2
0.0 0.484284 0.392572 0.144280 0.074502 0.550949 0.404801 2 0.499014 0.395358 2 0.421593 0.387751 2
0.0 0.512415 0.456573 0.127888 0.222201 0.530366 0.355857 2 0.499014 0.395358 2 0.497399 0.559513 2