0 0.33594 0.17037 0.09688 0.12037 0.29323 0.22315 2 0.32552 0.17870 2 0.38021 0.11852 2 
0 0.62552 0.14352 0.10312 0.14167 0.58281 0.08796 2 0.62240 0.12222 2 0.63333 0.08241 2 
0 0.64792 0.18333 0.04323 0.22315 0.66563 0.28519 2 0.64635 0.20833 2 0.63333 0.08241 2 
0 0.66615 0.18981 0.06458 0.20093 0.66563 0.28519 2 0.64635 0.20833 2 0.67292 0.20093 2 
0 0.60469 0.31481 0.13021 0.04815 0.54583 0.31481 2 0.60000 0.31759 2 0.66406 0.31759 2 
0 0.78281 0.42500 0.02969 0.24259 0.77708 0.31574 2 0.78281 0.41852 2 0.79115 0.54074 2 
0 0.57865 0.41852 0.08438 0.18796 0.61510 0.49815 2 0.57812 0.41111 2 0.54167 0.34074 2 
0 0.68021 0.49352 0.04479 0.14722 0.68542 0.55833 2 0.69792 0.49537 2 0.66406 0.43148 2 
0 0.59323 0.70833 0.13333 0.14074 0.53229 0.76574 2 0.60938 0.72870 2 0.65417 0.65278 2 
0 0.44844 0.75000 0.07187 0.13704 0.48021 0.69352 2 0.46042 0.76852 2 0.42083 0.80556 2 
0 0.34792 0.49259 0.06458 0.11296 0.32344 0.44630 2 0.35156 0.49537 2 0.32240 0.48611 2 
0 0.27708 0.49907 0.04010 0.22315 0.26719 0.60556 2 0.27292 0.52315 2 0.26510 0.39537 2 
0 0.31719 0.53796 0.06406 0.21574 0.32344 0.44630 2 0.33490 0.60278 2 0.32240 0.48611 2 
0 0.33854 0.57500 0.05000 0.19259 0.36042 0.65833 2 0.33490 0.60278 2 0.32240 0.48611 2 
0 0.39635 0.54907 0.03802 0.20278 0.38542 0.46111 2 0.40833 0.58333 2 0.40990 0.63889 2 
0 0.39844 0.56019 0.05937 0.17037 0.37448 0.48796 2 0.40833 0.58333 2 0.42500 0.63148 2 
0 0.34427 0.33056 0.06563 0.21019 0.37188 0.23796 2 0.34375 0.32870 2 0.31823 0.41852 2 
0 0.39219 0.28611 0.02240 0.21481 0.39271 0.38333 2 0.39115 0.30278 2 0.40260 0.26111 2 
0 0.43594 0.19259 0.07344 0.15648 0.41094 0.23519 2 0.43333 0.17500 2 0.41823 0.21296 2 
0 0.46042 0.22500 0.11563 0.05556 0.41094 0.23519 2 0.45990 0.23333 2 0.41823 0.21296 2 
0 0.42708 0.28056 0.02708 0.15463 0.42917 0.35093 2 0.42396 0.28981 2 0.41823 0.21296 2 
0 0.46250 0.35093 0.12500 0.06481 0.52187 0.37130 2 0.47552 0.35556 2 0.40521 0.33889 2 
0 0.47656 0.42130 0.08021 0.22870 0.51198 0.31759 2 0.47552 0.35556 2 0.44323 0.52778 2 
