0.0 0.531337 0.064696 0.106297 0.129391 0.486973 0.078027 2 0.525773 0.037296 2 0.488739 0.044144 2
0.0 0.646595 0.086649 0.128228 0.172185 0.654847 0.111644 2 0.631466 0.097098 2 0.703583 0.074728 2
0.0 0.564731 0.251054 0.087017 0.182531 0.562914 0.179002 2 0.579320 0.271018 2 0.572936 0.326748 2
0.0 0.567586 0.263083 0.124513 0.109270 0.619581 0.298588 2 0.579320 0.271018 2 0.514909 0.232090 2
0.0 0.708203 0.130178 0.132732 0.128145 0.654847 0.111644 2 0.706642 0.121945 2 0.764831 0.167822 2
0.0 0.772967 0.143522 0.126806 0.141687 0.816603 0.197471 2 0.774902 0.130221 2 0.764831 0.167822 2
0.0 0.789545 0.345410 0.143343 0.164050 0.738752 0.349779 2 0.760781 0.333926 2 0.772676 0.370386 2
0.0 0.816207 0.331697 0.121672 0.204122 0.837806 0.413486 2 0.815288 0.306358 2 0.797999 0.246956 2
0.0 0.755701 0.346072 0.059179 0.082831 0.738752 0.349779 2 0.760781 0.333926 2 0.772676 0.370386 2
0.0 0.796185 0.488149 0.076221 0.194867 0.803091 0.415415 2 0.805822 0.480861 2 0.791149 0.576297 2
0.0 0.718793 0.513482 0.112080 0.182995 0.767433 0.488657 2 0.732432 0.537441 2 0.673214 0.541592 2
0.0 0.644081 0.496324 0.109687 0.134392 0.690074 0.494648 2 0.657143 0.510667 2 0.673214 0.541592 2
0.0 0.549789 0.417322 0.090656 0.185614 0.558525 0.497979 2 0.557735 0.429205 2 0.546872 0.342699 2
0.0 0.493393 0.520189 0.134243 0.143249 0.435528 0.501440 2 0.482998 0.522704 2 0.554942 0.537114 2
0.0 0.482294 0.631825 0.134494 0.163570 0.523649 0.695330 2 0.482224 0.636561 2 0.440229 0.568191 2
0.0 0.435198 0.394989 0.061505 0.169682 0.418091 0.459462 2 0.431531 0.402873 2 0.459110 0.337195 2
0.0 0.369480 0.250967 0.070981 0.200809 0.391834 0.170934 2 0.361721 0.261681 2 0.360542 0.341144 2
0.0 0.408129 0.215673 0.065146 0.123722 0.389367 0.248619 2 0.406419 0.212869 2 0.433431 0.192924 2
0.0 0.457127 0.107910 0.087648 0.195710 0.425754 0.167553 2 0.453308 0.121231 2 0.488739 0.044144 2
0.0 0.443354 0.250049 0.076448 0.201068 0.478346 0.179297 2 0.444646 0.241851 2 0.410883 0.319116 2
0.0 0.407069 0.364383 0.083405 0.193577 0.377099 0.427723 2 0.401800 0.369364 2 0.410883 0.319116 2