0.0 0.590560 0.239364 0.073810 0.184720 0.558541 0.164090 2 0.596719 0.240416 2 0.619733 0.306885 2
0.0 0.270286 0.166100 0.112729 0.127145 0.283774 0.216754 2 0.265928 0.170942 2 0.305802 0.123317 2
0.0 0.300709 0.292769 0.053228 0.174777 0.283774 0.216754 2 0.290950 0.288475 2 0.319876 0.371099 2
0.0 0.344997 0.257050 0.118574 0.095177 0.384745 0.218230 2 0.343785 0.258010 2 0.300826 0.290062 2
0.0 0.294165 0.448189 0.055306 0.218758 0.279896 0.351548 2 0.290239 0.436190 2 0.309339 0.537558 2
0.0 0.354820 0.470814 0.062599 0.184370 0.329841 0.396547 2 0.350039 0.465973 2 0.379057 0.545943 2
0.0 0.399211 0.379382 0.140213 0.096653 0.461672 0.398222 2 0.408629 0.390690 2 0.335564 0.361451 2
0.0 0.448023 0.369689 0.059149 0.191717 0.461672 0.398222 2 0.436896 0.365533 2 0.441667 0.283689 2
0.0 0.494673 0.510511 0.070694 0.191249 0.492313 0.592943 2 0.483457 0.522291 2 0.499349 0.427741 2
0.0 0.245186 0.396899 0.058262 0.220791 0.266525 0.490911 2 0.237087 0.401267 2 0.226120 0.295478 2
0.0 0.222894 0.362176 0.087997 0.242027 0.214518 0.470893 2 0.237087 0.401267 2 0.226120 0.295478 2
0.0 0.504899 0.760486 0.114704 0.080174 0.461823 0.788071 2 0.497795 0.748820 2 0.549481 0.743237 2
0.0 0.574028 0.628362 0.108902 0.076971 0.618541 0.630579 2 0.598902 0.615018 2 0.524258 0.614240 2
0.0 0.597488 0.624949 0.075180 0.146255 0.581231 0.686769 2 0.598902 0.615018 2 0.609252 0.563507 2
0.0 0.629497 0.600267 0.067816 0.225261 0.618541 0.630579 2 0.634932 0.609360 2 0.609252 0.563507 2
0.0 0.639472 0.406466 0.062448 0.180064 0.653372 0.480067 2 0.640434 0.396594 2 0.619087 0.338777 2
0.0 0.575722 0.338212 0.057321 0.149478 0.554854 0.280294 2 0.576955 0.333609 2 0.597697 0.400322 2
0.0 0.584093 0.431898 0.061180 0.190222 0.594432 0.512948 2 0.591582 0.429273 2 0.593994 0.446695 2
0.0 0.559018 0.390409 0.085247 0.144776 0.523458 0.339388 2 0.591582 0.429273 2 0.593994 0.446695 2
0.0 0.537767 0.220310 0.068738 0.067481 0.560699 0.232812 2 0.529538 0.223804 2 0.509417 0.204762 2
0.0 0.455695 0.172595 0.101457 0.119923 0.498898 0.208543 2 0.465443 0.209512 2 0.408651 0.131655 2
0.0 0.461827 0.200223 0.077702 0.203163 0.492046 0.285313 2 0.465443 0.209512 2 0.428573 0.112709 2