0 0.45365 0.01667 0.11094 0.02778 0.49948 0.00833 2 0.45625 0.01481 2 0.40521 0.02315 2 
0 0.56458 0.09722 0.10990 0.03519 0.61510 0.09722 2 0.56719 0.09537 2 0.51562 0.10741 2 
0 0.58698 0.15926 0.11875 0.05278 0.53385 0.15000 2 0.57708 0.15741 2 0.64219 0.17593 2 
0 0.60677 0.20278 0.09792 0.06574 0.56406 0.20741 2 0.60208 0.20833 2 0.65417 0.18241 2 
0 0.65469 0.34167 0.03125 0.19259 0.66042 0.25833 2 0.65625 0.33333 2 0.65000 0.42778 2 
0 0.73333 0.23333 0.08958 0.14722 0.77292 0.29537 2 0.72813 0.25278 2 0.69792 0.17315 2 
0 0.68958 0.63611 0.13802 0.13519 0.62760 0.69167 2 0.69271 0.64352 2 0.75156 0.58056 2 
0 0.39479 0.24630 0.11354 0.10278 0.44792 0.20556 2 0.39844 0.29352 2 0.37031 0.23241 2 
0 0.40729 0.29074 0.08594 0.13519 0.44375 0.35093 2 0.39844 0.29352 2 0.37031 0.23241 2 
0 0.42240 0.22870 0.04219 0.21296 0.41354 0.32315 2 0.41510 0.26574 2 0.43750 0.13241 2 
0 0.41927 0.50278 0.10052 0.15556 0.46354 0.43611 2 0.42083 0.51019 2 0.37708 0.57037 2 
0 0.47969 0.53796 0.11302 0.08611 0.52917 0.57037 2 0.47604 0.53148 2 0.43333 0.50648 2 
0 0.49427 0.58333 0.14375 0.05463 0.52917 0.57037 2 0.48385 0.59259 2 0.55781 0.60556 2 
0 0.29844 0.30648 0.05000 0.16759 0.30000 0.36852 2 0.30833 0.31111 2 0.31719 0.23241 2 
0 0.28437 0.40926 0.03958 0.24259 0.30000 0.36852 2 0.27865 0.43796 2 0.28437 0.30000 2 
0 0.32760 0.43333 0.08021 0.17407 0.30000 0.36852 2 0.30938 0.44352 2 0.36354 0.50000 2 
0 0.28854 0.52037 0.05625 0.13426 0.31250 0.53611 2 0.27604 0.53519 2 0.27031 0.46389 2 
0 0.34063 0.59352 0.07865 0.14630 0.35625 0.57778 2 0.32656 0.59815 2 0.36719 0.65648 2 
0 0.36615 0.74444 0.07917 0.17315 0.39948 0.82130 2 0.38333 0.69630 2 0.33490 0.67037 2 
0 0.38750 0.68426 0.08802 0.12315 0.42396 0.73796 2 0.41823 0.70833 2 0.36719 0.65648 2 
0 0.41458 0.70093 0.07448 0.12407 0.44479 0.75093 2 0.41823 0.70833 2 0.38698 0.65278 2 
0 0.57917 0.80648 0.10260 0.07685 0.62500 0.80926 2 0.57552 0.82870 2 0.53385 0.78148 2 
0 0.39583 0.60093 0.09583 0.07593 0.35625 0.57778 2 0.39010 0.61667 2 0.37708 0.57037 2 
