0.0 0.513020 0.021300 0.109380 0.041670 0.467189 0.005560 2 0.501039 0.025000 2 0.561459 0.025930 2
0.0 0.365100 0.110190 0.101560 0.085190 0.374479 0.142590 2 0.357289 0.110190 2 0.409899 0.082410 2
0.0 0.353130 0.220370 0.057810 0.185190 0.374479 0.142590 2 0.341669 0.215740 2 0.328129 0.302780 2
0.0 0.266150 0.290740 0.057810 0.139810 0.253649 0.235190 2 0.246349 0.311110 2 0.289579 0.340740 2
0.0 0.425000 0.200930 0.086460 0.120370 0.461979 0.153700 2 0.432289 0.230560 2 0.387499 0.243520 2
0.0 0.482290 0.152780 0.111980 0.064810 0.461979 0.153700 2 0.489579 0.145370 2 0.429689 0.132410 2
0.0 0.586980 0.231480 0.103120 0.148150 0.543749 0.172220 2 0.572919 0.227780 2 0.605209 0.289810 2
0.0 0.580730 0.274070 0.028650 0.227780 0.580209 0.380560 2 0.572919 0.227780 2 0.569789 0.172220 2
0.0 0.568230 0.324070 0.095310 0.097220 0.526559 0.361110 2 0.554689 0.338890 2 0.605209 0.289810 2
0.0 0.536980 0.414810 0.090100 0.200930 0.497919 0.335190 2 0.524999 0.403700 2 0.571879 0.506480 2
0.0 0.377080 0.527780 0.102600 0.136110 0.329689 0.475930 2 0.358859 0.538890 2 0.422399 0.585190 2
0.0 0.359380 0.681480 0.036460 0.185190 0.361979 0.602780 2 0.353649 0.666670 2 0.365629 0.766670 2
0.0 0.529170 0.660190 0.108330 0.095370 0.481249 0.624070 2 0.519269 0.668520 2 0.571879 0.693520 2
0.0 0.467710 0.696300 0.133850 0.070370 0.524999 0.715740 2 0.477609 0.713890 2 0.407809 0.673150 2
0.0 0.568750 0.717590 0.091150 0.130560 0.529689 0.770370 2 0.557289 0.737960 2 0.583849 0.736110 2
0.0 0.483330 0.782410 0.092710 0.068520 0.445829 0.761110 2 0.477079 0.790740 2 0.523439 0.803700 2
0.0 0.597920 0.799070 0.081770 0.147220 0.565629 0.855560 2 0.557289 0.737960 2 0.583849 0.736110 2
0.0 0.663540 0.625930 0.110420 0.070370 0.615099 0.603700 2 0.657809 0.637960 2 0.686979 0.611110 2
0.0 0.684380 0.572220 0.052600 0.232410 0.664579 0.678700 2 0.690099 0.495370 2 0.686979 0.611110 2
0.0 0.685420 0.523150 0.029690 0.195370 0.678649 0.438890 2 0.690099 0.495370 2 0.686979 0.611110 2
0.0 0.658850 0.500000 0.040630 0.200930 0.665629 0.407410 2 0.669789 0.495370 2 0.647919 0.577780 2
0.0 0.632290 0.499070 0.028130 0.178700 0.621879 0.420370 2 0.633859 0.492590 2 0.637499 0.580560 2
0.0 0.711460 0.364810 0.047920 0.189810 0.729169 0.450930 2 0.706249 0.367590 2 0.693749 0.285190 2
0.0 0.672920 0.310190 0.046880 0.220370 0.657809 0.210190 2 0.681249 0.302780 2 0.685939 0.412960 2
0.0 0.617190 0.698150 0.078650 0.086110 0.647919 0.674070 2 0.630209 0.711110 2 0.583849 0.736110 2