0 0.48698 0.02130 0.10938 0.04167 0.53229 0.00556 2 0.49844 0.02500 2 0.43802 0.02593 2 
0 0.63490 0.11019 0.10156 0.08519 0.62500 0.14259 2 0.64219 0.11019 2 0.58958 0.08241 2 
0 0.64687 0.22037 0.05781 0.18519 0.62500 0.14259 2 0.65781 0.21574 2 0.67135 0.30278 2 
0 0.73385 0.29074 0.05781 0.13981 0.74583 0.23519 2 0.75313 0.31111 2 0.70990 0.34074 2 
0 0.57500 0.20093 0.08646 0.12037 0.53750 0.15370 2 0.56719 0.23056 2 0.61198 0.24352 2 
0 0.51771 0.15278 0.11198 0.06481 0.53750 0.15370 2 0.50990 0.14537 2 0.56979 0.13241 2 
0 0.41302 0.23148 0.10312 0.14815 0.45573 0.17222 2 0.42656 0.22778 2 0.39427 0.28981 2 
0 0.41927 0.27407 0.02865 0.22778 0.41927 0.38056 2 0.42656 0.22778 2 0.42969 0.17222 2 
0 0.43177 0.32407 0.09531 0.09722 0.47292 0.36111 2 0.44479 0.33889 2 0.39427 0.28981 2 
0 0.46302 0.41481 0.09010 0.20093 0.50156 0.33519 2 0.47448 0.40370 2 0.42760 0.50648 2 
0 0.62292 0.52778 0.10260 0.13611 0.66979 0.47593 2 0.64062 0.53889 2 0.57708 0.58519 2 
0 0.64062 0.68148 0.03646 0.18519 0.63750 0.60278 2 0.64583 0.66667 2 0.63385 0.76667 2 
0 0.47083 0.66019 0.10833 0.09537 0.51823 0.62407 2 0.48021 0.66852 2 0.42760 0.69352 2 
0 0.53229 0.69630 0.13385 0.07037 0.47448 0.71574 2 0.52187 0.71389 2 0.59167 0.67315 2 
0 0.43125 0.71759 0.09115 0.13056 0.46979 0.77037 2 0.44219 0.73796 2 0.41563 0.73611 2 
0 0.51667 0.78241 0.09271 0.06852 0.55365 0.76111 2 0.52240 0.79074 2 0.47604 0.80370 2 
0 0.40208 0.79907 0.08177 0.14722 0.43385 0.85556 2 0.44219 0.73796 2 0.41563 0.73611 2 
0 0.33646 0.62593 0.11042 0.07037 0.38438 0.60370 2 0.34167 0.63796 2 0.31250 0.61111 2 
0 0.31562 0.57222 0.05260 0.23241 0.33490 0.67870 2 0.30938 0.49537 2 0.31250 0.61111 2 
0 0.31458 0.52315 0.02969 0.19537 0.32083 0.43889 2 0.30938 0.49537 2 0.31250 0.61111 2 
0 0.34115 0.50000 0.04063 0.20093 0.33385 0.40741 2 0.32969 0.49537 2 0.35156 0.57778 2 
0 0.36771 0.49907 0.02813 0.17870 0.37760 0.42037 2 0.36562 0.49259 2 0.36198 0.58056 2 
0 0.28854 0.36481 0.04792 0.18981 0.27031 0.45093 2 0.29323 0.36759 2 0.30573 0.28519 2 
0 0.32708 0.31019 0.04688 0.22037 0.34167 0.21019 2 0.31823 0.30278 2 0.31354 0.41296 2 
0 0.38281 0.69815 0.07865 0.08611 0.35156 0.67407 2 0.36927 0.71111 2 0.41563 0.73611 2 
