0.0 0.454628 0.135593 0.057967 0.129330 0.457536 0.172803 2 0.471806 0.114616 2 0.442648 0.190783 2
0.0 0.522978 0.174312 0.097043 0.123622 0.488600 0.131981 2 0.525988 0.153093 2 0.557827 0.218539 2
0.0 0.475782 0.251382 0.069718 0.178764 0.451792 0.320589 2 0.466734 0.245135 2 0.497356 0.327885 2
0.0 0.612118 0.211989 0.097813 0.129412 0.653590 0.268339 2 0.627858 0.171937 2 0.577344 0.165840 2
0.0 0.632663 0.188927 0.104477 0.160396 0.593673 0.124794 2 0.627858 0.171937 2 0.673328 0.252030 2
0.0 0.608332 0.379796 0.051536 0.230536 0.602431 0.278566 2 0.618948 0.359147 2 0.612028 0.481131 2
0.0 0.526097 0.571641 0.035970 0.237421 0.527426 0.467173 2 0.529937 0.557083 2 0.528117 0.674022 2
0.0 0.559341 0.741420 0.091390 0.160702 0.600588 0.677095 2 0.572348 0.743647 2 0.528117 0.674022 2
0.0 0.464398 0.670508 0.068283 0.212217 0.492584 0.577149 2 0.464107 0.663822 2 0.437490 0.759018 2
0.0 0.358789 0.874064 0.087053 0.077152 0.395814 0.848266 2 0.359513 0.883609 2 0.324794 0.849909 2
0.0 0.319148 0.928874 0.099664 0.142252 0.355832 1.006382 2 0.359513 0.883609 2 0.283606 0.884536 2
0.0 0.278345 0.823497 0.139328 0.074019 0.214628 0.805620 2 0.261952 0.837727 2 0.324794 0.849909 2
0.0 0.245634 0.794486 0.063074 0.218659 0.262468 0.880805 2 0.242095 0.787001 2 0.231482 0.709000 2
0.0 0.287747 0.693724 0.088886 0.180686 0.324999 0.620021 2 0.295467 0.705794 2 0.254724 0.771048 2
0.0 0.223264 0.695992 0.032267 0.170185 0.223277 0.625116 2 0.222280 0.678811 2 0.231482 0.709000 2
0.0 0.179984 0.531505 0.048460 0.221765 0.164030 0.632873 2 0.182559 0.535216 2 0.187661 0.628824 2
0.0 0.228423 0.549198 0.091081 0.180796 0.266360 0.471633 2 0.229808 0.541466 2 0.187661 0.628824 2
0.0 0.292418 0.447340 0.039080 0.205013 0.305905 0.352794 2 0.290156 0.435002 2 0.280038 0.540864 2
0.0 0.273241 0.280684 0.106057 0.215071 0.305905 0.352794 2 0.270037 0.264566 2 0.238532 0.359045 2
0.0 0.289567 0.281780 0.115828 0.171505 0.305905 0.352794 2 0.270037 0.264566 2 0.238532 0.359045 2
0.0 0.341890 0.311723 0.108458 0.164422 0.390468 0.241290 2 0.351770 0.310279 2 0.293273 0.383125 2
0.0 0.328916 0.434971 0.033657 0.177919 0.328046 0.513561 2 0.327781 0.435993 2 0.329747 0.357351 2
0.0 0.366143 0.432145 0.103640 0.082772 0.410992 0.457686 2 0.327781 0.435993 2 0.320923 0.401849 2
0.0 0.415952 0.414330 0.081954 0.212902 0.451792 0.320589 2 0.424147 0.386148 2 0.385608 0.506840 2