0 0.40885 0.05278 0.11354 0.10000 0.36042 0.09352 2 0.40417 0.04722 2 0.45625 0.01019 2 
0 0.58698 0.02500 0.11823 0.04907 0.53750 0.01019 2 0.58385 0.01481 2 0.63646 0.03796 2 
0 0.64427 0.11574 0.10677 0.14722 0.62656 0.15741 2 0.65000 0.10833 2 0.69010 0.17778 2 
0 0.72083 0.19815 0.07760 0.14630 0.75469 0.26019 2 0.72188 0.20556 2 0.69010 0.17778 2 
0 0.73438 0.38056 0.02708 0.17500 0.73646 0.30278 2 0.74167 0.38241 2 0.72500 0.46019 2 
0 0.60938 0.35926 0.02552 0.23333 0.61094 0.25556 2 0.61094 0.34352 2 0.61250 0.46111 2 
0 0.58177 0.33981 0.04948 0.19537 0.56302 0.26019 2 0.58385 0.33519 2 0.59948 0.42130 2 
0 0.52552 0.25648 0.09740 0.17222 0.56302 0.26019 2 0.52187 0.25093 2 0.48594 0.32593 2 
0 0.57812 0.13519 0.11823 0.06481 0.62656 0.15741 2 0.57865 0.14259 2 0.52396 0.11759 2 
0 0.53490 0.08333 0.10677 0.03796 0.48854 0.09259 2 0.53906 0.08519 2 0.58542 0.07500 2 
0 0.43125 0.16574 0.10000 0.13796 0.42760 0.19259 2 0.45573 0.22130 2 0.39271 0.12315 2 
0 0.43906 0.21944 0.05573 0.14259 0.42760 0.19259 2 0.45573 0.22130 2 0.41667 0.27778 2 
0 0.40313 0.25000 0.07187 0.15556 0.42760 0.19259 2 0.39948 0.23611 2 0.40417 0.26296 2 
0 0.39062 0.33981 0.03854 0.18704 0.38125 0.41852 2 0.39375 0.33333 2 0.40417 0.26296 2 
0 0.46458 0.35000 0.10625 0.07500 0.41406 0.37870 2 0.46615 0.35000 2 0.42083 0.32315 2 
0 0.41927 0.45741 0.03073 0.19815 0.41406 0.37870 2 0.42500 0.44259 2 0.41823 0.54259 2 
0 0.35156 0.42407 0.09010 0.15741 0.32135 0.40370 2 0.32240 0.48148 2 0.31250 0.47593 2 
0 0.32344 0.49074 0.02396 0.20370 0.32135 0.40370 2 0.32240 0.48148 2 0.32240 0.57593 2 
0 0.31250 0.61574 0.05417 0.21944 0.30156 0.52037 2 0.29740 0.60093 2 0.33333 0.71296 2 
0 0.27396 0.51759 0.03542 0.18519 0.28177 0.58611 2 0.28177 0.52315 2 0.26146 0.43333 2 
0 0.42031 0.80093 0.10208 0.09537 0.46563 0.82593 2 0.41771 0.80556 2 0.37552 0.77037 2 
0 0.44740 0.83981 0.10417 0.16296 0.49271 0.90556 2 0.45990 0.85833 2 0.40365 0.76852 2 
0 0.49531 0.70463 0.03906 0.17778 0.48594 0.62778 2 0.50417 0.69352 2 0.50104 0.77593 2 
