0.0 0.248164 0.172581 0.069742 0.194113 0.277314 0.089008 2 0.254379 0.148774 2 0.215336 0.259242 2
0.0 0.266977 0.206676 0.060008 0.172169 0.289966 0.235750 2 0.254379 0.148774 2 0.287292 0.131201 2
0.0 0.331871 0.150844 0.102888 0.201810 0.342595 0.165417 2 0.322389 0.162936 2 0.331556 0.069946 2
0.0 0.403535 0.160976 0.135983 0.061472 0.342595 0.165417 2 0.392025 0.155349 2 0.464793 0.162502 2
0.0 0.386615 0.241318 0.055567 0.231271 0.410211 0.139130 2 0.392025 0.155349 2 0.369440 0.348337 2
0.0 0.385628 0.042640 0.113002 0.085280 0.430499 -0.026166 2 0.388166 0.020238 2 0.331556 0.069946 2
0.0 0.487738 0.055882 0.096240 0.111763 0.525440 0.094930 2 0.498628 0.020566 2 0.513791 0.076459 2
0.0 0.629366 0.052503 0.102968 0.105006 0.607668 0.090005 2 0.628113 0.047086 2 0.584063 -0.009110 2
0.0 0.562953 0.095002 0.103112 0.063650 0.607668 0.090005 2 0.563571 0.108825 2 0.535680 0.072974 2
0.0 0.622963 0.141927 0.097315 0.092130 0.618069 0.171678 2 0.650941 0.173846 2 0.612998 0.135283 2
0.0 0.559559 0.144421 0.085399 0.155988 0.585565 0.210941 2 0.572145 0.128360 2 0.579076 0.170625 2
0.0 0.647898 0.174885 0.083358 0.100675 0.618069 0.171678 2 0.650941 0.173846 2 0.612998 0.135283 2
0.0 0.646815 0.232147 0.070152 0.172411 0.618069 0.171678 2 0.646479 0.225273 2 0.670199 0.301682 2
0.0 0.716269 0.322270 0.043111 0.238872 0.724390 0.430667 2 0.710231 0.338234 2 0.705382 0.220904 2
0.0 0.603851 0.556880 0.043150 0.185581 0.587334 0.640189 2 0.614614 0.624744 2 0.616001 0.483582 2
0.0 0.584285 0.531681 0.068107 0.263151 0.602727 0.651674 2 0.583989 0.541582 2 0.560264 0.611236 2
0.0 0.600182 0.616175 0.091790 0.057454 0.587334 0.640189 2 0.614614 0.624744 2 0.560264 0.611236 2
0.0 0.594422 0.714019 0.070697 0.119132 0.567886 0.738359 2 0.608877 0.740344 2 0.622910 0.672904 2
0.0 0.497238 0.856475 0.112729 0.154668 0.451215 0.925694 2 0.487985 0.860663 2 0.543966 0.797157 2
0.0 0.355521 0.795702 0.108738 0.138788 0.311514 0.737569 2 0.347280 0.799878 2 0.398879 0.857854 2
0.0 0.492758 0.488470 0.123282 0.096693 0.441231 0.518342 2 0.495843 0.467701 2 0.547841 0.456591 2
0.0 0.578950 0.340351 0.131376 0.041622 0.521185 0.339781 2 0.563640 0.343703 2 0.634839 0.334107 2
0.0 0.541817 0.254392 0.136737 0.106884 0.483455 0.220284 2 0.535943 0.264426 2 0.599360 0.279689 2
0.0 0.474432 0.327059 0.103290 0.088329 0.432189 0.296510 2 0.473453 0.325135 2 0.517987 0.363541 2