0.0 0.639060 0.106480 0.102600 0.147220 0.682289 0.170370 2 0.645829 0.105560 2 0.596879 0.042590 2
0.0 0.655210 0.212960 0.042710 0.181480 0.669789 0.289810 2 0.664579 0.215740 2 0.638019 0.140740 2
0.0 0.547400 0.222220 0.034380 0.187040 0.544789 0.303700 2 0.539579 0.214810 2 0.557289 0.140740 2
0.0 0.555210 0.332410 0.042190 0.204630 0.544789 0.303700 2 0.553649 0.352780 2 0.571359 0.245370 2
0.0 0.529170 0.358330 0.125000 0.061110 0.471359 0.358330 2 0.521879 0.368520 2 0.584379 0.353700 2
0.0 0.698960 0.300000 0.051040 0.204630 0.712499 0.380560 2 0.689579 0.358330 2 0.681249 0.258330 2
0.0 0.726560 0.462960 0.028130 0.214810 0.712499 0.380560 2 0.721879 0.475000 2 0.720309 0.375000 2
0.0 0.692710 0.346300 0.032810 0.212040 0.701039 0.443520 2 0.689579 0.358330 2 0.681249 0.258330 2
0.0 0.688020 0.488890 0.029170 0.226850 0.701039 0.443520 2 0.688019 0.508330 2 0.674479 0.525930 2
0.0 0.667190 0.448150 0.029690 0.205560 0.657809 0.353700 2 0.664059 0.420370 2 0.674479 0.525930 2
0.0 0.571880 0.667590 0.110940 0.115740 0.520829 0.712960 2 0.567709 0.687960 2 0.519789 0.678700 2
0.0 0.573960 0.766670 0.096880 0.093520 0.529169 0.770370 2 0.575519 0.798150 2 0.616149 0.745370 2
0.0 0.496350 0.850930 0.093230 0.130560 0.456249 0.901850 2 0.481249 0.843520 2 0.527609 0.795370 2
0.0 0.521350 0.596300 0.017710 0.185190 0.519269 0.520370 2 0.520829 0.596300 2 0.519789 0.678700 2
0.0 0.388540 0.284260 0.113540 0.092590 0.339059 0.317590 2 0.371879 0.283330 2 0.439059 0.253700 2
0.0 0.397400 0.184260 0.109900 0.083330 0.440629 0.160190 2 0.411459 0.173150 2 0.407809 0.203700 2
0.0 0.345310 0.227780 0.133850 0.095370 0.285419 0.264810 2 0.325519 0.245370 2 0.294269 0.220370 2
0.0 0.266150 0.319440 0.089060 0.237960 0.227079 0.427780 2 0.246349 0.325930 2 0.294269 0.220370 2
0.0 0.308330 0.451850 0.044270 0.216670 0.311459 0.386110 2 0.302599 0.456480 2 0.290109 0.535190 2
0.0 0.342190 0.454630 0.077600 0.183330 0.311459 0.386110 2 0.329169 0.460190 2 0.324999 0.495370 2
0.0 0.378130 0.547220 0.111980 0.133330 0.419789 0.599070 2 0.370309 0.581480 2 0.324999 0.495370 2