0.0 0.551209 0.241584 0.121635 0.056982 0.496761 0.243659 2 0.544883 0.234544 2 0.609335 0.250973 2
0.0 0.294581 0.377670 0.031574 0.204671 0.304989 0.464346 2 0.295075 0.396160 2 0.286300 0.290323 2
0.0 0.301378 0.415170 0.053191 0.182843 0.320553 0.341554 2 0.312018 0.383086 2 0.283262 0.489851 2
0.0 0.238084 0.346376 0.055920 0.224535 0.218877 0.439368 2 0.230661 0.360402 2 0.258895 0.250821 2
0.0 0.251557 0.488572 0.040035 0.210100 0.263026 0.567991 2 0.248876 0.506751 2 0.239032 0.402660 2
0.0 0.281844 0.673861 0.073830 0.195904 0.309702 0.758551 2 0.286025 0.701909 2 0.252928 0.599227 2
0.0 0.415579 0.670342 0.117066 0.154108 0.465829 0.654090 2 0.403951 0.675674 2 0.444683 0.657554 2
0.0 0.463022 0.738514 0.037394 0.208003 0.465829 0.654090 2 0.471487 0.734759 2 0.457030 0.830957 2
0.0 0.481460 0.770697 0.129563 0.059595 0.539574 0.786529 2 0.487274 0.773137 2 0.426508 0.760748 2
0.0 0.489862 0.797304 0.105899 0.113432 0.539574 0.786529 2 0.495676 0.799735 2 0.490854 0.831496 2
0.0 0.476981 0.897336 0.058949 0.154874 0.457839 0.957188 2 0.495469 0.905609 2 0.490854 0.831496 2
0.0 0.398616 0.428346 0.057433 0.188785 0.380493 0.506716 2 0.393270 0.460078 2 0.390685 0.427594 2
0.0 0.449375 0.420414 0.130682 0.087321 0.510178 0.409797 2 0.461512 0.432671 2 0.390685 0.427594 2
0.0 0.477781 0.487642 0.109535 0.084331 0.529092 0.468738 2 0.487827 0.489570 2 0.437046 0.509474 2
0.0 0.434254 0.581001 0.029421 0.182371 0.427537 0.503941 2 0.437476 0.559240 2 0.444683 0.657554 2
0.0 0.631324 0.355311 0.135535 0.141179 0.600171 0.339393 2 0.619119 0.380845 2 0.626564 0.362229 2
0.0 0.658224 0.388320 0.039011 0.225647 0.645202 0.286707 2 0.649264 0.373655 2 0.658591 0.472175 2
0.0 0.622230 0.412432 0.062184 0.185571 0.600171 0.339393 2 0.625844 0.460693 2 0.626564 0.362229 2
0.0 0.621120 0.440866 0.027314 0.189522 0.619913 0.519963 2 0.625844 0.460693 2 0.626564 0.362229 2
0.0 0.723533 0.506122 0.044211 0.181966 0.741881 0.586203 2 0.722971 0.525423 2 0.728916 0.458785 2
0.0 0.722334 0.579667 0.028011 0.276118 0.725260 0.704288 2 0.725440 0.612225 2 0.728916 0.458785 2