0 0.59167 0.16481 0.11979 0.04537 0.53802 0.17222 2 0.58542 0.15833 2 0.64896 0.16852 2 
0 0.33906 0.32685 0.03073 0.20278 0.34948 0.41296 2 0.33958 0.34537 2 0.33073 0.23981 2 
0 0.34583 0.36389 0.05208 0.17870 0.36458 0.28796 2 0.35625 0.33056 2 0.32812 0.44074 2 
0 0.28333 0.30093 0.05469 0.22037 0.26458 0.39630 2 0.27604 0.31574 2 0.30365 0.20278 2 
0 0.29688 0.44259 0.03906 0.20741 0.30833 0.52130 2 0.29427 0.46111 2 0.28437 0.35741 2 
0 0.32708 0.62593 0.07240 0.18981 0.35469 0.70833 2 0.33125 0.65370 2 0.29844 0.55370 2 
0 0.45885 0.60926 0.11510 0.14352 0.50833 0.58796 2 0.44740 0.61574 2 0.48750 0.59352 2 
0 0.50573 0.67315 0.03646 0.20556 0.50833 0.58796 2 0.51406 0.66852 2 0.50000 0.76667 2 
0 0.52396 0.70370 0.12760 0.04722 0.58125 0.71389 2 0.52969 0.70556 2 0.46979 0.69907 2 
0 0.53229 0.72963 0.10417 0.10370 0.58125 0.71389 2 0.53802 0.73148 2 0.53333 0.76389 2 
0 0.51979 0.83148 0.05781 0.15000 0.50104 0.89352 2 0.53802 0.83796 2 0.53333 0.76389 2 
0 0.44167 0.36759 0.05625 0.18426 0.42396 0.44815 2 0.43646 0.40000 2 0.43385 0.36759 2 
0 0.49167 0.35463 0.12865 0.07500 0.55156 0.33796 2 0.50365 0.36574 2 0.43385 0.36759 2 
0 0.51979 0.41944 0.10781 0.07407 0.57031 0.39537 2 0.52969 0.42037 2 0.47969 0.44537 2 
0 0.47708 0.51759 0.02865 0.18056 0.47031 0.44074 2 0.48021 0.49537 2 0.48750 0.59352 2 
0 0.67083 0.27130 0.13333 0.12870 0.64010 0.25833 2 0.65885 0.29815 2 0.66615 0.27870 2 
0 0.69740 0.30185 0.03802 0.22315 0.68437 0.20093 2 0.68854 0.28796 2 0.69792 0.38611 2 
0 0.66198 0.32963 0.06094 0.18056 0.64010 0.25833 2 0.66563 0.37778 2 0.66615 0.27870 2 
0 0.66094 0.35833 0.02656 0.18796 0.65990 0.43796 2 0.66563 0.37778 2 0.66615 0.27870 2 
0 0.76198 0.41389 0.04323 0.17870 0.78021 0.49259 2 0.76146 0.43333 2 0.76719 0.36574 2 
0 0.76094 0.48796 0.02708 0.27500 0.76406 0.61296 2 0.76406 0.52037 2 0.76719 0.36574 2 
