0.0 0.521081 0.015515 0.120054 0.031030 0.468904 0.017478 2 0.515900 0.010653 2 0.572009 -0.004572 2
0.0 0.720393 0.124488 0.114796 0.157544 0.672183 0.062565 2 0.678756 0.178610 2 0.672055 0.097840 2
0.0 0.627483 0.129265 0.124148 0.070367 0.647304 0.130848 2 0.624322 0.129392 2 0.672055 0.097840 2
0.0 0.684452 0.195101 0.087763 0.157025 0.647304 0.130848 2 0.678756 0.178610 2 0.683425 0.223331 2
0.0 0.746899 0.272996 0.141254 0.138741 0.749487 0.327491 2 0.745322 0.263348 2 0.683425 0.223331 2
0.0 0.699476 0.309817 0.115889 0.064688 0.749487 0.327491 2 0.697557 0.303710 2 0.647701 0.307159 2
0.0 0.716077 0.396248 0.109464 0.119575 0.674350 0.448613 2 0.719464 0.408378 2 0.758429 0.363175 2
0.0 0.839218 0.398733 0.048133 0.176902 0.852750 0.477345 2 0.837434 0.413776 2 0.825256 0.320948 2
0.0 0.786216 0.591005 0.133229 0.155860 0.739545 0.659497 2 0.790704 0.603965 2 0.840197 0.528246 2
0.0 0.707605 0.688502 0.058965 0.134510 0.694619 0.749968 2 0.728664 0.702371 2 0.694897 0.632695 2
0.0 0.662616 0.627345 0.118943 0.127948 0.708852 0.578199 2 0.663076 0.625514 2 0.694897 0.632695 2
0.0 0.595492 0.777144 0.117294 0.126992 0.547626 0.824531 2 0.607040 0.792387 2 0.640039 0.726324 2
0.0 0.463288 0.661398 0.107031 0.132599 0.481342 0.650732 2 0.448232 0.677124 2 0.418684 0.616048 2
0.0 0.474991 0.567342 0.034217 0.192837 0.481342 0.650732 2 0.472834 0.556839 2 0.471682 0.480191 2
0.0 0.397800 0.501660 0.095005 0.153895 0.421637 0.480118 2 0.384121 0.532302 2 0.358308 0.452524 2
0.0 0.400198 0.468916 0.081872 0.155851 0.421637 0.480118 2 0.384121 0.532302 2 0.363978 0.411670 2
0.0 0.347193 0.548347 0.053223 0.220112 0.366021 0.645198 2 0.347027 0.573001 2 0.328094 0.454954 2
0.0 0.409005 0.398812 0.038010 0.185147 0.421637 0.480118 2 0.413503 0.411771 2 0.397653 0.320016 2
0.0 0.432234 0.291823 0.056200 0.235165 0.443861 0.186280 2 0.450960 0.274076 2 0.421602 0.376086 2
0.0 0.430494 0.289265 0.090541 0.084419 0.468211 0.315503 2 0.450960 0.274076 2 0.391272 0.282429 2
0.0 0.585117 0.302481 0.095428 0.180214 0.622368 0.226471 2 0.595526 0.307195 2 0.556266 0.375341 2
0.0 0.562218 0.490559 0.062635 0.217964 0.541728 0.400769 2 0.572955 0.510252 2 0.590989 0.584260 2