0.0 0.520200 0.036457 0.118180 0.072913 0.469383 0.056182 2 0.515185 0.035716 2 0.569701 0.003359 2
0.0 0.717852 0.107352 0.115721 0.202988 0.669250 0.051176 2 0.678410 0.179286 2 0.669955 0.090698 2
0.0 0.627098 0.138057 0.122781 0.110669 0.646526 0.134404 2 0.624016 0.139046 2 0.669955 0.090698 2
0.0 0.684364 0.196208 0.089336 0.195002 0.646526 0.134404 2 0.678410 0.179286 2 0.684029 0.228074 2
0.0 0.747270 0.266362 0.141087 0.189786 0.751088 0.326644 2 0.745505 0.255977 2 0.684029 0.228074 2
0.0 0.701757 0.320524 0.114589 0.102221 0.751088 0.326644 2 0.699741 0.314196 2 0.651064 0.331663 2
0.0 0.720026 0.412747 0.109621 0.160198 0.680455 0.482739 2 0.723630 0.425386 2 0.760673 0.364150 2
0.0 0.840517 0.381921 0.051145 0.205757 0.855606 0.466214 2 0.839131 0.399232 2 0.825036 0.298641 2
0.0 0.793206 0.611623 0.133663 0.206215 0.749180 0.701017 2 0.797905 0.624890 2 0.844527 0.526620 2
0.0 0.718620 0.742219 0.060708 0.162591 0.707371 0.814554 2 0.739547 0.751981 2 0.704883 0.683199 2
0.0 0.673181 0.686035 0.119066 0.171913 0.717248 0.618386 2 0.673593 0.683845 2 0.704883 0.683199 2
0.0 0.611061 0.872044 0.117434 0.170420 0.565368 0.938139 2 0.622718 0.885941 2 0.653436 0.802982 2
0.0 0.479041 0.778556 0.107555 0.173705 0.496452 0.761673 2 0.464692 0.800254 2 0.434357 0.739947 2
0.0 0.488273 0.670072 0.037946 0.219282 0.496452 0.761673 2 0.485921 0.658888 2 0.482991 0.573401 2
0.0 0.411234 0.617613 0.096327 0.193583 0.434045 0.586977 2 0.398583 0.655632 2 0.371460 0.573371 2
0.0 0.412809 0.580304 0.083562 0.192107 0.434045 0.586977 2 0.398583 0.655632 2 0.376044 0.526091 2
0.0 0.362841 0.683688 0.057133 0.254186 0.383539 0.786951 2 0.363264 0.711315 2 0.341968 0.584337 2
0.0 0.419773 0.499423 0.041464 0.211953 0.434045 0.586977 2 0.424482 0.512687 2 0.406821 0.414299 2
0.0 0.439972 0.373317 0.060394 0.271387 0.448864 0.251980 2 0.457874 0.348324 2 0.431563 0.470530 2
0.0 0.438211 0.370928 0.090327 0.116738 0.475720 0.389990 2 0.457874 0.348324 2 0.399696 0.373965 2
0.0 0.589741 0.343523 0.097363 0.222346 0.624390 0.248252 2 0.600038 0.345943 2 0.563246 0.432943 2
0.0 0.571774 0.560313 0.066264 0.254432 0.549626 0.465376 2 0.582743 0.579412 2 0.602121 0.657338 2