0 0.46042 0.03056 0.11823 0.04167 0.51615 0.04167 2 0.44531 0.03148 2 0.51510 0.01667 2 
0 0.45521 0.08611 0.13125 0.10556 0.51615 0.04167 2 0.45365 0.06481 2 0.39687 0.13056 2 
0 0.61042 0.08426 0.13333 0.05648 0.55052 0.06759 2 0.60260 0.07963 2 0.67240 0.10463 2 
0 0.58958 0.15741 0.09479 0.09630 0.58229 0.19074 2 0.58958 0.15093 2 0.60729 0.11759 2 
0 0.55990 0.15833 0.10885 0.09907 0.58229 0.19074 2 0.58958 0.15093 2 0.60729 0.11759 2 
0 0.55208 0.29074 0.07031 0.21759 0.58229 0.19074 2 0.56042 0.26296 2 0.52344 0.38889 2 
0 0.58854 0.45648 0.10625 0.10926 0.54115 0.41667 2 0.57344 0.47315 2 0.63490 0.48796 2 
0 0.69531 0.38148 0.08906 0.17407 0.73438 0.45185 2 0.72344 0.37407 2 0.65625 0.31944 2 
0 0.70417 0.43148 0.06198 0.18796 0.73438 0.45185 2 0.72448 0.47315 2 0.68229 0.34907 2 
0 0.76667 0.49815 0.02917 0.18981 0.77656 0.58426 2 0.76146 0.51944 2 0.76354 0.41481 2 
0 0.62604 0.64167 0.09583 0.09259 0.66927 0.62870 2 0.62396 0.61667 2 0.58750 0.67685 2 
0 0.55521 0.78148 0.13698 0.11111 0.53854 0.78889 2 0.56615 0.79537 2 0.53021 0.82685 2 
0 0.47656 0.84352 0.12187 0.05556 0.42500 0.84537 2 0.46927 0.85463 2 0.53021 0.82685 2 
0 0.46042 0.38519 0.05677 0.22500 0.44062 0.28796 2 0.47500 0.36759 2 0.48542 0.44167 2 
0 0.47344 0.37407 0.03490 0.17222 0.46406 0.30463 2 0.47500 0.36759 2 0.48542 0.44167 2 
0 0.40417 0.38796 0.03698 0.19074 0.39219 0.46944 2 0.40156 0.39352 2 0.42031 0.30463 2 
0 0.35417 0.56481 0.10417 0.13056 0.40000 0.51111 2 0.37292 0.57870 2 0.30938 0.61852 2 
0 0.30000 0.52778 0.03177 0.15926 0.29479 0.46019 2 0.29635 0.53426 2 0.30938 0.51574 2 
0 0.33333 0.57593 0.06042 0.15556 0.35885 0.64537 2 0.33542 0.57222 2 0.30938 0.61852 2 
0 0.42865 0.75463 0.08542 0.13056 0.46302 0.80370 2 0.42604 0.76759 2 0.39323 0.70093 2 
0 0.33073 0.74815 0.08750 0.13426 0.36615 0.80093 2 0.33281 0.76204 2 0.29167 0.69815 2 
0 0.48177 0.73889 0.09740 0.08611 0.51771 0.70926 2 0.48177 0.75741 2 0.44531 0.77222 2 
0 0.57240 0.79630 0.08646 0.03796 0.53854 0.78889 2 0.56615 0.79537 2 0.61094 0.79352 2 
