0 0.47604 0.03519 0.08021 0.06759 0.50208 0.01019 2 0.47396 0.05833 2 0.44271 0.03148 2 
0 0.56875 0.07222 0.10521 0.13704 0.56146 0.10926 2 0.57812 0.04167 2 0.61354 0.12593 2 
0 0.71094 0.21852 0.10729 0.18148 0.75781 0.29815 2 0.72448 0.19167 2 0.66458 0.13426 2 
0 0.50833 0.11019 0.11927 0.04444 0.56146 0.10926 2 0.50573 0.10926 2 0.46667 0.12593 2 
0 0.39531 0.07593 0.10677 0.07593 0.34948 0.09907 2 0.38750 0.08981 2 0.44062 0.05648 2 
0 0.40781 0.14907 0.13802 0.06759 0.42656 0.17593 2 0.40156 0.15556 2 0.41198 0.17685 2 
0 0.41510 0.14352 0.10729 0.13704 0.42656 0.17593 2 0.40156 0.15556 2 0.41198 0.17685 2 
0 0.39427 0.18148 0.09479 0.12778 0.42656 0.17593 2 0.43958 0.22500 2 0.41198 0.17685 2 
0 0.38542 0.26204 0.06719 0.18056 0.35781 0.33796 2 0.37917 0.27130 2 0.41198 0.17685 2 
0 0.45052 0.23796 0.06510 0.14537 0.42656 0.17593 2 0.43958 0.22500 2 0.43021 0.23148 2 
0 0.52865 0.20370 0.10052 0.13056 0.52812 0.26019 2 0.52448 0.22037 2 0.57083 0.15093 2 
0 0.49062 0.33796 0.08385 0.18056 0.46563 0.40833 2 0.49375 0.32593 2 0.45469 0.40833 2 
0 0.44844 0.46852 0.04375 0.18056 0.43698 0.51111 2 0.45365 0.45833 2 0.43438 0.54722 2 
0 0.44740 0.59537 0.03542 0.19444 0.43698 0.51111 2 0.44635 0.58426 2 0.46094 0.67130 2 
0 0.37396 0.55278 0.11823 0.17222 0.37292 0.61389 2 0.35417 0.53611 2 0.42135 0.62222 2 
0 0.37500 0.53426 0.02500 0.18889 0.37292 0.61389 2 0.37396 0.52593 2 0.37812 0.45185 2 
0 0.40156 0.76759 0.11719 0.09630 0.35313 0.73796 2 0.39115 0.77407 2 0.45208 0.80556 2 
0 0.52135 0.73796 0.11927 0.10093 0.57448 0.70278 2 0.52708 0.73796 2 0.47344 0.77593 2 
0 0.59792 0.39815 0.09479 0.16204 0.55885 0.33241 2 0.59323 0.37222 2 0.64167 0.46667 2 
0 0.54948 0.56389 0.07604 0.06296 0.51979 0.54630 2 0.54948 0.56204 2 0.58021 0.58426 2 
0 0.64687 0.52500 0.11719 0.17037 0.69844 0.46481 2 0.66771 0.54630 2 0.59792 0.59537 2 
0 0.71979 0.55185 0.03333 0.21204 0.71510 0.46111 2 0.71979 0.54630 2 0.72917 0.64630 2 
0 0.61771 0.80463 0.07917 0.09074 0.65573 0.76944 2 0.63125 0.80370 2 0.58750 0.83981 2 
0 0.54115 0.87130 0.11875 0.03981 0.59219 0.86019 2 0.54844 0.86852 2 0.48698 0.88519 2 
