0 0.47813 0.03148 0.11406 0.05278 0.42604 0.04352 2 0.46667 0.02870 2 0.48438 0.04352 2 
0 0.54531 0.06296 0.13385 0.09907 0.60833 0.09815 2 0.55885 0.04815 2 0.48438 0.04352 2 
0 0.63333 0.05741 0.08802 0.11574 0.59792 0.00833 2 0.63802 0.03519 2 0.66927 0.10463 2 
0 0.42448 0.13056 0.06250 0.09259 0.40156 0.16574 2 0.42135 0.13889 2 0.44531 0.09259 2 
0 0.42708 0.18981 0.11823 0.03981 0.37552 0.19537 2 0.41563 0.19074 2 0.47708 0.18056 2 
0 0.35885 0.27037 0.02813 0.13426 0.36979 0.31574 2 0.36146 0.26481 2 0.36510 0.21481 2 
0 0.37083 0.40926 0.03750 0.20648 0.36979 0.31574 2 0.36510 0.38704 2 0.38125 0.50000 2 
0 0.38438 0.43889 0.09792 0.14074 0.42396 0.50093 2 0.39687 0.46111 2 0.38125 0.50000 2 
0 0.44167 0.48056 0.05677 0.23889 0.46563 0.37685 2 0 0 0 0.42031 0.58519 2 
0 0.53333 0.14815 0.12396 0.04815 0.47813 0.14537 2 0.52604 0.14537 2 0.58646 0.15741 2 
0 0.48125 0.24907 0.04375 0.17037 0.47865 0.28333 2 0.48333 0.22222 2 0.47708 0.18056 2 
0 0.52083 0.24444 0.11354 0.02685 0.47396 0.24352 2 0.50833 0.24167 2 0.57448 0.24352 2 
0 0.51927 0.27315 0.09792 0.04630 0.47865 0.28333 2 0.51302 0.27593 2 0.56250 0.26019 2 
0 0.62552 0.22037 0.06719 0.16759 0.60260 0.15370 2 0.61562 0.19167 2 0.62552 0.17037 2 
0 0.67188 0.22500 0.10521 0.13889 0.71406 0.28148 2 0.67708 0.23519 2 0.62552 0.17037 2 
0 0.73073 0.41852 0.03906 0.20556 0.71875 0.33056 2 0.74375 0.41019 2 0.74375 0.50741 2 
0 0.27344 0.41111 0.03594 0.22407 0.27500 0.51296 2 0.27240 0.43796 2 0.28802 0.31481 2 
0 0.32292 0.62222 0.04375 0.21944 0.33750 0.71944 2 0.33542 0.65648 2 0.30938 0.52593 2 
0 0.34167 0.67500 0.09115 0.17315 0.30000 0.60185 2 0.33542 0.65648 2 0.38229 0.74907 2 
0 0.43385 0.73148 0.09375 0.09352 0.47396 0.76389 2 0.44323 0.72593 2 0.39427 0.70278 2 
0 0.51719 0.81944 0.11094 0.04815 0.56719 0.82222 2 0.52135 0.82222 2 0.46563 0.81019 2 
0 0.56719 0.78426 0.10417 0.05093 0.52240 0.79537 2 0.56510 0.77593 2 0.61250 0.79722 2 
0 0.66719 0.78241 0.09583 0.09259 0.62865 0.80093 2 0.68177 0.80370 2 0.71146 0.75278 2 
