0.0 0.541786 0.037938 0.143367 0.075876 0.555362 0.039961 2 0.545709 0.012454 2 0.482309 -0.004257 2
0.0 0.387761 0.027724 0.139089 0.055447 0.443650 0.001149 2 0.398058 0.012422 2 0.333450 0.044172 2
0.0 0.432249 0.048924 0.137650 0.076304 0.484856 0.025007 2 0.436643 0.045233 2 0.382567 0.076872 2
0.0 0.504651 0.083338 0.148831 0.113790 0.555362 0.039961 2 0.516039 0.083738 2 0.460717 0.131462 2
0.0 0.307040 0.136350 0.153477 0.170049 0.339936 0.164644 2 0.292276 0.152346 2 0.345296 0.066993 2
0.0 0.241200 0.287162 0.092593 0.126307 0.262379 0.238637 2 0.244677 0.278719 2 0.221775 0.343343 2
0.0 0.215844 0.335791 0.100930 0.181213 0.202950 0.419416 2 0.207664 0.363442 2 0.221775 0.343343 2
0.0 0.457677 0.164712 0.100466 0.108631 0.419071 0.134288 2 0.457379 0.194567 2 0.494458 0.197032 2
0.0 0.476923 0.209785 0.141803 0.170938 0.516365 0.217356 2 0.457379 0.194567 2 0.442458 0.281308 2
0.0 0.450794 0.202953 0.151710 0.079031 0.510403 0.186444 2 0.457379 0.194567 2 0.387899 0.230025 2
0.0 0.552856 0.188517 0.106228 0.085900 0.544811 0.187901 2 0.566219 0.199218 2 0.590313 0.160040 2
0.0 0.375049 0.154415 0.086951 0.053203 0.339936 0.164644 2 0.380605 0.147117 2 0.403982 0.139678 2
0.0 0.538822 0.273370 0.100663 0.209077 0.544811 0.187901 2 0.540462 0.281158 2 0.526826 0.358442 2
0.0 0.580754 0.397535 0.132152 0.117974 0.540500 0.442256 2 0.581517 0.407199 2 0.627765 0.354239 2
0.0 0.647072 0.252417 0.071687 0.207946 0.622080 0.167137 2 0.642943 0.236716 2 0.674846 0.344266 2
0.0 0.709262 0.240368 0.062268 0.191277 0.718756 0.324270 2 0.710177 0.250820 2 0.695411 0.158136 2
0.0 0.763336 0.385613 0.088469 0.198513 0.761698 0.466455 2 0.773743 0.397045 2 0.761628 0.302046 2
0.0 0.706459 0.521751 0.137604 0.160842 0.742643 0.454556 2 0.716068 0.574071 2 0.758300 0.519619 2
0.0 0.714304 0.572126 0.142926 0.138752 0.669953 0.624506 2 0.716068 0.574071 2 0.758300 0.519619 2
0.0 0.600537 0.612713 0.119356 0.127642 0.566075 0.658495 2 0.589710 0.616937 2 0.636080 0.561462 2
0.0 0.561362 0.580048 0.161287 0.166698 0.607905 0.508633 2 0.589710 0.616937 2 0.516967 0.651533 2
0.0 0.519033 0.695144 0.158132 0.088918 0.452899 0.698935 2 0.509417 0.705715 2 0.582335 0.675237 2
0.0 0.371659 0.667644 0.121055 0.162783 0.319005 0.619096 2 0.359964 0.677069 2 0.419396 0.724654 2