0.0 0.426356 0.045215 0.130602 0.084288 0.369982 0.014424 2 0.415532 0.045607 2 0.483980 0.077426 2
0.0 0.303359 0.110343 0.106280 0.220685 0.269528 0.188002 2 0.287202 0.115520 2 0.333240 -0.015310 2
0.0 0.333219 0.044468 0.081112 0.067950 0.308282 0.053920 2 0.331003 0.043165 2 0.356538 0.033918 2
0.0 0.262820 0.414982 0.042949 0.253766 0.259561 0.304079 2 0.258690 0.366914 2 0.262811 0.524517 2
0.0 0.285408 0.402154 0.119193 0.118565 0.336899 0.440590 2 0.286378 0.425121 2 0.232835 0.362695 2
0.0 0.359866 0.570197 0.096535 0.249085 0.320068 0.466757 2 0.341448 0.553874 2 0.399129 0.680978 2
0.0 0.530038 0.490598 0.136787 0.087360 0.471478 0.493526 2 0.517981 0.488726 2 0.584312 0.478899 2
0.0 0.543032 0.727077 0.099494 0.176265 0.525849 0.704755 2 0.579607 0.762054 2 0.576273 0.667556 2
0.0 0.582129 0.751007 0.130198 0.120361 0.525849 0.704755 2 0.579607 0.762054 2 0.639873 0.793564 2
0.0 0.672822 0.646040 0.119072 0.184622 0.712879 0.582469 2 0.680273 0.625675 2 0.631224 0.709561 2
0.0 0.703309 0.603525 0.097660 0.198679 0.712879 0.582469 2 0.727780 0.636526 2 0.730995 0.533810 2
0.0 0.665449 0.386727 0.052936 0.248159 0.655331 0.457449 2 0.650742 0.403011 2 0.651412 0.337043 2
0.0 0.650441 0.390478 0.029708 0.157653 0.655331 0.457449 2 0.650742 0.403011 2 0.651412 0.337043 2
0.0 0.643037 0.266404 0.035866 0.177234 0.629028 0.200210 2 0.640810 0.265110 2 0.651412 0.337043 2
0.0 0.617093 0.122650 0.090536 0.245299 0.629028 0.200210 2 0.588525 0.120299 2 0.629205 0.024721 2
0.0 0.660609 0.091289 0.082556 0.182577 0.691464 0.172197 2 0.633275 0.130689 2 0.629205 0.024721 2
0.0 0.563534 0.104763 0.127442 0.119911 0.620945 -0.010703 2 0.545079 -0.047858 2 0.515543 -0.109455 2
0.0 0.556463 0.172786 0.051786 0.272759 0.599935 0.009619 2 0.545079 -0.047858 2 0.477060 -0.089933 2
0.0 0.472616 0.138454 0.130362 0.063599 0.529183 0.145717 2 0.588525 0.120299 2 0.508577 0.053564 2
0.0 0.494762 0.178206 0.111161 0.069765 0.540096 0.044245 2 0.560981 0.174645 2 0.554028 0.295339 2