0 0.54635 0.16204 0.11979 0.05648 0.59792 0.14259 2 0.55625 0.16389 2 0.49271 0.18241 2 
0 0.66667 0.21852 0.08542 0.22222 0.70469 0.31296 2 0.68333 0.24537 2 0.63125 0.12130 2 
0 0.63542 0.17500 0.07344 0.04907 0.65938 0.18704 2 0.63698 0.17407 2 0.61198 0.16204 2 
0 0.72552 0.51759 0.02552 0.22130 0.72135 0.41852 2 0.72604 0.47500 2 0.73177 0.61574 2 
0 0.70312 0.50278 0.10677 0.08889 0.65573 0.52963 2 0.70312 0.52315 2 0.75052 0.47500 2 
0 0.64219 0.64259 0.07708 0.20926 0.67344 0.55556 2 0.65833 0.63056 2 0.61094 0.73611 2 
0 0.47448 0.54630 0.12552 0.05833 0.53021 0.55741 2 0.48542 0.54630 2 0.42135 0.52778 2 
0 0.47656 0.75648 0.08438 0.14352 0.49115 0.73889 2 0.44323 0.78241 2 0.44062 0.69815 2 
0 0.44062 0.77222 0.11719 0.08889 0.49115 0.73889 2 0.44323 0.78241 2 0.38750 0.80185 2 
0 0.34740 0.66481 0.10260 0.14815 0.30469 0.60185 2 0.33854 0.64537 2 0.39062 0.72778 2 
0 0.31562 0.62222 0.08125 0.16389 0.30469 0.60185 2 0.29375 0.64815 2 0.28437 0.55556 2 
0 0.33854 0.43333 0.03542 0.21481 0.35208 0.49815 2 0.35313 0.45000 2 0.34844 0.39074 2 
0 0.35313 0.43889 0.01875 0.13704 0.35208 0.49815 2 0.35313 0.45000 2 0.34844 0.39074 2 
0 0.35260 0.32870 0.02344 0.15370 0.36146 0.27130 2 0.35417 0.32778 2 0.34844 0.39074 2 
0 0.36823 0.19815 0.07083 0.21759 0.36146 0.27130 2 0.39531 0.20556 2 0.35052 0.11389 2 
0 0.32500 0.16852 0.06771 0.15278 0.30000 0.23704 2 0.35313 0.20833 2 0.35052 0.11389 2 
0 0.40781 0.05093 0.11719 0.08611 0.35625 0.08333 2 0.42656 0.06111 2 0.45104 0.01019 2 
0 0.43281 0.06667 0.12448 0.09352 0.37760 0.10463 2 0.42656 0.06111 2 0.48906 0.03333 2 
0 0.41875 0.19537 0.11458 0.08889 0.45365 0.23704 2 0.39531 0.20556 2 0.46771 0.15741 2 
0 0.42969 0.25741 0.03281 0.23704 0.43698 0.14444 2 0.42500 0.25833 2 0.43906 0.36759 2 
0 0.50781 0.23889 0.12083 0.03796 0.45365 0.23704 2 0.49531 0.23704 2 0.56042 0.22685 2 
0 0.48906 0.27130 0.10208 0.04630 0.53542 0.26019 2 0.49531 0.27593 2 0.44792 0.28426 2 
