0.0 0.608850 0.162040 0.113540 0.059260 0.658330 0.183330 2 0.620310 0.157410 2 0.556250 0.165740 2
0.0 0.689580 0.205560 0.079690 0.109260 0.725520 0.250000 2 0.703120 0.212040 2 0.682290 0.235190 2
0.0 0.687500 0.254630 0.040100 0.149070 0.696350 0.322220 2 0.699480 0.271300 2 0.682290 0.235190 2
0.0 0.694270 0.412960 0.041670 0.220370 0.696350 0.322220 2 0.707810 0.399070 2 0.688020 0.337960 2
0.0 0.655730 0.281480 0.078120 0.134260 0.626560 0.233330 2 0.655730 0.271300 2 0.682290 0.235190 2
0.0 0.648960 0.218520 0.083330 0.053700 0.618230 0.203700 2 0.640620 0.205560 2 0.682290 0.235190 2
0.0 0.570830 0.217590 0.085420 0.069440 0.608850 0.191670 2 0.582810 0.222220 2 0.535420 0.245370 2
0.0 0.498440 0.237040 0.122920 0.041670 0.446350 0.243520 2 0.491150 0.235190 2 0.535420 0.245370 2
0.0 0.584370 0.411110 0.065100 0.179630 0.560420 0.338890 2 0.573440 0.416670 2 0.609900 0.491670 2
0.0 0.528650 0.548150 0.121870 0.054630 0.585940 0.532410 2 0.536460 0.559260 2 0.471350 0.563890 2
0.0 0.526560 0.686110 0.030730 0.201850 0.529170 0.603700 2 0.526040 0.677780 2 0.519790 0.774070 2
0.0 0.492190 0.772220 0.086460 0.112960 0.470310 0.818520 2 0.497400 0.782410 2 0.455730 0.725930 2
0.0 0.439060 0.167590 0.082810 0.214810 0.473960 0.069440 2 0.442710 0.137040 2 0.410940 0.092590 2
0.0 0.384900 0.383330 0.073960 0.199070 0.411980 0.468520 2 0.370830 0.420370 2 0.353130 0.425000 2
0.0 0.350520 0.487960 0.021350 0.146300 0.352080 0.546300 2 0.351560 0.498150 2 0.353130 0.425000 2
0.0 0.331250 0.631480 0.090100 0.195370 0.352080 0.546300 2 0.318750 0.601850 2 0.295830 0.677780 2
0.0 0.335420 0.658330 0.091150 0.096300 0.377600 0.622220 2 0.339060 0.691670 2 0.295830 0.677780 2
0.0 0.428650 0.780560 0.099480 0.099070 0.470310 0.818520 2 0.431250 0.784260 2 0.389580 0.746300 2
0.0 0.286460 0.300000 0.052600 0.180560 0.268750 0.378700 2 0.282810 0.311110 2 0.305730 0.226850 2
0.0 0.370830 0.217590 0.091150 0.162960 0.410940 0.150930 2 0.345830 0.152780 2 0.363540 0.291670 2
0.0 0.346350 0.293520 0.025000 0.157410 0.340100 0.345370 2 0.343750 0.307410 2 0.351560 0.228700 2
0.0 0.367710 0.156480 0.095830 0.166670 0.410940 0.150930 2 0.348440 0.115740 2 0.410940 0.092590 2
0.0 0.347920 0.143520 0.082810 0.149070 0.317190 0.205560 2 0.348440 0.115740 2 0.383850 0.089810 2
0.0 0.362500 0.110190 0.104170 0.115740 0.410940 0.150930 2 0.348440 0.115740 2 0.410940 0.092590 2