0.0 0.391150 0.162040 0.113540 0.059260 0.341149 0.183330 2 0.379169 0.157410 2 0.443229 0.165740 2
0.0 0.310420 0.205560 0.079690 0.109260 0.273959 0.250000 2 0.296359 0.212040 2 0.317189 0.235190 2
0.0 0.312500 0.254630 0.040100 0.149070 0.303129 0.322220 2 0.299999 0.271300 2 0.317189 0.235190 2
0.0 0.305730 0.412960 0.041670 0.220370 0.303129 0.322220 2 0.291669 0.399070 2 0.311459 0.337960 2
0.0 0.344270 0.281480 0.078120 0.134260 0.372919 0.233330 2 0.343749 0.271300 2 0.317189 0.235190 2
0.0 0.351040 0.218520 0.083330 0.053700 0.381249 0.203700 2 0.358859 0.205560 2 0.317189 0.235190 2
0.0 0.429170 0.217590 0.085420 0.069440 0.390629 0.191670 2 0.416669 0.222220 2 0.464059 0.245370 2
0.0 0.501560 0.237040 0.122920 0.041670 0.553129 0.243520 2 0.508329 0.235190 2 0.464059 0.245370 2
0.0 0.415630 0.411110 0.065100 0.179630 0.439059 0.338890 2 0.426039 0.416670 2 0.389579 0.491670 2
0.0 0.471350 0.548150 0.121870 0.054630 0.413539 0.532410 2 0.463019 0.559260 2 0.528129 0.563890 2
0.0 0.473440 0.686110 0.030730 0.201850 0.470309 0.603700 2 0.473439 0.677780 2 0.479689 0.774070 2
0.0 0.507810 0.772220 0.086460 0.112960 0.529169 0.818520 2 0.502079 0.782410 2 0.543749 0.725930 2
0.0 0.560940 0.167590 0.082810 0.214810 0.525519 0.069440 2 0.556769 0.137040 2 0.588539 0.092590 2
0.0 0.615100 0.383330 0.073960 0.199070 0.587499 0.468520 2 0.628649 0.420370 2 0.646349 0.425000 2
0.0 0.649480 0.487960 0.021350 0.146300 0.647399 0.546300 2 0.647919 0.498150 2 0.646349 0.425000 2
0.0 0.668750 0.631480 0.090100 0.195370 0.647399 0.546300 2 0.680729 0.601850 2 0.703649 0.677780 2
0.0 0.664580 0.658330 0.091150 0.096300 0.621879 0.622220 2 0.660419 0.691670 2 0.703649 0.677780 2
0.0 0.571350 0.780560 0.099480 0.099070 0.529169 0.818520 2 0.568229 0.784260 2 0.609899 0.746300 2
0.0 0.713540 0.300000 0.052600 0.180560 0.730729 0.378700 2 0.716669 0.311110 2 0.693749 0.226850 2
0.0 0.629170 0.217590 0.091150 0.162960 0.588539 0.150930 2 0.653649 0.152780 2 0.635939 0.291670 2
0.0 0.653650 0.293520 0.025000 0.157410 0.659379 0.345370 2 0.655729 0.307410 2 0.647919 0.228700 2
0.0 0.632290 0.156480 0.095830 0.166670 0.588539 0.150930 2 0.651039 0.115740 2 0.588539 0.092590 2
0.0 0.652080 0.143520 0.082810 0.149070 0.682289 0.205560 2 0.651039 0.115740 2 0.615629 0.089810 2
0.0 0.637500 0.110190 0.104170 0.115740 0.588539 0.150930 2 0.651039 0.115740 2 0.588539 0.092590 2