0.0 0.493750 0.073150 0.114580 0.096300 0.446359 0.033330 2 0.493749 0.039810 2 0.539059 0.107410 2
0.0 0.581250 0.134260 0.110420 0.159260 0.531769 0.071300 2 0.570829 0.138890 2 0.627599 0.205560 2
0.0 0.498960 0.050000 0.144790 0.058330 0.446359 0.033330 2 0.493749 0.039810 2 0.564579 0.069440 2
0.0 0.470830 0.175000 0.094790 0.048150 0.511459 0.185190 2 0.472399 0.170370 2 0.439579 0.193520 2
0.0 0.504690 0.235190 0.111980 0.058330 0.556249 0.251850 2 0.516149 0.237040 2 0.453649 0.214810 2
0.0 0.373440 0.243520 0.111460 0.163890 0.421359 0.175930 2 0.323439 0.206480 2 0.329169 0.174070 2
0.0 0.344270 0.189810 0.097400 0.125000 0.354169 0.191670 2 0.323439 0.206480 2 0.329169 0.174070 2
0.0 0.307810 0.226850 0.060420 0.130560 0.303129 0.235190 2 0.290109 0.250000 2 0.329169 0.174070 2
0.0 0.281770 0.258330 0.053120 0.163890 0.303129 0.235190 2 0.268749 0.283330 2 0.298439 0.183330 2
0.0 0.316670 0.413890 0.107810 0.151850 0.356769 0.477780 2 0.314059 0.425000 2 0.265629 0.352780 2
0.0 0.407810 0.512040 0.092710 0.124070 0.375519 0.462960 2 0.394269 0.515740 2 0.447919 0.570370 2
0.0 0.490100 0.495370 0.067710 0.216670 0.492709 0.597220 2 0.502079 0.471300 2 0.465099 0.592590 2
0.0 0.539580 0.515740 0.106770 0.175000 0.492709 0.597220 2 0.530729 0.536110 2 0.576559 0.437960 2
0.0 0.683330 0.185190 0.086460 0.175000 0.720829 0.260190 2 0.683329 0.243520 2 0.696359 0.266670 2
0.0 0.681770 0.236110 0.064060 0.170370 0.704689 0.304630 2 0.683329 0.243520 2 0.696359 0.266670 2
0.0 0.635420 0.387040 0.082810 0.115740 0.601559 0.416670 2 0.647399 0.416670 2 0.669269 0.347220 2
0.0 0.707290 0.350930 0.035420 0.193520 0.720829 0.260190 2 0.716149 0.368520 2 0.720829 0.352780 2
0.0 0.726560 0.437960 0.021350 0.204630 0.727079 0.529630 2 0.716149 0.368520 2 0.720829 0.352780 2
0.0 0.680210 0.584260 0.073960 0.167590 0.708329 0.519440 2 0.688019 0.570370 2 0.648959 0.654630 2
0.0 0.632810 0.536110 0.065100 0.164810 0.606249 0.608330 2 0.639579 0.544440 2 0.655729 0.471300 2
0.0 0.636460 0.638890 0.052080 0.184260 0.621359 0.559260 2 0.628649 0.626850 2 0.654689 0.721300 2
0.0 0.485940 0.768520 0.078120 0.094440 0.452079 0.799070 2 0.491149 0.803700 2 0.517709 0.740740 2
0.0 0.488540 0.844440 0.115630 0.048150 0.434899 0.851850 2 0.478649 0.850000 2 0.538539 0.837040 2
0.0 0.396350 0.176850 0.101560 0.046300 0.421359 0.175930 2 0.383859 0.174070 2 0.439579 0.193520 2