0.0 0.629519 0.041512 0.105109 0.083025 0.520848 -0.115470 2 0.560944 -0.112602 2 0.595166 -0.039751 2
0.0 0.532352 0.043900 0.084296 0.064035 0.591351 -0.080282 2 0.620228 -0.006846 2 0.664313 0.063847 2
0.0 0.557277 0.109385 0.099680 0.077301 0.520848 -0.115470 2 0.560944 -0.112602 2 0.619536 -0.085542 2
0.0 0.444467 0.131441 0.106309 0.197773 0.566349 0.051691 2 0.533936 0.038504 2 0.504315 0.068073 2
0.0 0.423119 0.074460 0.091678 0.148920 0.600189 0.123518 2 0.566885 0.110442 2 0.514922 0.091036 2
0.0 0.389454 0.118681 0.060423 0.154841 0.489911 0.049731 2 0.404117 0.093971 2 0.411190 0.056420 2
0.0 0.365074 0.157112 0.056414 0.192197 0.431392 0.074125 2 0.404117 0.093971 2 0.411190 0.056420 2
0.0 0.384498 0.331385 0.102381 0.183678 0.384823 0.128692 2 0.372695 0.146845 2 0.411190 0.056420 2
0.0 0.455868 0.434735 0.087605 0.150517 0.384823 0.128692 2 0.352194 0.186941 2 0.384287 0.069929 2
0.0 0.527364 0.407837 0.072429 0.253852 0.414443 0.400539 2 0.381452 0.344360 2 0.344871 0.266533 2
0.0 0.568317 0.426364 0.103042 0.210010 0.431472 0.381826 2 0.443971 0.440295 2 0.486194 0.497540 2
0.0 0.713410 0.069628 0.085672 0.139257 0.522702 0.523914 2 0.539154 0.379251 2 0.499399 0.521267 2
0.0 0.708664 0.096915 0.066204 0.193829 0.522702 0.523914 2 0.559314 0.450508 2 0.605087 0.334066 2
0.0 0.658909 0.270262 0.078579 0.140060 0.740387 0.117309 2 0.709432 0.101861 2 0.719025 0.127047 2
0.0 0.722796 0.222164 0.043261 0.224335 0.723605 0.169591 2 0.709432 0.101861 2 0.719025 0.127047 2
0.0 0.733445 0.319688 0.031972 0.235675 0.627895 0.307369 2 0.667100 0.302987 2 0.690458 0.221603 2
0.0 0.684000 0.491154 0.074485 0.198413 0.740387 0.117309 2 0.729125 0.241441 2 0.734183 0.223023 2
0.0 0.646688 0.440710 0.066721 0.194393 0.727677 0.424342 2 0.729125 0.241441 2 0.734183 0.223023 2
0.0 0.642922 0.557709 0.056889 0.215355 0.712324 0.414500 2 0.691541 0.474590 2 0.652488 0.574526 2
0.0 0.505502 0.720100 0.073141 0.115293 0.619063 0.525746 2 0.651850 0.449615 2 0.670564 0.364564 2
0.0 0.502639 0.806533 0.102120 0.066027 0.635274 0.468277 2 0.636980 0.544750 2 0.652921 0.650098 2
0.0 0.468529 0.053131 0.089962 0.062570 0.474427 0.758258 2 0.507531 0.759809 2 0.534466 0.685387 2