0.0 0.445573 0.102664 0.094060 0.185789 0.483073 0.048617 2 0.421565 0.102343 2 0.478187 0.176549 2
0.0 0.343648 0.082158 0.104426 0.104262 0.295282 0.106025 2 0.347529 0.076260 2 0.388687 0.055935 2
0.0 0.277859 0.268656 0.094647 0.188733 0.235487 0.333331 2 0.317051 0.329477 2 0.261085 0.321671 2
0.0 0.321789 0.301834 0.076718 0.184675 0.350516 0.378830 2 0.317051 0.329477 2 0.286548 0.239917 2
0.0 0.538666 0.133940 0.122015 0.186849 0.483073 0.048617 2 0.540926 0.133447 2 0.507542 0.205299 2
0.0 0.562239 0.256384 0.119776 0.129644 0.540009 0.267742 2 0.575131 0.257732 2 0.507542 0.205299 2
0.0 0.476024 0.242395 0.152220 0.075617 0.540009 0.267742 2 0.497331 0.247094 2 0.411087 0.230247 2
0.0 0.450904 0.302426 0.090573 0.172872 0.486285 0.373948 2 0.456603 0.311047 2 0.411087 0.230247 2
0.0 0.565152 0.381884 0.107254 0.163461 0.602670 0.329732 2 0.555996 0.357620 2 0.521017 0.438676 2
0.0 0.712100 0.320230 0.088097 0.204646 0.751014 0.409412 2 0.711630 0.326831 2 0.721156 0.386240 2
0.0 0.729549 0.446347 0.028316 0.150723 0.734096 0.507791 2 0.728455 0.446213 2 0.721156 0.386240 2
0.0 0.610789 0.475007 0.128590 0.116968 0.551656 0.427889 2 0.605277 0.480734 2 0.670497 0.520444 2
0.0 0.339937 0.442276 0.061294 0.150762 0.313699 0.386654 2 0.335451 0.437771 2 0.366819 0.501905 2
0.0 0.373852 0.537162 0.148915 0.137537 0.440290 0.583766 2 0.385161 0.547696 2 0.301777 0.480224 2
0.0 0.447081 0.651163 0.169720 0.093795 0.370199 0.617065 2 0.430434 0.661587 2 0.524392 0.667459 2
0.0 0.458818 0.764929 0.044689 0.167764 0.451514 0.702167 2 0.446495 0.759065 2 0.470232 0.842708 2
0.0 0.394908 0.858008 0.115219 0.121277 0.344712 0.810547 2 0.373183 0.862818 2 0.444554 0.902653 2
0.0 0.624408 0.609930 0.041254 0.215457 0.618474 0.515213 2 0.622738 0.664611 2 0.626534 0.708832 2
0.0 0.634195 0.638142 0.098391 0.172335 0.594524 0.693816 2 0.622738 0.664611 2 0.675095 0.589419 2
0.0 0.693563 0.650322 0.092131 0.217647 0.715825 0.751762 2 0.718970 0.674660 2 0.655850 0.734743 2
0.0 0.721602 0.659915 0.059107 0.212875 0.715825 0.751762 2 0.718970 0.674660 2 0.744786 0.572136 2
0.0 0.735692 0.671826 0.051670 0.195490 0.715825 0.751762 2 0.718970 0.674660 2 0.753920 0.590766 2
0.0 0.248595 0.361113 0.045368 0.122436 0.228968 0.408898 2 0.242040 0.374237 2 0.261085 0.321671 2