0 0.54740 0.08426 0.08594 0.16574 0.51146 0.02500 2 0.56927 0.08796 2 0.51719 0.15093 2 
0 0.64219 0.08148 0.09635 0.08426 0.68698 0.11296 2 0.63802 0.07500 2 0.59948 0.04815 2 
0 0.70521 0.27500 0.08646 0.16852 0.74479 0.34537 2 0.66875 0.32778 2 0.72083 0.32963 2 
0 0.66458 0.30000 0.06979 0.16759 0.63802 0.37037 2 0.66875 0.32778 2 0.69635 0.24537 2 
0 0.46094 0.09907 0.11198 0.16204 0.51146 0.02500 2 0.45833 0.09815 2 0.49010 0.17407 2 
0 0.44010 0.21481 0.11042 0.10648 0.46042 0.22963 2 0.42760 0.21389 2 0.49010 0.17407 2 
0 0.52031 0.21574 0.14115 0.04815 0.46042 0.22963 2 0.50000 0.21667 2 0.58021 0.21481 2 
0 0.54427 0.27870 0.08281 0.15370 0.51146 0.34259 2 0.53854 0.28611 2 0.58021 0.21481 2 
0 0.43854 0.33704 0.09844 0.14167 0.40260 0.27963 2 0.44635 0.31481 2 0.47969 0.40000 2 
0 0.30104 0.25185 0.08021 0.18519 0.26510 0.33241 2 0.30104 0.25833 2 0.29271 0.31481 2 
0 0.28594 0.37222 0.02500 0.14259 0.28177 0.43148 2 0.28646 0.37222 2 0.29271 0.31481 2 
0 0.39687 0.42037 0.11875 0.09259 0.45104 0.38426 2 0.40156 0.42685 2 0.34115 0.45463 2 
0 0.64896 0.43426 0.05573 0.13704 0.67240 0.38426 2 0.65260 0.43056 2 0.62396 0.48796 2 
0 0.61823 0.52130 0.13750 0.10926 0.55625 0.55556 2 0.60729 0.52963 2 0.68437 0.47778 2 
0 0.55104 0.62037 0.15729 0.06296 0.62187 0.60000 2 0.56615 0.63333 2 0.47865 0.62315 2 
0 0.54115 0.72963 0.04010 0.15648 0.54688 0.66944 2 0.55208 0.72593 2 0.53073 0.80370 2 
0 0.60156 0.83148 0.10625 0.09907 0.64740 0.79352 2 0.62135 0.83981 2 0.55521 0.86667 2 
0 0.38542 0.55000 0.03646 0.20370 0.38958 0.45833 2 0.38698 0.60370 2 0.38385 0.64630 2 
0 0.37656 0.57593 0.09010 0.15185 0.41354 0.63704 2 0.38698 0.60370 2 0.33750 0.52130 2 
0 0.32135 0.57778 0.08385 0.19722 0.30104 0.67315 2 0.29740 0.59722 2 0.35677 0.66667 2 
0 0.29531 0.58241 0.05312 0.19815 0.30104 0.67315 2 0.29740 0.59722 2 0.27240 0.49259 2 
0 0.28229 0.59167 0.04635 0.18241 0.30104 0.67315 2 0.29740 0.59722 2 0.26406 0.50926 2 
0 0.73333 0.37037 0.04115 0.11204 0.75156 0.42037 2 0.73906 0.38426 2 0.72083 0.32963 2 
