0.0 0.418043 0.080985 0.099196 0.161970 0.450008 0.017655 2 0.395527 0.085734 2 0.453010 0.133880 2
0.0 0.321270 0.093032 0.104082 0.094555 0.277352 0.129962 2 0.324571 0.086356 2 0.361953 0.054803 2
0.0 0.270647 0.281476 0.099921 0.169831 0.234768 0.353032 2 0.311007 0.323144 2 0.258075 0.334287 2
0.0 0.313799 0.296970 0.082871 0.165955 0.345306 0.356523 2 0.311007 0.323144 2 0.277101 0.252774 2
0.0 0.507174 0.080248 0.125467 0.160497 0.450008 0.017655 2 0.509275 0.074922 2 0.482236 0.150129 2
0.0 0.536532 0.178312 0.119978 0.117433 0.516376 0.195563 2 0.548710 0.175210 2 0.482236 0.150129 2
0.0 0.454874 0.193718 0.147192 0.069656 0.516376 0.195563 2 0.475140 0.190891 2 0.393286 0.203746 2
0.0 0.434882 0.255654 0.095162 0.155613 0.472303 0.308147 2 0.440747 0.261400 2 0.393286 0.203746 2
0.0 0.546702 0.289830 0.110242 0.147446 0.578796 0.230804 2 0.536691 0.270921 2 0.508703 0.354893 2
0.0 0.680815 0.186956 0.094723 0.183945 0.722595 0.254128 2 0.680777 0.192891 2 0.693229 0.243040 2
0.0 0.704650 0.294315 0.035482 0.134960 0.712565 0.347770 2 0.703627 0.294417 2 0.693229 0.243040 2
0.0 0.595008 0.358488 0.127490 0.106240 0.536788 0.335297 2 0.590191 0.365273 2 0.653691 0.379720 2
0.0 0.339138 0.416940 0.066401 0.135461 0.311253 0.375467 2 0.334677 0.414224 2 0.367887 0.461529 2
0.0 0.376558 0.490976 0.147764 0.124890 0.441619 0.511073 2 0.387796 0.496618 2 0.305623 0.463180 2
0.0 0.451970 0.569400 0.164676 0.086132 0.377881 0.563630 2 0.436992 0.584004 2 0.525428 0.558814 2
0.0 0.469717 0.667543 0.051841 0.150405 0.459160 0.613536 2 0.457828 0.666150 2 0.485040 0.733410 2
0.0 0.415318 0.771665 0.115209 0.109898 0.365455 0.745270 2 0.395246 0.782883 2 0.464519 0.795449 2
0.0 0.615774 0.474979 0.051448 0.192936 0.604607 0.391893 2 0.617461 0.524388 2 0.623641 0.562785 2
0.0 0.626621 0.497089 0.102459 0.155244 0.592741 0.559703 2 0.617461 0.524388 2 0.662090 0.440039 2
0.0 0.683003 0.488762 0.099277 0.195609 0.709898 0.572316 2 0.708276 0.502205 2 0.652662 0.576503 2
0.0 0.709859 0.488271 0.068032 0.190883 0.709898 0.572316 2 0.708276 0.502205 2 0.726402 0.401965 2
0.0 0.723774 0.494378 0.060030 0.175257 0.709898 0.572316 2 0.708276 0.502205 2 0.736070 0.415700 2
0.0 0.248692 0.373812 0.049791 0.109948 0.233135 0.422861 2 0.243336 0.387564 2 0.258075 0.334287 2