0 0.47448 0.03889 0.12344 0.05741 0.42135 0.05648 2 0.47396 0.02130 2 0.52917 0.01852 2 
0 0.57917 0.12407 0.07448 0.24167 0.61250 0.01481 2 0.58594 0.11111 2 0.55052 0.23148 2 
0 0.70260 0.16389 0.10521 0.19444 0.74844 0.25278 2 0.71615 0.16759 2 0.65729 0.07963 2 
0 0.74844 0.41296 0.04479 0.19630 0.76615 0.44167 2 0.75781 0.38704 2 0.73281 0.32130 2 
0 0.75573 0.37315 0.03438 0.17963 0.76615 0.44167 2 0.75781 0.38704 2 0.74375 0.29167 2 
0 0.73594 0.39167 0.03229 0.13611 0.74583 0.44630 2 0.73646 0.40000 2 0.72240 0.33426 2 
0 0.70417 0.53056 0.14427 0.05278 0.77187 0.52593 2 0.71406 0.53241 2 0.63958 0.52778 2 
0 0.55312 0.57778 0.14688 0.07130 0.49010 0.59537 2 0.55990 0.57685 2 0.62031 0.55926 2 
0 0.52187 0.61019 0.10156 0.10926 0.47604 0.56759 2 0.53906 0.62037 2 0.56927 0.65648 2 
0 0.61719 0.39259 0.11927 0.05093 0.56719 0.38056 2 0.60729 0.40185 2 0.67396 0.38519 2 
0 0.66406 0.38704 0.07135 0.17870 0.69635 0.31111 2 0.67240 0.35278 2 0.63438 0.46296 2 
0 0.67344 0.71759 0.05260 0.21481 0.69479 0.62037 2 0.67604 0.70000 2 0.65469 0.81389 2 
0 0.38490 0.60185 0.10000 0.11944 0.42760 0.64815 2 0.38385 0.62037 2 0.34115 0.55741 2 
0 0.31458 0.58981 0.06979 0.19074 0.28802 0.50741 2 0.32083 0.57222 2 0.33281 0.67315 2 
0 0.31927 0.68889 0.10521 0.11481 0.36615 0.72593 2 0.32083 0.70926 2 0.33854 0.69444 2 
0 0.36927 0.75185 0.07135 0.12870 0.39792 0.80370 2 0.36927 0.77407 2 0.33854 0.69444 2 
0 0.29063 0.29907 0.07240 0.15463 0.25938 0.36111 2 0.30104 0.32778 2 0.29375 0.36574 2 
0 0.28281 0.43519 0.02865 0.16481 0.27396 0.50741 2 0.28437 0.43796 2 0.29375 0.36574 2 
0 0.36094 0.28519 0.10156 0.08796 0.40052 0.29167 2 0.36094 0.25833 2 0.40365 0.25185 2 
0 0.35417 0.33889 0.05000 0.16204 0.37812 0.27963 2 0.34844 0.34537 2 0.36823 0.27315 2 
0 0.39844 0.37315 0.05312 0.20741 0.40052 0.29167 2 0.40000 0.36111 2 0.41719 0.46667 2 
0 0.43177 0.25185 0.08854 0.09722 0.43802 0.25463 2 0.42396 0.24630 2 0.40365 0.25185 2 
0 0.48698 0.23704 0.11198 0.06296 0.43802 0.25463 2 0.49115 0.23704 2 0.46771 0.21481 2 
0 0.46042 0.34444 0.09010 0.16759 0.50000 0.26944 2 0.46302 0.32963 2 0.41927 0.41667 2 
0 0.50208 0.35093 0.06615 0.18519 0.47604 0.43519 2 0.50677 0.35093 2 0.53281 0.26944 2 
