0.0 0.703727 0.099488 0.131723 0.155384 0.654789 0.065151 2 0.718193 0.056893 2 0.752643 0.144698 2
0.0 0.626791 0.233348 0.127917 0.111796 0.685606 0.194680 2 0.633177 0.218566 2 0.604610 0.222202 2
0.0 0.572004 0.254873 0.094913 0.080946 0.531794 0.279513 2 0.562778 0.259948 2 0.604610 0.222202 2
0.0 0.473634 0.257711 0.074101 0.195602 0.456754 0.179874 2 0.461934 0.255870 2 0.463047 0.348968 2
0.0 0.512820 0.120711 0.100304 0.148559 0.475347 0.178744 2 0.507568 0.121499 2 0.555750 0.058042 2
0.0 0.379264 0.355943 0.040046 0.193839 0.388071 0.272193 2 0.379952 0.347559 2 0.373171 0.442831 2
0.0 0.402083 0.377005 0.057754 0.237812 0.383267 0.486036 2 0.394935 0.393641 2 0.421569 0.276919 2
0.0 0.442383 0.427296 0.062233 0.189141 0.420957 0.507478 2 0.434646 0.433052 2 0.463047 0.348968 2
0.0 0.419667 0.516876 0.051247 0.222149 0.421098 0.611703 2 0.421667 0.564066 2 0.418944 0.424577 2
0.0 0.393877 0.629799 0.093931 0.193274 0.421098 0.611703 2 0.421667 0.564066 2 0.417218 0.697368 2
0.0 0.358401 0.518384 0.040000 0.187431 0.350032 0.601980 2 0.358037 0.522059 2 0.373171 0.442831 2
0.0 0.624337 0.379152 0.122002 0.126401 0.577409 0.345414 2 0.622899 0.377496 2 0.668342 0.415997 2
0.0 0.494795 0.562535 0.068613 0.197474 0.471683 0.638412 2 0.473624 0.657304 2 0.521028 0.485159 2
0.0 0.523464 0.575348 0.063804 0.065933 0.495433 0.601715 2 0.528554 0.575410 2 0.548604 0.557583 2
0.0 0.467700 0.661039 0.075871 0.109917 0.471683 0.638412 2 0.473624 0.657304 2 0.439289 0.697521 2
0.0 0.576522 0.608982 0.160026 0.079412 0.514129 0.617023 2 0.559055 0.614449 2 0.645688 0.598841 2
0.0 0.445067 0.737805 0.117704 0.118408 0.498278 0.692711 2 0.437851 0.743469 2 0.439289 0.697521 2
0.0 0.522790 0.836090 0.117203 0.089064 0.566775 0.843683 2 0.515411 0.843616 2 0.474242 0.820901 2
0.0 0.764660 0.548872 0.051400 0.253265 0.774696 0.439316 2 0.769535 0.516039 2 0.756983 0.659785 2
0.0 0.752733 0.573633 0.133602 0.106300 0.692682 0.607830 2 0.737009 0.594379 2 0.810866 0.536902 2
0.0 0.779441 0.291377 0.050747 0.192805 0.779837 0.209874 2 0.789698 0.285125 2 0.759772 0.374934 2
0.0 0.827535 0.281900 0.073309 0.251259 0.824934 0.358168 2 0.838044 0.302127 2 0.857169 0.165562 2
0.0 0.841444 0.446118 0.083741 0.223654 0.824934 0.358168 2 0.861024 0.456675 2 0.810866 0.536902 2