0.0 0.609900 0.149070 0.117190 0.079630 0.559900 0.124070 2 0.606250 0.147220 2 0.664580 0.180560 2
0.0 0.598440 0.288890 0.154690 0.115740 0.545830 0.340740 2 0.602600 0.325930 2 0.542190 0.286110 2
0.0 0.605730 0.295370 0.079170 0.178700 0.576560 0.370370 2 0.602600 0.325930 2 0.636980 0.220370 2
0.0 0.563540 0.422220 0.050000 0.189810 0.545830 0.340740 2 0.559900 0.403700 2 0.584900 0.506480 2
0.0 0.559370 0.574070 0.093230 0.125930 0.528120 0.530560 2 0.556250 0.547220 2 0.598960 0.625000 2
0.0 0.472400 0.593520 0.063540 0.105560 0.491670 0.553700 2 0.484380 0.600000 2 0.451040 0.631480 2
0.0 0.453120 0.646300 0.125520 0.069440 0.508330 0.668520 2 0.464060 0.654630 2 0.451040 0.631480 2
0.0 0.487500 0.707410 0.054690 0.170370 0.508330 0.668520 2 0.495310 0.714810 2 0.465100 0.785190 2
0.0 0.540630 0.767590 0.091150 0.122220 0.580210 0.723150 2 0.549480 0.765740 2 0.571880 0.812040 2
0.0 0.607810 0.818520 0.096350 0.050000 0.651040 0.810190 2 0.616670 0.820370 2 0.571880 0.812040 2
0.0 0.385420 0.771300 0.109900 0.113890 0.433330 0.816670 2 0.389580 0.787040 2 0.336460 0.737960 2
0.0 0.413020 0.691670 0.101560 0.092590 0.458330 0.723150 2 0.413540 0.712960 2 0.370830 0.668520 2
0.0 0.369790 0.633330 0.107810 0.132410 0.416670 0.685190 2 0.369790 0.641670 2 0.398960 0.630560 2
0.0 0.344790 0.562040 0.117190 0.082410 0.293750 0.546300 2 0.344790 0.550930 2 0.395830 0.590740 2
0.0 0.428120 0.505560 0.030210 0.220370 0.428650 0.410190 2 0.434380 0.486110 2 0.430210 0.603700 2
0.0 0.326560 0.365740 0.056770 0.244440 0.310420 0.261110 2 0.334900 0.317590 2 0.348440 0.473150 2
0.0 0.333330 0.306480 0.022920 0.210190 0.337500 0.403700 2 0.334900 0.317590 2 0.340100 0.213890 2
0.0 0.375000 0.115740 0.082810 0.092590 0.341150 0.106480 2 0.380210 0.090740 2 0.409900 0.145370 2
0.0 0.393750 0.227780 0.109900 0.216670 0.427600 0.322220 2 0.446350 0.226850 2 0.408850 0.296300 2
0.0 0.392190 0.281480 0.046350 0.168520 0.406250 0.213890 2 0.384900 0.279630 2 0.408850 0.296300 2
0.0 0.445310 0.241670 0.083330 0.135190 0.452600 0.291670 2 0.467710 0.241670 2 0.408850 0.296300 2
0.0 0.444270 0.276850 0.061460 0.216670 0.452600 0.291670 2 0.467710 0.241670 2 0.472400 0.378700 2
0.0 0.466670 0.257410 0.092710 0.144440 0.452600 0.291670 2 0.493750 0.283330 2 0.504690 0.195370 2
0.0 0.496880 0.289810 0.103120 0.034260 0.452600 0.291670 2 0.493750 0.283330 2 0.542190 0.286110 2