0.0 0.559092 0.155164 0.112404 0.095709 0.516600 0.122792 2 0.555927 0.152795 2 0.605024 0.194510 2
0.0 0.535705 0.284693 0.149370 0.136337 0.483662 0.324169 2 0.535882 0.320302 2 0.485531 0.272120 2
0.0 0.541624 0.292083 0.087662 0.182185 0.508395 0.357499 2 0.535882 0.320302 2 0.576575 0.227074 2
0.0 0.491940 0.403958 0.062587 0.187466 0.483662 0.324169 2 0.490349 0.385906 2 0.503085 0.487049 2
0.0 0.473952 0.546100 0.095297 0.135026 0.449985 0.499637 2 0.473608 0.520301 2 0.504547 0.601062 2
0.0 0.394255 0.548978 0.066802 0.110593 0.415176 0.514946 2 0.404303 0.557218 2 0.371496 0.580926 2
0.0 0.372038 0.595221 0.118906 0.087599 0.419314 0.625938 2 0.380980 0.605018 2 0.371496 0.580926 2
0.0 0.397084 0.658818 0.064962 0.170006 0.419314 0.625938 2 0.403311 0.667185 2 0.369655 0.728051 2
0.0 0.439005 0.724866 0.093087 0.131166 0.478545 0.690089 2 0.447032 0.724714 2 0.462742 0.772251 2
0.0 0.494375 0.784702 0.090963 0.064134 0.533794 0.784549 2 0.502064 0.788033 2 0.462742 0.772251 2
0.0 0.299686 0.700832 0.109093 0.126653 0.338254 0.752037 2 0.301863 0.716399 2 0.258908 0.660797 2
0.0 0.331874 0.630800 0.099626 0.105132 0.369417 0.668475 2 0.330270 0.650943 2 0.296201 0.601554 2
0.0 0.298644 0.568239 0.108960 0.143709 0.335680 0.625369 2 0.297790 0.576105 2 0.324951 0.570825 2
0.0 0.282952 0.496726 0.112665 0.098325 0.238659 0.472883 2 0.283924 0.486291 2 0.325887 0.532801 2
0.0 0.362865 0.458360 0.047737 0.212711 0.372222 0.368736 2 0.370226 0.441188 2 0.355453 0.551093 2
0.0 0.285057 0.308788 0.073778 0.240070 0.280357 0.207494 2 0.296974 0.264980 2 0.294494 0.413753 2
0.0 0.296682 0.254229 0.040254 0.201840 0.291218 0.346465 2 0.296974 0.264980 2 0.311365 0.168327 2
0.0 0.351898 0.082145 0.082838 0.101807 0.322388 0.067447 2 0.358839 0.059564 2 0.380294 0.116233 2
0.0 0.358168 0.190892 0.118742 0.223362 0.379540 0.285776 2 0.405282 0.199364 2 0.365185 0.258062 2
0.0 0.351730 0.241144 0.057321 0.166786 0.370594 0.180058 2 0.345306 0.238129 2 0.365185 0.258062 2
0.0 0.403030 0.213105 0.087303 0.141983 0.404793 0.261464 2 0.423016 0.217097 2 0.365185 0.258062 2
0.0 0.398796 0.246023 0.075370 0.214772 0.404793 0.261464 2 0.423016 0.217097 2 0.414351 0.346865 2
0.0 0.420677 0.231704 0.096569 0.152350 0.404793 0.261464 2 0.442420 0.260914 2 0.460473 0.180090 2
0.0 0.444685 0.267548 0.095547 0.050524 0.404793 0.261464 2 0.442420 0.260914 2 0.485531 0.272120 2