0 0.35729 0.14352 0.11094 0.11574 0.31042 0.18704 2 0.34844 0.11759 2 0.40521 0.09259 2 
0 0.36302 0.17222 0.13125 0.13519 0.42135 0.11389 2 0.34844 0.11759 2 0.30573 0.22963 2 
0 0.51562 0.17222 0.13854 0.05556 0.58021 0.18519 2 0.50833 0.17222 2 0.45260 0.16019 2 
0 0.50677 0.13241 0.14167 0.07593 0.57188 0.15926 2 0.51406 0.13241 2 0.54688 0.12593 2 
0 0.59375 0.14722 0.11250 0.05278 0.57188 0.15926 2 0.60365 0.14537 2 0.54688 0.12593 2 
0 0.53542 0.27315 0.04844 0.16389 0.54688 0.20185 2 0.52083 0.29815 2 0.53646 0.34537 2 
0 0.51302 0.27500 0.14688 0.11759 0.44792 0.32130 2 0.52083 0.29815 2 0.58125 0.22685 2 
0 0.45417 0.27222 0.07708 0.15000 0.42396 0.33796 2 0.44896 0.27315 2 0.47813 0.20833 2 
0 0.38906 0.36667 0.05625 0.18704 0.41198 0.40370 2 0.38281 0.38426 2 0.41094 0.28611 2 
0 0.34844 0.41389 0.02760 0.28611 0.35208 0.54444 2 0.34583 0.43056 2 0.35417 0.28796 2 
0 0.32969 0.40833 0.02031 0.21204 0.33281 0.49167 2 0.33073 0.41019 2 0.32708 0.31296 2 
0 0.34896 0.54074 0.11042 0.06296 0.29948 0.55556 2 0.33177 0.53241 2 0.39687 0.54907 2 
0 0.44219 0.46574 0.06979 0.14907 0.46042 0.44352 2 0.43229 0.46019 2 0.46406 0.52778 2 
0 0.44167 0.42315 0.10885 0.11574 0.46042 0.44352 2 0.43229 0.46019 2 0.39531 0.46852 2 
0 0.48854 0.46111 0.04740 0.21204 0.50469 0.36574 2 0.48229 0.49444 2 0.48333 0.56204 2 
0 0.48750 0.51019 0.06250 0.15741 0.46042 0.44352 2 0.48229 0.49444 2 0.48333 0.56204 2 
0 0.57344 0.34630 0.11719 0.13426 0.52552 0.39907 2 0.57917 0.35926 2 0.62500 0.29259 2 
0 0.49062 0.67130 0.05573 0.17500 0.51771 0.71944 2 0.49271 0.65000 2 0 0 0 
0 0.45885 0.72407 0.12708 0.04630 0.51771 0.71944 2 0.45729 0.72778 2 0.40156 0.71759 2 
0 0.50677 0.65185 0.12760 0.06667 0.56250 0.63333 2 0.52604 0.65000 2 0.44896 0.66944 2 
0 0.43438 0.81574 0.11615 0.05463 0.48698 0.83056 2 0.43490 0.81667 2 0.38021 0.80185 2 
0 0.61927 0.67407 0.07812 0.14907 0.65260 0.61389 2 0.61719 0.66481 2 0.58646 0.73796 2 
0 0.66719 0.71481 0.03958 0.16019 0.68229 0.64815 2 0.67500 0.71481 2 0.65573 0.78241 2 
