0.0 0.571108 0.063091 0.087384 0.126183 0.588332 0.007344 2 0.592849 0.067557 2 0.545618 0.106167 2
0.0 0.706719 0.235620 0.067802 0.192332 0.682337 0.172340 2 0.704745 0.218599 2 0.733424 0.297496 2
0.0 0.562909 0.172361 0.115704 0.201972 0.613496 0.196386 2 0.566193 0.158214 2 0.521444 0.142501 2
0.0 0.422887 0.232756 0.105270 0.136383 0.390461 0.286646 2 0.429670 0.218500 2 0.459175 0.176260 2
0.0 0.470402 0.293462 0.127966 0.193468 0.464340 0.310195 2 0.467769 0.263856 2 0.418786 0.281134 2
0.0 0.364677 0.385593 0.075762 0.172726 0.373377 0.313956 2 0.386653 0.370832 2 0.365848 0.387939 2
0.0 0.396802 0.387583 0.066347 0.153116 0.400658 0.443717 2 0.395339 0.388496 2 0.403817 0.322505 2
0.0 0.412720 0.354205 0.119445 0.119691 0.464340 0.310195 2 0.386653 0.370832 2 0.365848 0.387939 2
0.0 0.251135 0.586853 0.073272 0.214028 0.268928 0.663548 2 0.246098 0.572221 2 0.251138 0.491449 2
0.0 0.417233 0.457207 0.129071 0.142700 0.367574 0.507092 2 0.416353 0.455043 2 0.464832 0.401493 2
0.0 0.513537 0.380294 0.132569 0.201577 0.569518 0.389633 2 0.513677 0.371223 2 0.455715 0.369313 2
0.0 0.564204 0.338126 0.082763 0.200134 0.569518 0.389633 2 0.573910 0.308489 2 0.564482 0.421505 2
0.0 0.608732 0.343533 0.106367 0.157893 0.569518 0.389633 2 0.598942 0.356189 2 0.648291 0.356089 2
0.0 0.669245 0.404580 0.144768 0.185928 0.734072 0.383438 2 0.661067 0.407245 2 0.610177 0.420768 2
0.0 0.611846 0.552418 0.122345 0.198114 0.646893 0.474192 2 0.602420 0.576134 2 0.581821 0.634129 2
0.0 0.677905 0.587304 0.093722 0.180290 0.659644 0.659824 2 0.705869 0.573104 2 0.674776 0.527513 2
0.0 0.529325 0.740818 0.090368 0.167348 0.549700 0.668802 2 0.529688 0.754282 2 0.512305 0.810635 2
0.0 0.346025 0.670831 0.090510 0.199733 0.384411 0.707878 2 0.344052 0.672141 2 0.308796 0.620209 2
0.0 0.323603 0.722394 0.077289 0.210060 0.355858 0.788670 2 0.311632 0.723643 2 0.300906 0.652555 2
0.0 0.396089 0.778452 0.117960 0.238585 0.447690 0.820028 2 0.375132 0.784970 2 0.347322 0.741193 2
0.0 0.406536 0.719657 0.142132 0.235502 0.468798 0.743302 2 0.375132 0.784970 2 0.342371 0.703149 2