0.0 0.668750 0.162960 0.092190 0.160190 0.707809 0.237040 2 0.659379 0.121300 2 0.627599 0.090740 2
0.0 0.670310 0.340740 0.034380 0.194440 0.676039 0.430560 2 0.674999 0.304630 2 0.658329 0.252780 2
0.0 0.576560 0.312040 0.143230 0.103700 0.639579 0.283330 2 0.597919 0.309260 2 0.508329 0.352780 2
0.0 0.554170 0.111110 0.107290 0.097220 0.598959 0.144440 2 0.549479 0.096300 2 0.504169 0.071300 2
0.0 0.518230 0.131480 0.111460 0.094440 0.565099 0.167590 2 0.549479 0.096300 2 0.466669 0.092590 2
0.0 0.461460 0.185190 0.104170 0.105560 0.415629 0.229630 2 0.465629 0.187040 2 0.504169 0.150930 2
0.0 0.559900 0.219440 0.086460 0.082410 0.555209 0.197220 2 0.545829 0.206480 2 0.520829 0.187040 2
0.0 0.585940 0.293520 0.071870 0.210190 0.555209 0.197220 2 0.597919 0.309260 2 0.612499 0.382410 2
0.0 0.561460 0.342590 0.039060 0.176850 0.573439 0.423150 2 0.557809 0.306480 2 0.543749 0.271300 2
0.0 0.532810 0.412040 0.105210 0.087960 0.576559 0.448150 2 0.525519 0.403700 2 0.485419 0.374070 2
0.0 0.522400 0.512040 0.050520 0.137040 0.537499 0.464810 2 0.518749 0.532410 2 0.504689 0.570370 2
0.0 0.450520 0.392590 0.113540 0.050930 0.495309 0.391670 2 0.439059 0.391670 2 0.395309 0.378700 2
0.0 0.388540 0.296300 0.115100 0.037960 0.337499 0.296300 2 0.398959 0.292590 2 0.440629 0.300930 2
0.0 0.349480 0.257410 0.076560 0.191670 0.337499 0.296300 2 0.346879 0.252780 2 0.316149 0.340740 2
0.0 0.274480 0.405560 0.077600 0.206480 0.301039 0.321300 2 0.273959 0.397220 2 0.245309 0.496300 2
0.0 0.486460 0.558330 0.112500 0.128700 0.534379 0.605560 2 0.464059 0.585190 2 0.432289 0.507410 2
0.0 0.393230 0.713890 0.110420 0.166670 0.344789 0.639810 2 0.388539 0.755560 2 0.435939 0.785190 2
0.0 0.484380 0.918520 0.124480 0.064810 0.431249 0.932410 2 0.492709 0.919440 2 0.540109 0.909260 2
0.0 0.661980 0.719440 0.103120 0.122220 0.618229 0.761110 2 0.671359 0.737960 2 0.635939 0.692590 2
0.0 0.632290 0.702780 0.046350 0.201850 0.616669 0.799070 2 0.647919 0.677780 2 0.635939 0.692590 2
0.0 0.602080 0.750930 0.080210 0.175930 0.569269 0.828700 2 0.600519 0.762040 2 0.635939 0.692590 2
0.0 0.530210 0.722220 0.147920 0.052780 0.466669 0.719440 2 0.541149 0.732410 2 0.594269 0.714810 2
0.0 0.493750 0.748150 0.091150 0.157410 0.452079 0.681480 2 0.471359 0.792590 2 0.491669 0.815740 2
0.0 0.462500 0.774070 0.087500 0.105560 0.428649 0.732410 2 0.471359 0.792590 2 0.435939 0.785190 2