0 0.33125 0.16296 0.09219 0.16019 0.29167 0.23704 2 0.34010 0.12130 2 0.37188 0.09074 2 
0 0.32969 0.34074 0.03438 0.19444 0.32344 0.43056 2 0.32448 0.30463 2 0.34115 0.25278 2 
0 0.42344 0.31204 0.14323 0.10370 0.35990 0.28333 2 0.40156 0.30926 2 0.49115 0.35278 2 
0 0.44583 0.11111 0.10729 0.09722 0.40052 0.14444 2 0.45000 0.09630 2 0.49531 0.07130 2 
0 0.48177 0.13148 0.11146 0.09444 0.43438 0.16759 2 0.45000 0.09630 2 0.53281 0.09259 2 
0 0.53854 0.18519 0.10417 0.10556 0.58385 0.22963 2 0.53385 0.18704 2 0.49531 0.15093 2 
0 0.44010 0.21944 0.08646 0.08241 0.44427 0.19722 2 0.45365 0.20648 2 0.47865 0.18704 2 
0 0.41406 0.29352 0.07187 0.21019 0.44427 0.19722 2 0.40156 0.30926 2 0.38698 0.38241 2 
0 0.43854 0.34259 0.03906 0.17685 0.42604 0.42315 2 0.44167 0.30648 2 0.45573 0.27130 2 
0 0.46719 0.41204 0.10521 0.08796 0.42292 0.44815 2 0.47396 0.40370 2 0.51406 0.37407 2 
0 0.47760 0.51204 0.05052 0.13704 0.46198 0.46481 2 0.48073 0.53241 2 0.49479 0.57037 2 
0 0.54948 0.39259 0.11354 0.05093 0.50417 0.39167 2 0.56042 0.39167 2 0.60417 0.37870 2 
0 0.61146 0.29630 0.11510 0.03796 0.66198 0.29630 2 0.60052 0.29259 2 0.55885 0.30093 2 
0 0.65052 0.25741 0.07656 0.19167 0.66198 0.29630 2 0.65260 0.25278 2 0.68333 0.34074 2 
0 0.72552 0.40556 0.07760 0.20648 0.69844 0.32130 2 0.72552 0.39722 2 0.75417 0.49630 2 
0 0.51354 0.55833 0.11250 0.12870 0.46510 0.60556 2 0.53542 0.58519 2 0.56719 0.50741 2 
0 0.60677 0.71389 0.11042 0.16667 0.65469 0.63981 2 0.61094 0.75556 2 0.56354 0.78519 2 
0 0.51562 0.91852 0.12448 0.06481 0.56823 0.93241 2 0.50677 0.91944 2 0.45937 0.90926 2 
0 0.33802 0.71944 0.10312 0.12222 0.38125 0.76111 2 0.32812 0.73796 2 0.36354 0.69259 2 
0 0.36771 0.70278 0.04635 0.20185 0.38281 0.79907 2 0.35156 0.67778 2 0.36354 0.69259 2 
0 0.39792 0.75093 0.08021 0.17593 0.43021 0.82870 2 0.39896 0.76204 2 0.36354 0.69259 2 
0 0.46979 0.72222 0.14792 0.05278 0.53281 0.71944 2 0.45833 0.73241 2 0.40521 0.71481 2 
0 0.50625 0.74815 0.09115 0.15741 0.54740 0.68148 2 0.52812 0.79259 2 0.50781 0.81574 2 
0 0.53750 0.77407 0.08750 0.10556 0.57083 0.73241 2 0.52812 0.79259 2 0.56354 0.78519 2 
