0.0 0.563600 0.183342 0.114020 0.058372 0.609501 0.188855 2 0.553587 0.175257 2 0.516514 0.162764 2
0.0 0.380698 0.274264 0.137174 0.176149 0.437349 0.205172 2 0.357555 0.301153 2 0.356708 0.328370 2
0.0 0.331857 0.426578 0.075110 0.227060 0.302852 0.526468 2 0.326332 0.388664 2 0.356708 0.328370 2
0.0 0.286741 0.538670 0.056561 0.237070 0.298086 0.437799 2 0.282883 0.554453 2 0.268986 0.643916 2
0.0 0.365262 0.624102 0.104372 0.079067 0.319369 0.644966 2 0.378713 0.607977 2 0.406993 0.604919 2
0.0 0.406992 0.358538 0.113271 0.196007 0.454967 0.282361 2 0.401835 0.379891 2 0.361795 0.439623 2
0.0 0.478755 0.485893 0.070889 0.274867 0.498189 0.361982 2 0.470394 0.519278 2 0.466688 0.614979 2
0.0 0.650585 0.261740 0.092047 0.115315 0.661517 0.284028 2 0.628363 0.245430 2 0.679444 0.306691 2
0.0 0.638827 0.361675 0.069830 0.188871 0.661517 0.284028 2 0.629991 0.382805 2 0.653414 0.350319 2
0.0 0.568144 0.310548 0.117541 0.112177 0.606330 0.355107 2 0.557335 0.267624 2 0.609532 0.299814 2
0.0 0.601545 0.464819 0.054262 0.194433 0.590502 0.546945 2 0.600649 0.451628 2 0.602309 0.384963 2
0.0 0.616881 0.618985 0.091906 0.114379 0.591998 0.577123 2 0.616680 0.644384 2 1.053093 0.084875 0
0.0 0.568451 0.626508 0.080308 0.067500 0.543290 0.608139 2 0.567471 0.629297 2 1.053093 0.084875 0
0.0 0.700465 0.553315 0.101576 0.124182 0.710804 0.533252 2 0.693869 0.581165 2 0.684696 0.571228 2
0.0 0.754938 0.409797 0.063472 0.204209 0.754189 0.494401 2 0.749545 0.370946 2 0.760744 0.318008 2
0.0 0.722794 0.454004 0.050300 0.192346 0.710804 0.533252 2 0.732034 0.410367 2 0.730842 0.368925 2
0.0 0.687509 0.633429 0.076935 0.142150 0.715374 0.586173 2 0.666882 0.621914 2 0.684696 0.571228 2
0.0 0.663827 0.636754 0.063047 0.158907 0.636283 0.699113 2 0.666882 0.621914 2 0.684696 0.571228 2
0.0 0.684312 0.395344 0.072987 0.203834 0.684020 0.479984 2 0.677860 0.357376 2 0.679444 0.306691 2
0.0 0.656509 0.432277 0.065294 0.195074 0.658341 0.515162 2 0.677860 0.357376 2 0.653414 0.350319 2
0.0 0.609389 0.761476 0.118468 0.112231 0.569165 0.716843 2 0.607571 0.791483 2 0.648705 0.798576 2
0.0 0.510831 0.862002 0.104820 0.133612 0.482354 0.825577 2 0.524546 0.831787 2 0.519665 0.898265 2
0.0 0.449798 0.854687 0.091339 0.089397 0.482354 0.825577 2 0.436004 0.871781 2 0.409866 0.885302 2
0.0 0.514759 0.814267 0.078036 0.182871 0.507931 0.738672 2 0.524546 0.831787 2 0.519665 0.898265 2