0.0 0.442899 0.070074 0.114524 0.079418 0.490314 0.082990 2 0.432228 0.059690 2 0.393530 0.040363 2
0.0 0.260098 0.144919 0.132044 0.209052 0.314570 0.076165 2 0.237817 0.171643 2 0.238397 0.201885 2
0.0 0.218096 0.307744 0.065229 0.254425 0.193687 0.415058 2 0.210442 0.264734 2 0.238397 0.201885 2
0.0 0.177776 0.426238 0.045542 0.262407 0.184079 0.315444 2 0.174690 0.443376 2 0.165193 0.541163 2
0.0 0.262878 0.532963 0.103445 0.100168 0.216937 0.549659 2 0.275850 0.517020 2 0.304700 0.517720 2
0.0 0.291557 0.242760 0.106298 0.226794 0.336753 0.164840 2 0.287434 0.265924 2 0.249536 0.326741 2
0.0 0.371956 0.395274 0.058284 0.305029 0.385331 0.259952 2 0.365186 0.431394 2 0.366477 0.537623 2
0.0 0.536309 0.170183 0.088761 0.137187 0.548741 0.196729 2 0.512675 0.148849 2 0.568339 0.224619 2
0.0 0.529564 0.279965 0.061848 0.212721 0.548741 0.196729 2 0.521655 0.302344 2 0.543956 0.269507 2
0.0 0.454329 0.212649 0.115245 0.137596 0.495907 0.268003 2 0.440988 0.163283 2 0.496250 0.206783 2
0.0 0.496805 0.389614 0.045478 0.216378 0.489878 0.479722 2 0.495216 0.374859 2 0.493371 0.300728 2
0.0 0.520742 0.563835 0.088667 0.136163 0.493018 0.513606 2 0.521919 0.592233 2 0.939863 0.031476 0
0.0 0.471458 0.565188 0.079235 0.084212 0.444699 0.541128 2 0.470632 0.568247 2 0.939863 0.031476 0
0.0 0.602996 0.502723 0.098116 0.148098 0.612567 0.481935 2 0.597743 0.532927 2 0.587804 0.520507 2
0.0 0.651244 0.350531 0.054455 0.228217 0.655009 0.444899 2 0.643675 0.306495 2 0.652347 0.249063 2
0.0 0.620619 0.395176 0.041502 0.213556 0.612567 0.481935 2 0.627808 0.347928 2 0.624380 0.301521 2
0.0 0.593968 0.590217 0.071710 0.163707 0.620071 0.541639 2 0.572226 0.574463 2 0.587804 0.520507 2
0.0 0.569849 0.590484 0.056469 0.179609 0.544941 0.656140 2 0.572226 0.574463 2 0.587804 0.520507 2
0.0 0.578019 0.324138 0.064296 0.229222 0.582255 0.418614 2 0.569411 0.280934 2 0.568339 0.224619 2
0.0 0.551461 0.361301 0.056829 0.218697 0.557783 0.454127 2 0.569411 0.280934 2 0.543956 0.269507 2
0.0 0.520638 0.721713 0.116199 0.137790 0.477028 0.666162 2 0.520401 0.755016 2 0.562978 0.768909 2
0.0 0.424877 0.819534 0.100955 0.158683 0.393755 0.774849 2 0.437371 0.787911 2 0.435900 0.861365 2
0.0 0.361873 0.802500 0.089434 0.109309 0.393755 0.774849 2 0.348663 0.819656 2 0.322567 0.830940 2
0.0 0.426366 0.766850 0.070643 0.207506 0.415370 0.681613 2 0.437371 0.787911 2 0.435900 0.861365 2