0 0.60365 0.01944 0.08073 0.03611 0.57656 0.00648 2 0.61198 0.02037 2 0.63333 0.02963 2 
0 0.68542 0.08426 0.10677 0.15185 0.64792 0.02500 2 0.70208 0.08426 2 0.63333 0.02963 2 
0 0.63958 0.22593 0.11719 0.14630 0.59427 0.16389 2 0.65833 0.21389 2 0.69010 0.28333 2 
0 0.49844 0.32407 0.07812 0.17870 0.52812 0.24630 2 0.49531 0.34074 2 0.46510 0.40370 2 
0 0.63281 0.60370 0.05104 0.26111 0.62969 0.71481 2 0.64323 0.58519 2 0.62031 0.48148 2 
0 0.62135 0.73889 0.13073 0.05278 0.56927 0.75093 2 0.62396 0.73889 2 0.68073 0.73241 2 
0 0.49948 0.70648 0.11094 0.08426 0.45365 0.67778 2 0.51146 0.71944 2 0.54688 0.73426 2 
0 0.51615 0.79259 0.10208 0.10463 0.55990 0.83519 2 0.52344 0.76944 2 0.47396 0.75556 2 
0 0.47240 0.60278 0.05469 0.18704 0.45365 0.67778 2 0.47604 0.61574 2 0.49635 0.67685 2 
0 0.49635 0.50278 0.08906 0.12963 0.45260 0.52407 2 0.47135 0.50000 2 0.45625 0.45648 2 
0 0.33542 0.32130 0.03698 0.20278 0.34583 0.40185 2 0.32604 0.37037 2 0.32917 0.22685 2 
0 0.33906 0.35648 0.07240 0.18704 0.36979 0.27778 2 0.32604 0.37037 2 0.35885 0.35278 2 
0 0.35313 0.44167 0.02604 0.22778 0.34583 0.40185 2 0.35052 0.46667 2 0.35885 0.35278 2 
0 0.36979 0.56296 0.08385 0.07778 0.35208 0.53796 2 0.37396 0.58241 2 0.40521 0.58426 2 
0 0.38073 0.41019 0.04583 0.19815 0.36927 0.49167 2 0.38490 0.40000 2 0.35885 0.35278 2 
0 0.27604 0.55093 0.03073 0.21852 0.28437 0.64352 2 0.27344 0.53241 2 0.28698 0.45648 2 
0 0.35417 0.64259 0.07344 0.14630 0.38385 0.70278 2 0.37396 0.58241 2 0.32083 0.57870 2 
0 0.39635 0.68796 0.07344 0.09630 0.38385 0.70278 2 0.38958 0.67500 2 0.37448 0.65000 2 
0 0.41302 0.05000 0.11615 0.09630 0.46198 0.01019 2 0.39219 0.05278 2 0.36458 0.08333 2 
0 0.45677 0.14167 0.07917 0.19537 0.49010 0.06111 2 0.47344 0.15278 2 0.42292 0.19537 2 
0 0.46354 0.16019 0.08854 0.14537 0.42656 0.22315 2 0.47344 0.15278 2 0.50208 0.10278 2 
