0.0 0.623813 0.192744 0.083262 0.077217 0.597755 0.166167 2 0.632012 0.198263 2 0.652594 0.218419 2
0.0 0.700396 0.296731 0.118078 0.197112 0.667497 0.222194 2 0.716973 0.305968 2 0.652594 0.218419 2
0.0 0.643854 0.400875 0.128044 0.197761 0.603380 0.319520 2 0.663436 0.400271 2 0.689807 0.481058 2
0.0 0.495610 0.413043 0.091562 0.205905 0.531116 0.358451 2 0.491178 0.426641 2 0.456240 0.467530 2
0.0 0.608221 0.741892 0.070859 0.266259 0.596578 0.841676 2 0.619990 0.730817 2 0.605064 0.623611 2
0.0 0.586457 0.858975 0.134396 0.119845 0.533568 0.841508 2 0.589024 0.860508 2 0.646128 0.885723 2
0.0 0.467410 0.762577 0.117068 0.137720 0.423868 0.711360 2 0.478329 0.781074 2 0.512516 0.814019 2
0.0 0.477449 0.850296 0.109791 0.151450 0.517782 0.913261 2 0.486452 0.833270 2 0.438173 0.793473 2
0.0 0.448335 0.653098 0.068836 0.200668 0.423868 0.711360 2 0.450938 0.667023 2 0.466518 0.733924 2
0.0 0.479863 0.574977 0.098719 0.167125 0.434573 0.570518 2 0.455110 0.558834 2 0.443380 0.510841 2
0.0 0.333263 0.321129 0.052379 0.205321 0.337449 0.400445 2 0.320122 0.360867 2 0.334216 0.231616 2
0.0 0.334203 0.355228 0.086495 0.210379 0.370827 0.300364 2 0.320122 0.360867 2 0.354184 0.362805 2
0.0 0.341720 0.440682 0.043381 0.222136 0.337449 0.400445 2 0.337170 0.462167 2 0.354184 0.362805 2
0.0 0.349059 0.560499 0.089560 0.116953 0.333275 0.528077 2 0.351694 0.580636 2 0.382715 0.599459 2
0.0 0.371649 0.427089 0.060850 0.205948 0.353955 0.495261 2 0.376550 0.420179 2 0.354184 0.362805 2
0.0 0.256494 0.498117 0.047350 0.216257 0.257686 0.587278 2 0.255282 0.479893 2 0.274589 0.418028 2
0.0 0.327395 0.624600 0.084418 0.173772 0.352354 0.695901 2 0.351694 0.580636 2 0.298998 0.548119 2
0.0 0.365987 0.689129 0.080595 0.128145 0.352354 0.695901 2 0.360191 0.673693 2 0.347045 0.642600 2
0.0 0.431386 0.116107 0.123184 0.151564 0.483215 0.106726 2 0.410366 0.107325 2 0.380499 0.120064 2
0.0 0.468004 0.223748 0.093883 0.221692 0.507362 0.168611 2 0.483741 0.243129 2 0.430107 0.254293 2
0.0 0.473338 0.244360 0.099404 0.181203 0.431613 0.281639 2 0.483741 0.243129 2 0.516123 0.213206 2