0.0 0.457810 0.067590 0.144270 0.049070 0.392189 0.075930 2 0.489059 0.052780 2 0.517709 0.061110 2
0.0 0.364060 0.203700 0.128120 0.117590 0.420309 0.163890 2 0.367189 0.199070 2 0.304169 0.251850 2
0.0 0.542710 0.100000 0.035420 0.147220 0.532809 0.044440 2 0.540109 0.122220 2 0.545829 0.099070 2
0.0 0.569790 0.136110 0.059900 0.097220 0.593229 0.176850 2 0.560419 0.122220 2 0.583849 0.094440 2
0.0 0.615100 0.171300 0.073960 0.174070 0.606249 0.223150 2 0.611979 0.149070 2 0.583849 0.094440 2
0.0 0.555210 0.178700 0.081250 0.151850 0.593229 0.176850 2 0.556249 0.206480 2 0.553129 0.165740 2
0.0 0.644270 0.308330 0.081770 0.183330 0.606249 0.223150 2 0.652609 0.319440 2 0.677599 0.304630 2
0.0 0.481770 0.015740 0.108850 0.027780 0.528129 0.013890 2 0.480729 0.016670 2 0.435939 0.014810 2
0.0 0.375520 0.034260 0.110420 0.065740 0.421359 0.013890 2 0.363539 0.016670 2 0.324479 0.056480 2
0.0 0.480730 0.262960 0.065100 0.178700 0.454689 0.187040 2 0.479689 0.269440 2 0.507809 0.342590 2
0.0 0.410940 0.528700 0.095830 0.175000 0.369269 0.461110 2 0.409899 0.555560 2 0.445309 0.603700 2
0.0 0.436460 0.738890 0.144270 0.060190 0.495309 0.762040 2 0.407289 0.752780 2 0.387499 0.715740 2
0.0 0.421880 0.736110 0.128650 0.135190 0.472399 0.793520 2 0.407289 0.752780 2 0.360939 0.686110 2
0.0 0.613540 0.699070 0.079690 0.137040 0.581249 0.754630 2 0.611979 0.685190 2 0.644269 0.641670 2
0.0 0.697400 0.651850 0.060420 0.201850 0.673959 0.737960 2 0.707809 0.648150 2 0.716669 0.565740 2
0.0 0.664060 0.503700 0.027080 0.150000 0.663019 0.448150 2 0.664579 0.512960 2 0.656249 0.572220 2
0.0 0.661980 0.372220 0.045830 0.164810 0.663019 0.448150 2 0.652609 0.319440 2 0.677599 0.304630 2
0.0 0.620830 0.490740 0.041150 0.204630 0.626559 0.400000 2 0.626559 0.519440 2 0.607289 0.575930 2
0.0 0.539580 0.568520 0.054690 0.208330 0.530729 0.527780 2 0.532809 0.597220 2 0.517189 0.660190 2
0.0 0.543230 0.437960 0.028650 0.212040 0.530729 0.527780 2 0.543229 0.431480 2 0.548439 0.349070 2
0.0 0.531770 0.700000 0.093230 0.084260 0.488019 0.669440 2 0.543229 0.704630 2 0.566149 0.732410 2