0.0 0.394790 0.110190 0.041670 0.174070 0.406250 0.037960 2 0.382290 0.124070 2 0.382810 0.187040 2
0.0 0.464060 0.068520 0.116150 0.080560 0.416670 0.096300 2 0.476040 0.044440 2 0.519790 0.039810 2
0.0 0.680210 0.080560 0.117190 0.120370 0.732810 0.129630 2 0.670310 0.060190 2 0.632290 0.039810 2
0.0 0.643230 0.210190 0.061460 0.193520 0.647920 0.245370 2 0.664580 0.183330 2 0.616670 0.130560 2
0.0 0.748960 0.292590 0.075000 0.228700 0.775520 0.387040 2 0.754170 0.256480 2 0.742190 0.315740 2
0.0 0.759380 0.417590 0.053650 0.229630 0.775520 0.387040 2 0.767190 0.416670 2 0.742190 0.315740 2
0.0 0.688020 0.297220 0.033330 0.187960 0.680730 0.228700 2 0.696350 0.306480 2 0.693750 0.380560 2
0.0 0.611460 0.202780 0.088540 0.111110 0.647920 0.245370 2 0.607290 0.176850 2 0.579170 0.160190 2
0.0 0.523960 0.156480 0.081250 0.038890 0.496350 0.162040 2 0.542190 0.152780 2 0.559900 0.145370 2
0.0 0.430210 0.186110 0.121870 0.084260 0.479690 0.160190 2 0.423960 0.206480 2 0.378120 0.216670 2
0.0 0.296880 0.275930 0.045830 0.191670 0.281770 0.363890 2 0.304690 0.250000 2 0.312500 0.190740 2
0.0 0.395830 0.289810 0.061460 0.126850 0.419270 0.241670 2 0.407290 0.325930 2 0.417190 0.269440 2
0.0 0.400520 0.343520 0.039060 0.170370 0.388540 0.408330 2 0.407290 0.325930 2 0.417190 0.269440 2
0.0 0.394790 0.452780 0.103120 0.158330 0.426040 0.523150 2 0.362500 0.523150 2 0.400520 0.471300 2
0.0 0.432810 0.391670 0.101040 0.191670 0.478130 0.317590 2 0.394270 0.458330 2 0.460420 0.468520 2
0.0 0.481770 0.533330 0.058850 0.157410 0.506770 0.600000 2 0.479690 0.521300 2 0.460420 0.468520 2
0.0 0.379170 0.512040 0.104170 0.069440 0.426040 0.523150 2 0.362500 0.523150 2 0.331770 0.529630 2
0.0 0.368230 0.583330 0.082810 0.141670 0.401560 0.641670 2 0.362500 0.523150 2 0.331770 0.529630 2
0.0 0.384380 0.712040 0.065100 0.114810 0.406250 0.671300 2 0.390620 0.746300 2 0.359900 0.746300 2
0.0 0.448960 0.798150 0.117190 0.061110 0.400520 0.778700 2 0.441670 0.800930 2 0.499480 0.818520 2
0.0 0.492710 0.700930 0.054170 0.168520 0.513020 0.631480 2 0.495310 0.721300 2 0.478130 0.775930 2
0.0 0.590620 0.526850 0.121350 0.144440 0.647400 0.471300 2 0.578120 0.540740 2 0.543230 0.585190 2