0.0 0.505654 0.026786 0.086461 0.053572 0.537970 -0.016109 2 0.493439 0.001330 2 0.468136 0.029613 2
0.0 0.432099 0.042610 0.074999 0.085221 0.404307 -0.006182 2 0.417264 0.059982 2 0.456540 0.063692 2
0.0 0.458530 0.161273 0.076660 0.159295 0.424579 0.221208 2 0.462388 0.138195 2 0.486801 0.097213 2
0.0 0.444026 0.228448 0.086915 0.175468 0.474464 0.300776 2 0.445544 0.247540 2 0.408515 0.160166 2
0.0 0.370467 0.347769 0.118665 0.127482 0.410552 0.397562 2 0.360328 0.358542 2 0.317360 0.296771 2
0.0 0.328171 0.488978 0.059204 0.206834 0.340964 0.579491 2 0.328047 0.479959 2 0.316842 0.406752 2
0.0 0.594308 0.496071 0.080713 0.089016 0.625469 0.475581 2 0.597175 0.495458 2 0.578254 0.477434 2
0.0 0.577080 0.548563 0.030031 0.194246 0.566411 0.626029 2 0.577398 0.551314 2 0.578254 0.477434 2
0.0 0.701497 0.344753 0.096656 0.179962 0.741469 0.277288 2 0.705527 0.339740 2 0.656699 0.410882 2
0.0 0.783462 0.296572 0.032857 0.204346 0.784090 0.379625 2 0.775955 0.280544 2 0.780835 0.202545 2
0.0 0.658095 0.521937 0.042052 0.164073 0.669969 0.459036 2 0.661108 0.583570 2 0.654639 0.457588 2
0.0 0.657150 0.565144 0.107292 0.118361 0.609389 0.611152 2 0.661108 0.583570 2 0.683791 0.516262 2
0.0 0.660632 0.584409 0.068119 0.171007 0.629522 0.656340 2 0.661108 0.583570 2 0.683791 0.516262 2
0.0 0.643662 0.674807 0.119113 0.094429 0.694137 0.652526 2 0.642259 0.683706 2 0.594013 0.698086 2
0.0 0.624728 0.416870 0.092166 0.099931 0.591029 0.383942 2 0.630117 0.424609 2 0.654639 0.457588 2
0.0 0.687869 0.304689 0.063164 0.188429 0.705061 0.382983 2 0.705527 0.339740 2 0.693323 0.256513 2
0.0 0.679123 0.055745 0.100783 0.111491 0.716659 0.098172 2 0.677312 0.019600 2 0.641742 -0.013517 2
0.0 0.614757 0.086734 0.113399 0.116252 0.589188 0.131233 2 0.621700 0.091912 2 0.660072 0.137927 2
0.0 0.565569 0.155144 0.142451 0.136886 0.558242 0.211281 2 0.613844 0.215636 2 0.623609 0.190405 2
0.0 0.673350 0.208619 0.067214 0.128882 0.648074 0.159344 2 0.676626 0.209837 2 0.693323 0.256513 2
0.0 0.603822 0.203855 0.051833 0.169469 0.589188 0.131233 2 0.597905 0.282675 2 0.623609 0.190405 2
0.0 0.597943 0.271845 0.102132 0.152755 0.558242 0.211281 2 0.597905 0.282675 2 0.629773 0.334388 2