0.0 0.618098 0.034648 0.092824 0.069295 0.655682 0.021162 2 0.614676 -0.019987 2 0.581266 -0.053800 2
0.0 0.549045 0.154886 0.047444 0.199742 0.544840 0.234657 2 0.561585 0.132219 2 0.562542 0.235247 2
0.0 0.669024 0.254176 0.065657 0.271825 0.660768 0.369335 2 0.678403 0.263026 2 0.663727 0.142033 2
0.0 0.544494 0.623340 0.111729 0.130016 0.592506 0.574436 2 0.543567 0.645024 2 0.500832 0.669745 2
0.0 0.476231 0.540183 0.123803 0.149766 0.528004 0.489404 2 0.461496 0.571318 2 0.426702 0.599776 2
0.0 0.422615 0.481374 0.149975 0.151498 0.355829 0.499961 2 0.446969 0.491305 2 0.491741 0.482677 2
0.0 0.477897 0.328926 0.132195 0.159602 0.506435 0.305979 2 0.482618 0.323839 2 0.537787 0.342528 2
0.0 0.526768 0.276341 0.089624 0.117374 0.506435 0.305979 2 -0.118586 0.217236 0 0.562542 0.235247 2
0.0 0.478439 0.165278 0.047912 0.216943 0.466968 0.080159 2 0.482620 0.198956 2 0.478558 0.253158 2
0.0 0.397979 0.254147 0.130232 0.161852 0.452012 0.185133 2 0.393253 0.276865 2 0.348058 0.316504 2
0.0 0.357779 0.188650 0.063611 0.154490 0.376810 0.125103 2 0.352691 0.185885 2 0.336428 0.248737 2
0.0 0.369159 0.055464 0.114858 0.110927 0.325889 0.094032 2 0.371190 0.046645 2 0.417669 0.000380 2
0.0 0.455849 0.051342 0.135243 0.102684 0.514720 0.017868 2 0.451700 0.045006 2 0.396017 0.084737 2
0.0 0.291812 0.308780 0.086793 0.195123 0.259048 0.256521 2 0.295918 0.331373 2 0.298497 0.376278 2
0.0 0.238696 0.325854 0.034947 0.199977 0.247323 0.398370 2 0.237284 0.310134 2 0.238821 0.250345 2
0.0 0.200962 0.485796 0.049519 0.217745 0.219377 0.565415 2 0.193790 0.475525 2 0.212950 0.434324 2
0.0 0.221465 0.506375 0.039455 0.187681 0.231949 0.572829 2 0.220313 0.475984 2 0.212950 0.434324 2
0.0 0.290171 0.462712 0.051185 0.210497 0.288539 0.548896 2 0.288664 0.445339 2 0.298497 0.376278 2
0.0 0.317818 0.617443 0.109264 0.186940 0.274987 0.582175 2 0.293227 0.659478 2 0.323702 0.661386 2
0.0 0.291120 0.642725 0.094743 0.124776 0.256697 0.628929 2 0.293227 0.659478 2 0.323702 0.661386 2
0.0 0.383242 0.670365 0.112964 0.115277 0.428279 0.627222 2 0.362508 0.702782 2 0.338981 0.687138 2