0.0 0.229151 0.335602 0.098009 0.157798 0.207626 0.402098 2 0.230876 0.330401 2 0.249756 0.271734 2
0.0 0.320091 0.426817 0.063670 0.184097 0.340128 0.493369 2 0.305055 0.417966 2 0.326407 0.509243 2
0.0 0.247539 0.618063 0.087550 0.250497 0.278335 0.712168 2 0.241736 0.634138 2 0.227261 0.515188 2
0.0 0.424140 0.834121 0.108413 0.117118 0.375728 0.833008 2 0.429152 0.852522 2 0.467884 0.837153 2
0.0 0.459699 0.701901 0.120824 0.135073 0.407943 0.702405 2 0.477540 0.716621 2 0.510861 0.711421 2
0.0 0.489024 0.603762 0.142715 0.135804 0.544889 0.562313 2 0.471739 0.633776 2 0.434867 0.665041 2
0.0 0.413079 0.517885 0.128975 0.143936 0.385468 0.522667 2 0.407930 0.517684 2 0.368784 0.581950 2
0.0 0.363570 0.514116 0.088560 0.106107 0.385468 0.522667 2 0.855341 -0.097438 0 0.326407 0.509243 2
0.0 0.377550 0.374691 0.066156 0.200072 0.367899 0.290183 2 0.381139 0.408053 2 0.395944 0.452112 2
0.0 0.459552 0.382910 0.127624 0.146093 0.402117 0.369365 2 0.467757 0.398923 2 0.511613 0.394516 2
0.0 0.476948 0.290538 0.071541 0.141485 0.448065 0.251428 2 0.479970 0.283866 2 0.506174 0.324936 2
0.0 0.438388 0.179033 0.109914 0.108698 0.481231 0.179979 2 0.435630 0.177676 2 0.389349 0.177380 2
0.0 0.370664 0.254593 0.124689 0.091930 0.317184 0.276923 2 0.372302 0.246079 2 0.424381 0.232654 2
0.0 0.554319 0.338773 0.095701 0.178481 0.568372 0.264642 2 0.555588 0.362338 2 0.563203 0.403998 2
0.0 0.599530 0.307685 0.053346 0.184734 0.607972 0.378999 2 0.596897 0.292829 2 0.582870 0.241674 2
0.0 0.663356 0.415363 0.067585 0.200763 0.665666 0.501403 2 0.666398 0.400293 2 0.642573 0.380744 2
0.0 0.651732 0.451216 0.055581 0.173153 0.657422 0.518819 2 0.645749 0.423706 2 0.642573 0.380744 2
0.0 0.588622 0.472485 0.068080 0.193969 0.608022 0.546899 2 0.585710 0.456095 2 0.563203 0.403998 2
0.0 0.600188 0.632306 0.113316 0.170120 0.625761 0.564358 2 0.628076 0.648044 2 0.604647 0.676156 2
0.0 0.626495 0.631340 0.093704 0.112817 0.650097 0.589537 2 0.628076 0.648044 2 0.604647 0.676156 2
0.0 0.560364 0.735520 0.107638 0.103375 0.515515 0.736883 2 0.583172 0.746161 2 0.598220 0.712017 2