0.0 0.215445 0.076946 0.084378 0.153892 0.180841 0.123474 2 0.218072 0.061102 2 0.248400 0.009947 2
0.0 0.282911 0.244329 0.040798 0.225937 0.287896 0.336921 2 0.270336 0.222102 2 0.271484 0.343640 2
0.0 0.173562 0.401988 0.056556 0.307080 0.183005 0.534834 2 0.164543 0.415764 2 0.175767 0.268418 2
0.0 0.296391 0.793922 0.103202 0.117922 0.250389 0.752900 2 0.297188 0.819287 2 0.337324 0.833825 2
0.0 0.358079 0.672849 0.114235 0.137601 0.308550 0.630902 2 0.371873 0.704634 2 0.404715 0.726271 2
0.0 0.406659 0.585408 0.139012 0.130274 0.468495 0.584711 2 0.383768 0.605553 2 0.342061 0.610643 2
0.0 0.352358 0.424869 0.121985 0.146545 0.324935 0.407758 2 0.347385 0.420662 2 0.296571 0.461430 2
0.0 0.305979 0.379639 0.082511 0.110508 0.324935 0.407758 2 0.903046 0.090583 0 0.271484 0.343640 2
0.0 0.348621 0.232521 0.040882 0.246698 0.357088 0.128643 2 0.344915 0.273737 2 0.349755 0.336124 2
0.0 0.425024 0.309686 0.120078 0.149989 0.373039 0.247054 2 0.429365 0.334975 2 0.472079 0.366226 2
0.0 0.461026 0.218944 0.057073 0.165048 0.441621 0.150828 2 0.465198 0.214129 2 0.481528 0.282539 2
0.0 0.447735 0.060154 0.106356 0.105912 0.488248 0.096939 2 0.445283 0.056609 2 0.401248 0.018000 2
0.0 0.367316 0.090145 0.126044 0.077512 0.311555 0.071613 2 0.370558 0.082088 2 0.423003 0.109876 2
0.0 0.524601 0.337822 0.078200 0.206132 0.553472 0.265355 2 0.520745 0.365970 2 0.519240 0.419679 2
0.0 0.574217 0.339828 0.028945 0.230727 0.567154 0.428251 2 0.574723 0.321022 2 0.572116 0.251203 2
0.0 0.612386 0.515156 0.042389 0.247094 0.596382 0.615267 2 0.618344 0.500800 2 0.599754 0.458849 2
0.0 0.593771 0.546347 0.033477 0.214142 0.584865 0.628270 2 0.593746 0.510370 2 0.599754 0.458849 2
0.0 0.529166 0.518365 0.044119 0.237674 0.531890 0.619377 2 0.529728 0.497583 2 0.519240 0.419679 2
0.0 0.506574 0.709819 0.099673 0.188075 0.545121 0.653916 2 0.529727 0.751073 2 0.501492 0.763692 2
0.0 0.531843 0.730475 0.087209 0.117670 0.563014 0.702696 2 0.529727 0.751073 2 0.501492 0.763692 2
0.0 0.446923 0.794354 0.104682 0.099544 0.403795 0.759098 2 0.466308 0.825605 2 0.487826 0.799190 2