0 0.70781 0.14352 0.08281 0.14537 0.74115 0.20556 2 0.70469 0.13889 2 0.67500 0.08426 2 
0 0.63333 0.29259 0.03594 0.20185 0.62500 0.37685 2 0.64635 0.27500 2 0.64167 0.38704 2 
0 0.74115 0.46481 0.05000 0.27407 0.72708 0.58519 2 0.74948 0.47963 2 0.74219 0.34074 2 
0 0.60365 0.79722 0.10417 0.08519 0.65156 0.77037 2 0.60156 0.82037 2 0.55990 0.82407 2 
0 0.54375 0.67037 0.11510 0.10093 0.59531 0.64352 2 0.52812 0.69630 2 0.49375 0.70833 2 
0 0.49635 0.57778 0.14115 0.08796 0.43229 0.56204 2 0.51875 0.60185 2 0.56146 0.61667 2 
0 0.55677 0.44259 0.12292 0.10741 0.58490 0.43333 2 0.56146 0.43981 2 0.61250 0.48981 2 
0 0.60573 0.41204 0.08281 0.08333 0.58490 0.43333 2 0 0 0 0.64167 0.38704 2 
0 0.56615 0.26574 0.03542 0.22130 0.55990 0.16759 2 0.56823 0.30463 2 0.56146 0.36111 2 
0 0.48542 0.31852 0.12083 0.11111 0.54010 0.27315 2 0.47969 0.34074 2 0.43490 0.35926 2 
0 0.45104 0.22593 0.05469 0.14074 0.47240 0.16759 2 0.44635 0.22037 2 0.42760 0.27963 2 
0 0.46927 0.08241 0.10781 0.07315 0.42604 0.10648 2 0.47135 0.07963 2 0.51771 0.05463 2 
0 0.55104 0.12963 0.12917 0.04167 0.60833 0.12593 2 0.54740 0.12130 2 0.49271 0.13426 2 
0 0.38229 0.32037 0.07552 0.17407 0.35417 0.24630 2 0.38490 0.34722 2 0.38490 0.39722 2 
0 0.33125 0.31019 0.02344 0.20926 0.33542 0.39352 2 0.33073 0.29259 2 0.33542 0.22870 2 
0 0.28698 0.46296 0.03698 0.22130 0.30000 0.55926 2 0.28073 0.44815 2 0.30104 0.41389 2 
0 0.30521 0.49630 0.02865 0.19259 0.31146 0.57407 2 0.30573 0.46296 2 0.30104 0.41389 2 
0 0.37240 0.48611 0.03906 0.21204 0.36615 0.57870 2 0.37188 0.46667 2 0.38490 0.39722 2 
0 0.39010 0.66852 0.09844 0.15185 0.35156 0.60741 2 0.36458 0.70093 2 0.39323 0.71944 2 
0 0.36354 0.68148 0.08750 0.08889 0.33177 0.64815 2 0.36458 0.70093 2 0.39323 0.71944 2 
0 0.44896 0.76111 0.10625 0.06759 0.49375 0.73889 2 0.42760 0.78519 2 0.40625 0.75556 2 
