0.0 0.485709 0.199077 0.154497 0.113134 0.456886 0.182378 2 0.515389 0.185611 2 0.551050 0.153250 2
0.0 0.490598 0.249484 0.111813 0.191472 0.456886 0.182378 2 0.463343 0.336164 2 0.518784 0.314796 2
0.0 0.449292 0.340891 0.152339 0.081878 0.386641 0.355259 2 0.463343 0.336164 2 0.509187 0.330731 2
0.0 0.286858 0.351922 0.092324 0.205329 0.245339 0.445200 2 0.289295 0.339238 2 0.322461 0.260661 2
0.0 0.409553 0.449741 0.113771 0.199341 0.435129 0.518380 2 0.400199 0.446894 2 0.378023 0.388747 2
0.0 0.547478 0.472583 0.145854 0.095523 0.607484 0.482954 2 0.550477 0.465396 2 0.486946 0.466903 2
0.0 0.504454 0.472790 0.123202 0.154513 0.559661 0.410305 2 0.550477 0.465396 2 0.486946 0.466903 2
0.0 0.405495 0.676642 0.105053 0.186386 0.377240 0.616849 2 0.384538 0.708818 2 0.362435 0.746871 2
0.0 0.357418 0.687193 0.054315 0.161278 0.351677 0.628503 2 0.345730 0.711914 2 0.362435 0.746871 2
0.0 0.303743 0.745590 0.152303 0.140724 0.357356 0.784321 2 0.295128 0.751938 2 0.362435 0.746871 2
0.0 0.522973 0.754025 0.077271 0.196707 0.517785 0.679343 2 0.509505 0.768810 2 0.528945 0.836858 2
0.0 0.662103 0.722434 0.118398 0.135804 0.613049 0.709785 2 0.659973 0.720945 2 0.612909 0.764933 2
0.0 0.754412 0.565699 0.081536 0.226518 0.723845 0.662384 2 0.753336 0.564928 2 0.745836 0.474876 2
0.0 0.712178 0.606843 0.086262 0.136848 0.723845 0.662384 2 0.714087 0.604546 2 0.739989 0.557328 2
0.0 0.654604 0.632381 0.098568 0.178550 0.613049 0.709785 2 0.656965 0.636532 2 0.664191 0.567828 2
0.0 0.737323 0.244001 0.112728 0.114117 0.717143 0.274154 2 0.720004 0.236210 2 0.682498 0.296970 2
0.0 0.724130 0.111188 0.130164 0.161517 0.764909 0.159026 2 0.670510 0.152696 2 0.682529 0.065275 2
0.0 0.661864 0.175966 0.114609 0.148122 0.699119 0.214238 2 0.615632 0.244024 2 0.626572 0.140000 2
0.0 0.605606 0.253556 0.105064 0.121926 0.571518 0.227630 2 0.615632 0.244024 2 0.638560 0.284274 2
0.0 0.743428 0.390390 0.080031 0.212202 0.733536 0.311978 2 0.726736 0.328292 2 0.736218 0.383381 2
0.0 0.694131 0.460987 0.086892 0.239737 0.706153 0.367908 2 0.709236 0.456977 2 0.664191 0.567828 2
0.0 0.726759 0.328336 0.066621 0.160008 0.706153 0.367908 2 0.726736 0.328292 2 0.736218 0.383381 2