0.0 0.283746 0.139967 0.146811 0.097800 0.251814 0.122340 2 0.310250 0.129016 2 0.338509 0.100514 2
0.0 0.299381 0.188092 0.107519 0.174755 0.251814 0.122340 2 0.291162 0.268637 2 0.341301 0.251785 2
0.0 0.278211 0.272262 0.144418 0.068281 0.219550 0.282021 2 0.291162 0.268637 2 0.335246 0.266311 2
0.0 0.120251 0.272706 0.089324 0.189103 0.099368 0.358631 2 0.120032 0.260816 2 0.135919 0.188314 2
0.0 0.262328 0.373079 0.109454 0.182099 0.302386 0.439768 2 0.252581 0.369793 2 0.218225 0.313259 2
0.0 0.403361 0.403258 0.138468 0.081626 0.464908 0.416792 2 0.404876 0.396618 2 0.342492 0.394128 2
0.0 0.360940 0.400800 0.117817 0.138989 0.402128 0.344918 2 0.404876 0.396618 2 0.342492 0.394128 2
0.0 0.306976 0.588093 0.101093 0.170346 0.266363 0.529615 2 0.293286 0.617318 2 0.279630 0.652056 2
0.0 0.261786 0.595137 0.053018 0.149656 0.243631 0.539095 2 0.255646 0.617861 2 0.279630 0.652056 2
0.0 0.221330 0.647228 0.145064 0.124111 0.282647 0.687272 2 0.214283 0.652711 2 0.279630 0.652056 2
0.0 0.439522 0.668755 0.075048 0.181852 0.418484 0.597575 2 0.429495 0.681944 2 0.463274 0.747702 2
0.0 0.570073 0.647368 0.113077 0.121535 0.519039 0.632334 2 0.567747 0.645817 2 0.530726 0.684645 2
0.0 0.627575 0.504366 0.079410 0.209871 0.618232 0.594200 2 0.626444 0.503561 2 0.599732 0.417664 2
0.0 0.594712 0.540794 0.082823 0.124508 0.618232 0.594200 2 0.596200 0.538726 2 0.611641 0.495527 2
0.0 0.543361 0.561471 0.094896 0.163312 0.519039 0.632334 2 0.546677 0.565547 2 0.539078 0.500812 2
0.0 0.541728 0.198111 0.107485 0.101310 0.528372 0.225466 2 0.523059 0.189643 2 0.499068 0.244974 2
0.0 0.500228 0.071949 0.124455 0.143897 0.550831 0.119188 2 0.456300 0.107359 2 0.449417 0.025163 2
0.0 0.452660 0.128910 0.109651 0.133455 0.497734 0.167510 2 0.421717 0.190618 2 0.410210 0.092603 2
0.0 0.413769 0.199050 0.100358 0.109191 0.374661 0.172343 2 0.421717 0.190618 2 0.452978 0.230218 2
0.0 0.579143 0.337370 0.077826 0.196382 0.552662 0.262361 2 0.549448 0.277419 2 0.570619 0.330268 2
0.0 0.545624 0.401305 0.084607 0.222082 0.537627 0.313733 2 0.559769 0.398425 2 0.539078 0.500812 2
0.0 0.549384 0.277470 0.064594 0.147692 0.537627 0.313733 2 0.549448 0.277419 2 0.570619 0.330268 2