0.0 0.643230 0.221300 0.053650 0.217590 0.647920 0.315740 2 0.657290 0.218520 2 0.643230 0.132410 2
0.0 0.631770 0.284260 0.077080 0.168520 0.599480 0.216670 2 0.657290 0.218520 2 0.658330 0.347220 2
0.0 0.672400 0.158330 0.092190 0.073150 0.703650 0.183330 2 0.671350 0.150930 2 0.681770 0.127780 2
0.0 0.721350 0.200000 0.091150 0.191670 0.703650 0.183330 2 0.730730 0.213890 2 0.681770 0.127780 2
0.0 0.731250 0.398150 0.043750 0.221300 0.729690 0.496300 2 0.742710 0.416670 2 0.736460 0.352780 2
0.0 0.765620 0.375930 0.077080 0.097220 0.799480 0.391670 2 0.757810 0.401850 2 0.736460 0.352780 2
0.0 0.567190 0.390740 0.108330 0.125930 0.520830 0.345370 2 0.563540 0.410190 2 0.614580 0.441670 2
0.0 0.532290 0.637040 0.084380 0.117590 0.568230 0.597220 2 0.524480 0.651850 2 0.496350 0.679630 2
0.0 0.481250 0.671300 0.115100 0.172220 0.432290 0.613890 2 0.467710 0.681480 2 0.496350 0.679630 2
0.0 0.390620 0.541670 0.099480 0.103700 0.430210 0.582410 2 0.375520 0.553700 2 0.348440 0.509260 2
0.0 0.359900 0.659260 0.099480 0.111110 0.318750 0.625000 2 0.328120 0.638890 2 0.396870 0.700930 2
0.0 0.324480 0.650000 0.073440 0.172220 0.354170 0.727780 2 0.328120 0.638890 2 0.298440 0.580560 2
0.0 0.280730 0.378700 0.057290 0.195370 0.265100 0.464810 2 0.271350 0.345370 2 0.302080 0.304630 2
0.0 0.311460 0.190740 0.066670 0.173150 0.289060 0.269440 2 0.330210 0.190740 2 0.338540 0.124070 2
0.0 0.354690 0.279630 0.064580 0.172220 0.333850 0.347220 2 0.383850 0.233330 2 0.379170 0.205560 2
0.0 0.390620 0.217590 0.078650 0.120370 0.423960 0.172220 2 0.383850 0.233330 2 0.379170 0.205560 2
0.0 0.453120 0.267590 0.043750 0.187040 0.439060 0.188890 2 0.468750 0.213890 2 0.469270 0.344440 2
0.0 0.481250 0.194440 0.128650 0.144440 0.423960 0.172220 2 0.540100 0.200000 2 0.520830 0.191670 2
0.0 0.545830 0.200930 0.066670 0.037960 0.570830 0.200000 2 0.540100 0.200000 2 0.520830 0.191670 2
0.0 0.437500 0.423150 0.093230 0.155560 0.395830 0.355560 2 0.447400 0.441670 2 0.478650 0.487960 2
0.0 0.430730 0.450930 0.053120 0.203700 0.413020 0.532410 2 0.447400 0.441670 2 0.451040 0.362040 2