0.0 0.310531 0.257748 0.086725 0.162822 0.274738 0.308036 2 0.304111 0.251573 2 0.342057 0.315698 2
0.0 0.240940 0.427166 0.067539 0.224043 0.214231 0.514892 2 0.225277 0.518597 2 0.242453 0.468322 2
0.0 0.229045 0.549087 0.042427 0.202560 0.215372 0.631764 2 0.225277 0.518597 2 0.242453 0.468322 2
0.0 0.344999 0.617075 0.118534 0.094940 0.395075 0.637127 2 0.335071 0.622050 2 0.299685 0.585399 2
0.0 0.391675 0.622328 0.082034 0.200915 0.365895 0.539121 2 0.381468 0.605948 2 0.412615 0.708156 2
0.0 0.356570 0.341484 0.086476 0.165429 0.393108 0.291513 2 0.377869 0.403340 2 0.379984 0.354837 2
0.0 0.381655 0.382952 0.101763 0.159457 0.417429 0.451223 2 0.377869 0.403340 2 0.379984 0.354837 2
0.0 0.439149 0.382589 0.134069 0.086350 0.490358 0.412180 2 0.435519 0.381742 2 0.379984 0.354837 2
0.0 0.485704 0.389660 0.083461 0.184308 0.518890 0.329594 2 0.469562 0.424531 2 0.451977 0.455277 2
0.0 0.460453 0.217695 0.125624 0.120821 0.512235 0.245581 2 0.480569 0.226512 2 0.403358 0.243205 2
0.0 0.468212 0.210392 0.107100 0.197391 0.512235 0.245581 2 0.480569 0.226512 2 0.501150 0.299235 2
0.0 0.654810 0.347034 0.061326 0.192136 0.662497 0.422117 2 0.642656 0.319982 2 0.644537 0.255692 2
0.0 0.628319 0.464357 0.038096 0.190762 0.628746 0.545951 2 0.622049 0.449896 2 0.627542 0.392060 2
0.0 0.574251 0.315689 0.076736 0.145139 0.577930 0.351833 2 0.579513 0.317077 2 0.599935 0.373091 2
0.0 0.538452 0.297441 0.078931 0.133187 0.551466 0.260065 2 0.547231 0.287681 2 0.563833 0.346443 2
0.0 0.579008 0.432541 0.041593 0.197000 0.577930 0.351833 2 0.586215 0.451065 2 0.574358 0.515637 2
0.0 0.536286 0.643866 0.071809 0.271531 0.526215 0.739479 2 0.539705 0.683651 2 0.512726 0.712957 2
0.0 0.527008 0.685023 0.101473 0.100476 0.483841 0.699223 2 0.539705 0.683651 2 0.565208 0.668775 2
0.0 0.484289 0.782540 0.106871 0.175914 0.526215 0.739479 2 0.480885 0.797479 2 0.443021 0.839777 2
0.0 0.670938 0.621261 0.040102 0.212695 0.657636 0.704950 2 0.678270 0.600035 2 0.672599 0.533837 2
0.0 0.598044 0.716752 0.094370 0.141530 0.634559 0.679726 2 0.584340 0.736497 2 0.565208 0.668775 2
0.0 0.578386 0.808033 0.073793 0.134576 0.550857 0.856701 2 0.577805 0.808881 2 0.609705 0.767853 2