0.0 0.616098 0.168124 0.091095 0.198719 0.576881 0.214335 2 0.639195 0.153187 2 0.655898 0.082504 2
0.0 0.623183 0.236088 0.050424 0.135403 0.639044 0.194188 2 0.634965 0.267069 2 0.606691 0.295190 2
0.0 0.626251 0.404517 0.074421 0.185280 0.594664 0.350884 2 0.624147 0.413763 2 0.653851 0.464179 2
0.0 0.529923 0.400598 0.041883 0.202890 0.539775 0.325590 2 0.541773 0.410602 2 0.522539 0.490751 2
0.0 0.493778 0.614369 0.068133 0.205611 0.474997 0.696191 2 0.520501 0.650520 2 0.517007 0.532714 2
0.0 0.520100 0.651698 0.086004 0.065292 0.555795 0.637055 2 0.520501 0.650520 2 0.489763 0.667142 2
0.0 0.446887 0.707187 0.029184 0.212479 0.439961 0.624801 2 0.452392 0.689922 2 0.451182 0.796057 2
0.0 0.416895 0.714966 0.085374 0.128061 0.450269 0.745909 2 0.452392 0.689922 2 0.389165 0.700922 2
0.0 0.339792 0.630890 0.076641 0.160684 0.305839 0.596189 2 0.347119 0.639640 2 0.369055 0.658530 2
0.0 0.343546 0.787649 0.083682 0.108657 0.379731 0.775692 2 0.342953 0.805883 2 0.312453 0.786225 2
0.0 0.306787 0.399743 0.038668 0.245928 0.320170 0.493968 2 0.303292 0.406612 2 0.318396 0.297452 2
0.0 0.356560 0.514465 0.061852 0.104670 0.382063 0.532956 2 0.346148 0.512370 2 0.383191 0.471614 2
0.0 0.360732 0.422512 0.096413 0.173343 0.320170 0.493968 2 0.384565 0.373979 2 0.383191 0.471614 2
0.0 0.388454 0.364110 0.031572 0.246233 0.394700 0.263722 2 0.384565 0.373979 2 0.383191 0.471614 2
0.0 0.363889 0.299487 0.094497 0.141634 0.331066 0.351051 2 0.365206 0.274184 2 0.406920 0.267955 2
0.0 0.382691 0.195681 0.057331 0.124694 0.405658 0.149357 2 0.373053 0.211394 2 0.406175 0.177747 2
0.0 0.430584 0.182499 0.063518 0.123121 0.447798 0.215358 2 0.450840 0.160001 2 0.406175 0.177747 2
0.0 0.469504 0.220122 0.096750 0.094488 0.433187 0.252920 2 0.472539 0.215160 2 0.508853 0.184177 2
0.0 0.474225 0.133683 0.120622 0.088852 0.526869 0.111125 2 0.450840 0.160001 2 0.423422 0.161148 2
0.0 0.541320 0.187027 0.089323 0.150145 0.576881 0.214335 2 0.539300 0.176237 2 0.510953 0.151053 2