0.0 0.245858 0.211062 0.116969 0.229061 0.292773 0.221645 2 0.219271 0.218010 2 0.191699 0.160643 2
0.0 0.248361 0.288462 0.067463 0.153524 0.225371 0.260451 2 0.240167 0.332230 2 0.273572 0.334271 2
0.0 0.269595 0.466353 0.098011 0.211266 0.294121 0.380562 2 0.272655 0.474202 2 0.249151 0.555111 2
0.0 0.368946 0.369721 0.065704 0.222660 0.347391 0.301548 2 0.357642 0.391767 2 0.389211 0.456533 2
0.0 0.437429 0.557027 0.093578 0.231278 0.468308 0.624235 2 0.414487 0.620523 2 0.401033 0.494803 2
0.0 0.415536 0.621093 0.097353 0.087556 0.375924 0.640451 2 0.414487 0.620523 2 0.448780 0.608251 2
0.0 0.499523 0.608378 0.053385 0.229965 0.494301 0.516418 2 0.490846 0.596003 2 0.507488 0.705079 2
0.0 0.531761 0.587638 0.103403 0.153463 0.501166 0.652115 2 0.490846 0.596003 2 0.558026 0.546673 2
0.0 0.599551 0.426224 0.097715 0.185873 0.629277 0.357823 2 0.592756 0.442620 2 0.572741 0.483318 2
0.0 0.618382 0.592652 0.099550 0.132675 0.578651 0.615270 2 0.621177 0.611289 2 0.649965 0.561564 2
0.0 0.600279 0.154424 0.066928 0.267239 0.599592 0.265420 2 0.604437 0.158469 2 0.572946 0.059600 2
0.0 0.565281 0.321408 0.076185 0.123694 0.541044 0.365389 2 0.575314 0.309496 2 0.530981 0.302758 2
0.0 0.547623 0.229909 0.119844 0.203527 0.599592 0.265420 2 0.515403 0.202668 2 0.530981 0.302758 2
0.0 0.510401 0.195887 0.059504 0.266004 0.488907 0.097886 2 0.515403 0.202668 2 0.530981 0.302758 2
0.0 0.526515 0.105160 0.114440 0.169743 0.567573 0.127447 2 0.521017 0.080411 2 0.476844 0.114025 2
0.0 0.491963 0.043646 0.073576 0.087292 0.460961 -0.010372 2 0.503775 0.022734 2 0.464540 0.019613 2
0.0 0.440374 0.059735 0.079908 0.119470 0.426817 0.098673 2 0.415637 0.044099 2 0.464540 0.019613 2
0.0 0.405456 0.124210 0.111766 0.120631 0.447418 0.123647 2 0.401125 0.122241 2 0.358965 0.124953 2
0.0 0.388028 0.049467 0.136248 0.098933 0.329688 0.066388 2 0.415637 0.044099 2 0.444243 0.018945 2
0.0 0.326165 0.158842 0.109914 0.177564 0.292773 0.221645 2 0.326232 0.145962 2 0.351985 0.092566 2