0 0.65573 0.66204 0.02865 0.16759 0.65104 0.73889 2 0.66406 0.64815 2 0.65625 0.59352 2 
0 0.71771 0.57315 0.06146 0.11481 0.73646 0.62500 2 0.72813 0.53611 2 0.69844 0.52593 2 
0 0.64167 0.47778 0.09271 0.24167 0.60521 0.58889 2 0.65260 0.48333 2 0.65625 0.59352 2 
0 0.67708 0.20741 0.07865 0.15648 0.71042 0.27500 2 0.68698 0.18889 2 0.65833 0.17870 2 
0 0.61458 0.15648 0.09479 0.07778 0.57656 0.13056 2 0.61719 0.15370 2 0.65833 0.17870 2 
0 0.62969 0.11481 0.08281 0.03426 0.66563 0.11111 2 0.61927 0.11759 2 0.59792 0.11944 2 
0 0.58646 0.04537 0.12448 0.05093 0.63958 0.04444 2 0.58750 0.05463 2 0.53542 0.03704 2 
0 0.48594 0.07963 0.14323 0.05370 0.54948 0.08981 2 0.48438 0.06759 2 0.42188 0.07315 2 
0 0.48125 0.15370 0.11927 0.11574 0.53177 0.13426 2 0.48438 0.12407 2 0.45625 0.16204 2 
0 0.49427 0.14815 0.09115 0.05463 0.53177 0.13426 2 0.48438 0.12407 2 0.45625 0.16204 2 
0 0.41563 0.19444 0.13750 0.07037 0.35781 0.21204 2 0.42396 0.19167 2 0.45625 0.16204 2 
0 0.56250 0.29537 0.12812 0.08148 0.51042 0.26481 2 0.56354 0.30463 2 0.61927 0.32407 2 
0 0.51979 0.26111 0.08958 0.15556 0.51042 0.26481 2 0.55625 0.25463 2 0.55781 0.19722 2 
0 0.43906 0.43981 0.11615 0.12593 0.48698 0.39167 2 0.42031 0.45463 2 0.39062 0.49167 2 
0 0.45000 0.56667 0.06667 0.19537 0.42865 0.48426 2 0.44635 0.57407 2 0.47813 0.64537 2 
0 0.36562 0.36019 0.04948 0.18796 0.34583 0.43148 2 0.36719 0.34074 2 0.38385 0.28981 2 
0 0.33750 0.51481 0.05417 0.20278 0.35885 0.60370 2 0.32812 0.49630 2 0.31615 0.43333 2 
0 0.34219 0.53426 0.04948 0.16852 0.35885 0.60370 2 0.32812 0.49630 2 0.35677 0.45833 2 
0 0.31406 0.59722 0.07083 0.20185 0.32240 0.68981 2 0.34219 0.52963 2 0.28281 0.51111 2 
0 0.38594 0.63333 0.03281 0.18889 0.38229 0.56204 2 0.38490 0.63056 2 0.37917 0.70926 2 
0 0.40625 0.67870 0.09479 0.08796 0.44323 0.71296 2 0.41198 0.70000 2 0.36823 0.64537 2 
0 0.29271 0.60741 0.07448 0.20185 0.32240 0.68981 2 0.28646 0.58426 2 0.28281 0.51111 2 
