0 0.71094 0.32500 0.02917 0.21667 0.70573 0.42037 2 0.72240 0.32130 2 0.70469 0.25000 2 
0 0.67812 0.16481 0.10677 0.05185 0.72344 0.18056 2 0.68229 0.15370 2 0.63594 0.15278 2 
0 0.63438 0.07037 0.04740 0.14074 0.62500 0.01389 2 0.65000 0.08796 2 0.62187 0.12778 2 
0 0.56250 0.15000 0.08281 0.21296 0.55521 0.18704 2 0.55208 0.24537 2 0.53542 0.14907 2 
0 0.56771 0.13333 0.08906 0.07037 0.53542 0.10741 2 0.55312 0.11759 2 0.53542 0.14907 2 
0 0.50260 0.16111 0.11042 0.07500 0.55521 0.18704 2 0.50573 0.14444 2 0.53542 0.14907 2 
0 0.53802 0.22222 0.05573 0.17685 0.52552 0.29907 2 0.55208 0.24537 2 0.56250 0.28426 2 
0 0.50000 0.26389 0.12240 0.05463 0.44167 0.25185 2 0.45104 0.28426 2 0 0 0 
0 0.44531 0.28333 0.08958 0.04537 0.40625 0.27963 2 0.45104 0.28426 2 0.47708 0.29259 2 
0 0.48021 0.33796 0.12604 0.08426 0.52240 0.37870 2 0.47135 0.32593 2 0.54115 0.32778 2 
0 0.47187 0.42963 0.06510 0.11204 0.44740 0.38889 2 0.47500 0.39167 2 0.49948 0.47315 2 
0 0.48073 0.41111 0.09948 0.10370 0.52240 0.37870 2 0.47500 0.39167 2 0.43802 0.44815 2 
0 0.43698 0.53611 0.06667 0.21019 0.46198 0.54444 2 0.43333 0.52407 2 0.46563 0.62870 2 
0 0.41563 0.59630 0.10938 0.13148 0.46198 0.54444 2 0.42396 0.62500 2 0.38229 0.65000 2 
0 0.58281 0.59815 0.13385 0.17870 0.52604 0.67685 2 0.57760 0.61019 2 0.63958 0.54630 2 
0 0.70365 0.55833 0.05990 0.16204 0.72240 0.62500 2 0.72240 0.54630 2 0.68437 0.49167 2 
0 0.70885 0.68333 0.06406 0.12593 0.72240 0.62500 2 0.71667 0.66019 2 0.73385 0.64630 2 
0 0.59740 0.72870 0.10833 0.06111 0.55417 0.74444 2 0.60729 0.74074 2 0.64740 0.71481 2 
0 0.44531 0.71667 0.11146 0.06759 0.49635 0.74074 2 0.44531 0.71574 2 0.40156 0.69259 2 
0 0.32448 0.67407 0.08958 0.14074 0.36250 0.73611 2 0.34323 0.71481 2 0.28698 0.61389 2 
0 0.33802 0.58426 0.02708 0.21944 0.34219 0.66667 2 0.33906 0.58519 2 0.34010 0.49630 2 
0 0.35625 0.46389 0.06823 0.16389 0.33177 0.40000 2 0.35990 0.46944 2 0.34010 0.49630 2 
0 0.32031 0.25278 0.05833 0.18519 0.29844 0.32963 2 0.32188 0.23981 2 0.34010 0.17593 2 
