0.0 0.237125 0.219267 0.047957 0.234773 0.232035 0.319606 2 0.226425 0.210985 2 0.249649 0.144162 2
0.0 0.282908 0.066472 0.103054 0.094308 0.239233 0.065328 2 0.279623 0.053327 2 0.322249 0.070086 2
0.0 0.332284 0.033697 0.057262 0.067395 0.345870 -0.069085 2 0.315684 -0.002188 2 0.337606 0.049659 2
0.0 0.390462 0.110539 0.096820 0.221078 0.392986 0.136290 2 0.390154 0.197689 2 0.414860 0.104661 2
0.0 0.387311 0.076164 0.088613 0.106656 0.418934 0.061663 2 0.401695 0.065408 2 0.414860 0.104661 2
0.0 0.444347 0.129712 0.108668 0.119596 0.392986 0.136290 2 0.442560 0.111226 2 0.414860 0.104661 2
0.0 0.405866 0.179252 0.068437 0.203822 0.409278 0.263261 2 0.390154 0.197689 2 0.376789 0.233847 2
0.0 0.436682 0.236786 0.117670 0.103148 0.490845 0.246560 2 0.479077 0.276431 2 0.920798 0.155366 0
0.0 0.484971 0.277745 0.086645 0.081052 0.520634 0.288765 2 0.479077 0.276431 2 0.454365 0.275080 2
0.0 0.447601 0.320796 0.123908 0.135121 0.404354 0.346640 2 0.456363 0.311680 2 0.392126 0.286921 2
0.0 0.446291 0.418596 0.070699 0.140510 0.472186 0.385812 2 0.446585 0.378136 2 0.416152 0.452880 2
0.0 0.439971 0.396096 0.101434 0.145038 0.404354 0.346640 2 0.446585 0.378136 2 0.474999 0.450559 2
0.0 0.467897 0.541826 0.081737 0.242412 0.443595 0.540787 2 0.471880 0.530709 2 0.432006 0.626358 2
0.0 0.481605 0.612106 0.113236 0.177492 0.443595 0.540787 2 0.470609 0.638460 2 0.506406 0.680183 2
0.0 0.328001 0.550142 0.140310 0.235577 0.371859 0.652975 2 0.331060 0.564475 2 0.280428 0.474853 2
0.0 0.220998 0.462876 0.070816 0.190129 0.196727 0.524438 2 0.204423 0.443211 2 0.244666 0.401356 2
0.0 0.204003 0.589903 0.071103 0.154449 0.196727 0.524438 2 0.198545 0.562948 2 0.184137 0.542048 2
0.0 0.301846 0.679311 0.105391 0.104461 0.339435 0.711988 2 0.291047 0.687874 2 0.256774 0.645787 2
0.0 0.442597 0.725002 0.108897 0.112345 0.392858 0.730260 2 0.442143 0.723957 2 0.484557 0.716779 2
0.0 0.557650 0.727198 0.095971 0.179485 0.516147 0.776620 2 0.535914 0.761998 2 0.597404 0.679328 2
0.0 0.554006 0.629330 0.046310 0.236833 0.541576 0.712709 2 0.552416 0.629808 2 0.560154 0.537666 2
0.0 0.549046 0.498130 0.078642 0.195221 0.577215 0.441456 2 0.544609 0.502379 2 0.560154 0.537666 2
0.0 0.602672 0.293971 0.071639 0.213423 0.614683 0.381560 2 0.601955 0.279900 2 0.591481 0.207008 2