0 0.77500 0.32870 0.03854 0.18241 0.77448 0.24630 2 0.78750 0.33611 2 0.76458 0.41204 2 
0 0.66771 0.35185 0.05000 0.18704 0.64896 0.43333 2 0.68698 0.32963 2 0.68229 0.39907 2 
0 0.71250 0.44074 0.08281 0.12037 0.74375 0.48981 2 0.71146 0.39537 2 0.68229 0.39907 2 
0 0.59844 0.27778 0.06979 0.18519 0.62760 0.35370 2 0.57917 0.29167 2 0.57344 0.20556 2 
0 0.56563 0.28704 0.04740 0.20926 0.55052 0.19352 2 0.57917 0.29167 2 0.58750 0.38519 2 
0 0.48906 0.14630 0.08750 0.07778 0.45208 0.17407 2 0.49844 0.12778 2 0.52917 0.11389 2 
0 0.36406 0.09630 0.09583 0.12593 0.32552 0.14907 2 0.39219 0.09259 2 0.40885 0.04352 2 
0 0.32135 0.22315 0.07031 0.08981 0.29740 0.18704 2 0.34844 0.22685 2 0.35208 0.25463 2 
0 0.41354 0.23796 0.10781 0.07870 0.44271 0.25648 2 0.41563 0.25185 2 0.46406 0.20648 2 
0 0.39583 0.31574 0.05208 0.08611 0.37917 0.28611 2 0.40052 0.32593 2 0.41458 0.34722 2 
0 0.44219 0.34815 0.03646 0.22037 0.44271 0.25648 2 0.43594 0.34074 2 0.45833 0.43981 2 
0 0.40313 0.42778 0.06250 0.17870 0.42604 0.36204 2 0.40260 0.43796 2 0.38229 0.50093 2 
0 0.34583 0.35000 0.04271 0.15370 0.33490 0.40556 2 0.35208 0.33056 2 0.32604 0.35556 2 
0 0.30677 0.44444 0.05625 0.19907 0.33177 0.47685 2 0.31250 0.42685 2 0.32604 0.35556 2 
0 0.32448 0.57222 0.04948 0.21852 0.33750 0.57685 2 0.30938 0.60556 2 0.34115 0.67315 2 
0 0.36979 0.62315 0.07969 0.13889 0.40000 0.67685 2 0.36458 0.62685 2 0.37812 0.69167 2 
0 0.37344 0.52407 0.08594 0.04352 0.40833 0.51574 2 0.37656 0.53056 2 0 0 0 
0 0.44948 0.51944 0.08125 0.13519 0.41563 0.46296 2 0.45000 0.52593 2 0.48542 0.57222 2 
0 0.38542 0.61019 0.03906 0.12593 0 0 0 0.38958 0.61389 2 0.38594 0.66852 2 
0 0.39219 0.74352 0.04844 0.14444 0.41198 0.79537 2 0.39531 0.76389 2 0.37812 0.69167 2 
0 0.38958 0.74537 0.08073 0.11574 0.42031 0.70278 2 0.39531 0.76389 2 0.37812 0.69167 2 
0 0.48490 0.76667 0.10312 0.08611 0.53073 0.79722 2 0.47865 0.75278 2 0.44427 0.73796 2 
0 0.55729 0.58056 0.09948 0.17685 0.59792 0.52778 2 0.56250 0.58704 2 0.52083 0.65833 2 
0 0.49531 0.25648 0.03490 0.25185 0.50208 0.14259 2 0.49479 0.25000 2 0.48333 0.36759 2 
