0.0 0.811632 0.239331 0.077327 0.163109 0.846784 0.309667 2 0.793761 0.229143 2 0.808897 0.307900 2
0.0 0.776166 0.229191 0.071024 0.184028 0.748700 0.147285 2 0.793761 0.229143 2 0.808897 0.307900 2
0.0 0.692977 0.191378 0.105287 0.117756 0.648429 0.144301 2 0.711826 0.179504 2 0.740632 0.234296 2
0.0 0.720398 0.325009 0.119232 0.156580 0.674330 0.262595 2 0.725349 0.329456 2 0.773949 0.386876 2
0.0 0.616287 0.246342 0.066092 0.179555 0.635393 0.171695 2 0.617979 0.266755 2 0.597380 0.165679 2
0.0 0.550547 0.204240 0.112782 0.101136 0.505792 0.239455 2 0.562637 0.197997 2 0.597380 0.165679 2
0.0 0.519607 0.184984 0.105515 0.125399 0.505792 0.239455 2 0.562637 0.197997 2 0.476856 0.233863 2
0.0 0.575670 0.081547 0.143201 0.084742 0.510998 0.056438 2 0.590170 0.066922 2 0.637933 0.114114 2
0.0 0.407091 0.146646 0.086277 0.159284 0.373847 0.210391 2 0.421110 0.133693 2 0.403113 0.209218 2
0.0 0.378391 0.274267 0.064977 0.159995 0.355507 0.346138 2 0.405669 0.330656 2 0.389542 0.272213 2
0.0 0.396937 0.342160 0.029485 0.166824 0.406678 0.418091 2 0.405669 0.330656 2 0.389542 0.272213 2
0.0 0.417364 0.348198 0.033873 0.189084 0.425456 0.440180 2 0.405669 0.330656 2 0.418022 0.262510 2
0.0 0.487833 0.477900 0.047880 0.211793 0.499431 0.383394 2 0.488891 0.494893 2 0.478288 0.568215 2
0.0 0.479915 0.623461 0.088661 0.185703 0.520150 0.703372 2 0.481466 0.620969 2 0.462217 0.690488 2
0.0 0.379430 0.559386 0.057332 0.135878 0.398148 0.614533 2 0.377318 0.559261 2 0.357604 0.505736 2
0.0 0.435646 0.693517 0.099214 0.110683 0.478963 0.733685 2 0.419815 0.680025 2 0.481146 0.717669 2
0.0 0.591930 0.555723 0.071823 0.139102 0.603562 0.569819 2 0.579015 0.568673 2 0.567830 0.604629 2
0.0 0.512536 0.680978 0.127529 0.059399 0.520150 0.703372 2 0.530877 0.687754 2 0.462217 0.690488 2
0.0 0.517520 0.669336 0.094028 0.115535 0.520150 0.703372 2 0.481466 0.620969 2 0.481146 0.717669 2
0.0 0.584255 0.602032 0.056674 0.113792 0.603562 0.569819 2 0.575298 0.622800 2 0.567830 0.604629 2
0.0 0.581192 0.749515 0.102525 0.060779 0.624374 0.767621 2 0.579807 0.738391 2 0.540627 0.728930 2
0.0 0.593174 0.794194 0.101841 0.037840 0.637940 0.793709 2 0.583771 0.799666 2 0.549005 0.795496 2
0.0 0.775115 0.766196 0.078914 0.091070 0.742990 0.796063 2 0.793862 0.768749 2 0.807381 0.739682 2