0 0.78229 0.29815 0.05625 0.18796 0.80417 0.38056 2 0.77240 0.29630 2 0.76406 0.21852 2 
0 0.65833 0.08241 0.10990 0.12685 0.61406 0.03056 2 0.67604 0.07037 2 0.70885 0.13611 2 
0 0.61927 0.24167 0.10833 0.15278 0.57344 0.17778 2 0.61875 0.26574 2 0.66927 0.30370 2 
0 0.56771 0.04537 0.07604 0.09167 0.59635 0.00741 2 0.57188 0.07778 2 0.53594 0.08611 2 
0 0.48177 0.07130 0.09531 0.08241 0.44688 0.09815 2 0.48750 0.06111 2 0.52552 0.04074 2 
0 0.49740 0.13426 0.11979 0.05556 0.55104 0.11296 2 0.49323 0.13796 2 0.44688 0.15370 2 
0 0.40052 0.07407 0.12865 0.13611 0.34583 0.13056 2 0.40781 0.06481 2 0.36771 0.13611 2 
0 0.33906 0.19722 0.08698 0.18148 0.30156 0.27870 2 0.33594 0.19815 2 0.36771 0.13611 2 
0 0.31146 0.37130 0.02604 0.17222 0.31562 0.44630 2 0.30781 0.35000 2 0.31562 0.29352 2 
0 0.37292 0.44074 0.09635 0.07130 0.41563 0.46852 2 0.36094 0.43889 2 0.33333 0.41296 2 
0 0.36979 0.42500 0.03281 0.21481 0.37552 0.52130 2 0.36094 0.43889 2 0.35938 0.33333 2 
0 0.45156 0.23056 0.12604 0.08704 0.39792 0.26481 2 0.45573 0.22593 2 0.50625 0.19815 2 
0 0.43490 0.38241 0.04531 0.22130 0.42135 0.28333 2 0.44583 0.38611 2 0.43438 0.47870 2 
0 0.54427 0.52963 0.07500 0.14444 0.57500 0.47130 2 0.53958 0.54537 2 0.51146 0.59352 2 
0 0.55052 0.59722 0.08802 0.05370 0.55521 0.62130 2 0.54531 0.60370 2 0.51615 0.61296 2 
0 0.47917 0.63889 0.05260 0.15185 0.49948 0.57593 2 0.48177 0.65648 2 0.49375 0.70648 2 
0 0.52031 0.66759 0.08125 0.10833 0.55521 0.62130 2 0.51719 0.68796 2 0.49375 0.70648 2 
0 0.52396 0.77130 0.08229 0.10463 0.55833 0.80926 2 0.53125 0.75278 2 0.49323 0.73148 2 
0 0.48594 0.81204 0.09948 0.12870 0.53021 0.86667 2 0.53125 0.75278 2 0.53281 0.83426 2 
0 0.43229 0.75278 0.08802 0.08796 0.47187 0.72037 2 0.44115 0.78889 2 0.44531 0.77407 2 
0 0.36771 0.67685 0.07760 0.11481 0.40052 0.72130 2 0.36406 0.67130 2 0.33958 0.63519 2 
0 0.56823 0.82593 0.08802 0.04352 0.60885 0.81667 2 0.57083 0.82685 2 0.53281 0.83426 2 
0 0.67448 0.79815 0.09010 0.08519 0.63594 0.82315 2 0.68750 0.81574 2 0.70885 0.77315 2 
