0.0 0.154449 0.223534 0.073189 0.130021 0.129631 0.173159 2 0.139563 0.258593 2 0.180509 0.264628 2
0.0 0.276578 0.587171 0.033403 0.116270 0.283667 0.548159 2 0.269719 0.602869 2 0.289698 0.630779 2
0.0 0.314181 0.656005 0.106329 0.085496 0.357200 0.683701 2 0.296779 0.656366 2 0.289698 0.630779 2
0.0 0.386282 0.630354 0.074929 0.137791 0.415025 0.686810 2 0.354922 0.622415 2 0.359286 0.571244 2
0.0 0.395396 0.747042 0.123032 0.079347 0.338249 0.732042 2 0.402182 0.743481 2 0.447620 0.750076 2
0.0 0.479478 0.634568 0.041824 0.186345 0.491902 0.563255 2 0.475388 0.654348 2 0.464861 0.703638 2
0.0 0.532135 0.650643 0.085466 0.063054 0.495775 0.634722 2 0.523142 0.653580 2 0.568059 0.654363 2
0.0 0.367009 0.389400 0.040705 0.186003 0.355921 0.308484 2 0.347024 0.429367 2 0.379832 0.467650 2
0.0 0.350036 0.404416 0.042721 0.160903 0.337188 0.332656 2 0.347024 0.429367 2 0.364579 0.478348 2
0.0 0.363397 0.483620 0.122673 0.102540 0.307603 0.441560 2 0.366678 0.495138 2 0.415834 0.527113 2
0.0 0.454580 0.459755 0.041582 0.158143 0.466858 0.405359 2 0.451143 0.470033 2 0.438941 0.517198 2
0.0 0.522911 0.415985 0.106253 0.076638 0.477668 0.388462 2 0.529579 0.426120 2 0.565374 0.444323 2
0.0 0.573593 0.466197 0.045252 0.194621 0.560032 0.542857 2 0.580986 0.457168 2 0.565374 0.444323 2
0.0 0.632719 0.447090 0.043377 0.172351 0.619260 0.513277 2 0.638379 0.443988 2 0.646756 0.385151 2
0.0 0.657011 0.365639 0.050866 0.198747 0.674831 0.451076 2 0.658898 0.343622 2 0.636979 0.280379 2
0.0 0.642615 0.276426 0.081140 0.210402 0.675563 0.365669 2 0.648020 0.237711 2 0.610299 0.182573 2
0.0 0.532313 0.236288 0.037560 0.210758 0.533592 0.154306 2 0.533968 0.242476 2 0.524273 0.324335 2
0.0 0.543844 0.267281 0.079905 0.196364 0.559119 0.190375 2 0.533968 0.242476 2 0.524273 0.324335 2
0.0 0.521449 0.128767 0.085055 0.146506 0.490457 0.141949 2 0.514307 0.112064 2 0.512066 0.176010 2
0.0 0.472140 0.179959 0.070513 0.144479 0.497496 0.237798 2 0.475771 0.152001 2 0.447412 0.119107 2
0.0 0.451989 0.106752 0.096897 0.093864 0.490457 0.141949 2 0.442583 0.092594 2 0.421153 0.103021 2
0.0 0.374160 0.079764 0.118564 0.078782 0.326094 0.054607 2 0.389870 0.082967 2 0.421153 0.103021 2