0.0 0.524200 0.226907 0.117344 0.142770 0.473985 0.213720 2 0.523186 0.217595 2 0.576781 0.237859 2
0.0 0.566678 0.218074 0.147031 0.184318 0.630603 0.140653 2 0.523186 0.217595 2 0.576781 0.237859 2
0.0 0.481806 0.179644 0.115146 0.151409 0.473985 0.213720 2 0.483573 0.176946 2 0.431220 0.247213 2
0.0 0.452150 0.169499 0.142165 0.160212 0.515366 0.102911 2 0.440409 0.146673 2 0.391330 0.230339 2
0.0 0.388701 0.158982 0.115465 0.128785 0.337694 0.213594 2 0.440409 0.146673 2 0.438038 0.104834 2
0.0 0.327466 0.352410 0.059017 0.199427 0.314481 0.436126 2 0.333864 0.345843 2 0.353655 0.268513 2
0.0 0.324386 0.370452 0.082525 0.201372 0.291354 0.455417 2 0.333864 0.345843 2 0.361498 0.284211 2
0.0 0.337627 0.462519 0.108188 0.241957 0.291354 0.455417 2 0.360890 0.483321 2 0.332578 0.504973 2
0.0 0.373627 0.469775 0.104203 0.096498 0.418662 0.439494 2 0.360890 0.483321 2 0.332578 0.504973 2
0.0 0.235293 0.497737 0.059859 0.222580 0.210677 0.596390 2 0.229126 0.488133 2 0.259317 0.403438 2
0.0 0.342224 0.658378 0.067856 0.220971 0.360814 0.734736 2 0.367272 0.672228 2 0.347594 0.640900 2
0.0 0.352734 0.689501 0.121819 0.133428 0.297786 0.688979 2 0.367272 0.672228 2 0.407727 0.689725 2
0.0 0.353575 0.764446 0.117343 0.093722 0.302291 0.793794 2 0.361676 0.759743 2 0.408301 0.738512 2
0.0 0.422987 0.802915 0.130545 0.145281 0.367937 0.811200 2 0.428163 0.803045 2 0.479078 0.807889 2
0.0 0.557034 0.554433 0.130874 0.222509 0.549758 0.590891 2 0.579015 0.488222 2 0.611371 0.462979 2
0.0 0.516311 0.657943 0.083387 0.177236 0.549758 0.590891 2 0.497178 0.679642 2 0.481122 0.730751 2
0.0 0.622271 0.459909 0.037409 0.212357 0.615786 0.379511 2 0.631244 0.477579 2 0.630452 0.545387 2
0.0 0.564550 0.400356 0.094730 0.167512 0.526048 0.365196 2 0.572220 0.382710 2 0.605468 0.428878 2
0.0 0.367682 0.586348 0.054285 0.136835 0.384869 0.538969 2 0.362232 0.613215 2 0.347594 0.640900 2
0.0 0.472521 0.533359 0.046977 0.197445 0.484319 0.456895 2 0.483723 0.507965 2 0.458324 0.622887 2