0.0 0.476806 0.164916 0.121792 0.133157 0.523590 0.110124 2 0.476690 0.154616 2 0.426650 0.219793 2
0.0 0.435519 0.190644 0.152960 0.172453 0.368714 0.162795 2 0.476690 0.154616 2 0.426650 0.219793 2
0.0 0.514348 0.080826 0.120251 0.142354 0.523590 0.110124 2 0.511998 0.079702 2 0.566765 0.109847 2
0.0 0.542106 0.059971 0.146721 0.119943 0.476689 0.028726 2 0.551388 0.012676 2 0.603893 0.059470 2
0.0 0.602229 0.021107 0.119078 0.042213 0.654202 -0.002075 2 0.551388 0.012676 2 0.550925 -0.032854 2
0.0 0.673557 0.133878 0.069596 0.198864 0.690994 0.210637 2 0.666517 0.132532 2 0.642495 0.068256 2
0.0 0.677689 0.150138 0.092253 0.197991 0.714420 0.211714 2 0.666517 0.132532 2 0.636004 0.091057 2
0.0 0.671016 0.256927 0.119501 0.236787 0.714420 0.211714 2 0.649601 0.297957 2 0.678150 0.297230 2
0.0 0.636988 0.294087 0.106175 0.086947 0.591368 0.299810 2 0.649601 0.297957 2 0.678150 0.297230 2
0.0 0.771394 0.209467 0.071916 0.222689 0.800954 0.292219 2 0.776197 0.194624 2 0.741727 0.131228 2
0.0 0.679412 0.464722 0.079475 0.220045 0.666106 0.559779 2 0.655831 0.499978 2 0.672643 0.451165 2
0.0 0.671373 0.505783 0.125472 0.122953 0.723520 0.460291 2 0.655831 0.499978 2 0.618203 0.551468 2
0.0 0.675465 0.584539 0.118586 0.082466 0.726053 0.573174 2 0.666914 0.586535 2 0.620842 0.602758 2
0.0 0.611455 0.681686 0.134608 0.134133 0.664277 0.645283 2 0.606024 0.686310 2 0.557543 0.733222 2
0.0 0.466745 0.533079 0.139972 0.213905 0.475622 0.565306 2 0.440872 0.482419 2 0.408212 0.482729 2
0.0 0.512540 0.607414 0.091501 0.172941 0.475622 0.565306 2 0.531815 0.614517 2 0.550543 0.654553 2
0.0 0.398045 0.488261 0.049732 0.214878 0.398525 0.399417 2 0.390120 0.514278 2 0.395311 0.584259 2
0.0 0.449472 0.378766 0.101737 0.161500 0.483594 0.310717 2 0.440488 0.366926 2 0.411640 0.442355 2
0.0 0.650305 0.410625 0.060969 0.134757 0.630257 0.375639 2 0.656804 0.434363 2 0.672643 0.451165 2
0.0 0.546365 0.441635 0.057927 0.198292 0.529580 0.371922 2 0.533489 0.424628 2 0.565342 0.523451 2