0.0 0.454690 0.183330 0.105210 0.094440 0.499999 0.145370 2 0.455209 0.173150 2 0.406249 0.220370 2
0.0 0.416150 0.194440 0.131770 0.124070 0.358329 0.143520 2 0.455209 0.173150 2 0.406249 0.220370 2
0.0 0.493750 0.112960 0.103120 0.104630 0.499999 0.145370 2 0.491669 0.111110 2 0.538539 0.160190 2
0.0 0.520830 0.087960 0.127600 0.100930 0.463539 0.048150 2 0.531249 0.058330 2 0.574999 0.123150 2
0.0 0.578650 0.046300 0.103650 0.080560 0.623959 0.079630 2 0.531249 0.058330 2 0.533849 0.012960 2
0.0 0.632290 0.221300 0.051560 0.182410 0.642709 0.303700 2 0.626039 0.217590 2 0.608859 0.145370 2
0.0 0.634900 0.238890 0.072920 0.173150 0.663539 0.312960 2 0.626039 0.217590 2 0.601559 0.165740 2
0.0 0.621880 0.342590 0.095830 0.203700 0.663539 0.312960 2 0.599999 0.375930 2 0.625519 0.385190 2
0.0 0.589060 0.367590 0.093750 0.051850 0.547919 0.357410 2 0.599999 0.375930 2 0.625519 0.385190 2
0.0 0.714580 0.330560 0.052080 0.206480 0.735419 0.423150 2 0.719789 0.317590 2 0.693229 0.242590 2
0.0 0.615620 0.551850 0.059370 0.200930 0.597399 0.641670 2 0.592189 0.578700 2 0.610419 0.536110 2
0.0 0.605730 0.589810 0.109380 0.082410 0.655209 0.562960 2 0.592189 0.578700 2 0.555209 0.616670 2
0.0 0.604170 0.669440 0.105730 0.042590 0.649999 0.675930 2 0.596349 0.668520 2 0.554169 0.668520 2
0.0 0.540630 0.743520 0.117190 0.090740 0.590109 0.725930 2 0.535419 0.746300 2 0.489059 0.775930 2
0.0 0.421350 0.545370 0.116670 0.172220 0.427079 0.580560 2 0.401559 0.486110 2 0.372399 0.475000 2
0.0 0.457290 0.635190 0.073960 0.147220 0.427079 0.580560 2 0.473959 0.649070 2 0.488019 0.695370 2
0.0 0.363020 0.476850 0.031770 0.206480 0.369269 0.388890 2 0.354169 0.500000 2 0.354169 0.571300 2
0.0 0.416150 0.386110 0.084380 0.131480 0.451039 0.330560 2 0.408859 0.371300 2 0.378129 0.436110 2
0.0 0.593230 0.487960 0.047920 0.118520 0.577599 0.446300 2 0.597399 0.513890 2 0.610419 0.536110 2
0.0 0.498440 0.482410 0.040630 0.186110 0.488019 0.407410 2 0.488019 0.461110 2 0.509899 0.570370 2