0.0 0.699283 0.252223 0.126357 0.248425 0.742980 0.358738 2 0.691025 0.227340 2 0.656908 0.146883 2
0.0 0.610496 0.433079 0.042333 0.253997 0.605127 0.431399 2 0.614099 0.445013 2 0.596815 0.540208 2
0.0 0.598695 0.366060 0.108728 0.102341 0.646208 0.401238 2 0.589465 0.355767 2 0.555199 0.350815 2
0.0 0.620179 0.538887 0.065790 0.254966 0.605127 0.431399 2 0.618830 0.572923 2 0.632989 0.656366 2
0.0 0.572375 0.162465 0.069855 0.247194 0.547013 0.244763 2 0.577279 0.096280 2 0.583468 0.062989 2
0.0 0.591151 0.103744 0.106455 0.123134 0.636195 0.109477 2 0.577279 0.096280 2 0.541906 0.100443 2
0.0 0.498700 0.133521 0.099716 0.118393 0.453331 0.131293 2 0.496194 0.133438 2 0.536464 0.129831 2
0.0 0.502690 0.257778 0.089672 0.228100 0.488739 0.324794 2 0.502577 0.251463 2 0.528342 0.353222 2
0.0 0.372026 0.081591 0.091109 0.163181 0.333652 0.110349 2 0.382664 0.065137 2 0.408625 0.024441 2
0.0 0.289448 0.312442 0.046980 0.268599 0.271476 0.417194 2 0.295284 0.291063 2 0.310230 0.208617 2
0.0 0.337273 0.497706 0.095050 0.199014 0.311460 0.498754 2 0.335057 0.522630 2 0.368533 0.583297 2
0.0 0.344317 0.664702 0.111292 0.126820 0.299304 0.620539 2 0.343068 0.682591 2 0.392256 0.686083 2
0.0 0.430360 0.744777 0.129216 0.147771 0.375622 0.727631 2 0.432660 0.761390 2 0.392256 0.686083 2
0.0 0.338089 0.390156 0.072049 0.293520 0.311460 0.498754 2 0.335057 0.522630 2 0.367788 0.293429 2
0.0 0.367915 0.292193 0.045844 0.244922 0.371814 0.395018 2 0.372535 0.266898 2 0.367788 0.293429 2
0.0 0.416041 0.208697 0.109605 0.135899 0.369231 0.213218 2 0.408565 0.201534 2 0.432657 0.181405 2
0.0 0.409167 0.274013 0.059903 0.235671 0.384907 0.354751 2 0.407643 0.259345 2 0.395671 0.356399 2
0.0 0.440320 0.339867 0.108503 0.160350 0.488739 0.324794 2 0.436441 0.345510 2 0.395671 0.356399 2
0.0 0.405046 0.474774 0.065134 0.265634 0.433302 0.384807 2 0.396807 0.479074 2 0.395671 0.356399 2
0.0 0.464522 0.553090 0.048352 0.207220 0.483536 0.482847 2 0.470598 0.586924 2 0.450135 0.633909 2