0.0 0.782301 0.186109 0.153610 0.176654 0.848521 0.231654 2 0.769198 0.173712 2 0.717987 0.139854 2
0.0 0.707869 0.378500 0.049853 0.191445 0.701573 0.380752 2 0.713902 0.384233 2 0.708458 0.464805 2
0.0 0.684246 0.338619 0.133229 0.065709 0.744082 0.330204 2 0.672229 0.337393 2 0.632232 0.357911 2
0.0 0.734914 0.447751 0.078795 0.189271 0.701573 0.380752 2 0.738608 0.472851 2 0.767408 0.522881 2
0.0 0.623399 0.210769 0.083886 0.182745 0.606865 0.287433 2 0.619146 0.159435 2 0.621216 0.131156 2
0.0 0.636053 0.155366 0.130228 0.082096 0.688621 0.127521 2 0.619146 0.159435 2 0.579255 0.187283 2
0.0 0.534643 0.241734 0.121955 0.079265 0.482447 0.271700 2 0.531868 0.243123 2 0.577452 0.212232 2
0.0 0.557949 0.328247 0.108524 0.165486 0.552181 0.385909 2 0.556975 0.323474 2 0.601832 0.378513 2
0.0 0.378800 0.279528 0.110546 0.144962 0.342201 0.340743 2 0.391526 0.273804 2 0.415127 0.226309 2
0.0 0.321932 0.517384 0.055450 0.202175 0.317247 0.604995 2 0.325501 0.497602 2 0.330189 0.427837 2
0.0 0.404647 0.616946 0.115436 0.142288 0.375345 0.635525 2 0.405974 0.636105 2 0.453467 0.656190 2
0.0 0.437895 0.732034 0.136163 0.084349 0.379783 0.731607 2 0.439269 0.745457 2 0.496138 0.713403 2
0.0 0.548527 0.729131 0.158088 0.098341 0.483350 0.754956 2 0.553775 0.739143 2 0.496138 0.713403 2
0.0 0.389366 0.539065 0.086157 0.218351 0.375345 0.635525 2 0.405974 0.636105 2 0.408907 0.448355 2
0.0 0.408760 0.447690 0.054271 0.183978 0.428837 0.518548 2 0.410344 0.425948 2 0.408907 0.448355 2
0.0 0.451296 0.353855 0.133995 0.091591 0.398466 0.389685 2 0.441760 0.353646 2 0.466322 0.322248 2
0.0 0.453270 0.405635 0.071710 0.175061 0.437762 0.480404 2 0.449420 0.395850 2 0.450341 0.474024 2
0.0 0.498884 0.431080 0.132404 0.110665 0.552181 0.385909 2 0.495400 0.437548 2 0.450341 0.474024 2
0.0 0.478820 0.552839 0.077885 0.197616 0.497729 0.468001 2 0.470139 0.561406 2 0.450341 0.474024 2
0.0 0.558756 0.567339 0.057723 0.154465 0.570052 0.503174 2 0.570925 0.587076 2 0.554569 0.635229 2