0.0 0.179955 0.546678 0.087032 0.233283 0.213847 0.634969 2 0.163807 0.547568 2 0.173737 0.444751 2
0.0 0.254149 0.516508 0.102861 0.173335 0.233084 0.589363 2 0.243879 0.486125 2 0.271958 0.447980 2
0.0 0.312780 0.553676 0.069200 0.215868 0.297263 0.467041 2 0.316911 0.561369 2 0.320035 0.652943 2
0.0 0.289086 0.252589 0.108088 0.164737 0.311887 0.182608 2 0.247188 0.205232 2 0.304457 0.251877 2
0.0 0.234097 0.223451 0.110743 0.129414 0.201356 0.275521 2 0.247188 0.205232 2 0.266398 0.175312 2
0.0 0.334195 0.228699 0.087500 0.071966 0.370690 0.213807 2 0.333622 0.227904 2 0.304457 0.251877 2
0.0 0.439011 0.213049 0.114799 0.128205 0.487327 0.228661 2 0.416320 0.194575 2 0.389807 0.230976 2
0.0 0.522264 0.241183 0.062894 0.140385 0.521141 0.185770 2 0.533555 0.262055 2 0.520071 0.302909 2
0.0 0.381737 0.349657 0.144533 0.137085 0.375567 0.333929 2 0.367532 0.350576 2 0.318797 0.350743 2
0.0 0.424883 0.370823 0.112999 0.158365 0.375567 0.333929 2 0.434320 0.403381 2 0.466968 0.400247 2
0.0 0.447852 0.564471 0.057400 0.191827 0.427925 0.488795 2 0.442573 0.555178 2 0.468516 0.640563 2
0.0 0.507901 0.897866 0.114880 0.137793 0.476084 0.947529 2 0.521889 0.892927 2 0.542182 0.840933 2
0.0 0.588187 0.726559 0.128653 0.126978 0.631390 0.688807 2 0.586607 0.752712 2 0.538906 0.769024 2
0.0 0.618872 0.650889 0.090226 0.088408 0.651395 0.624210 2 0.608631 0.663608 2 0.583768 0.680590 2
0.0 0.578719 0.593967 0.116391 0.192639 0.556541 0.675205 2 0.601739 0.597382 2 0.602955 0.519373 2
0.0 0.504834 0.496606 0.095219 0.211004 0.463390 0.426486 2 0.514855 0.509269 2 0.547502 0.564948 2
0.0 0.494680 0.394722 0.074731 0.205028 0.520601 0.475118 2 0.485694 0.349988 2 0.469307 0.320719 2
0.0 0.537695 0.413020 0.079660 0.180359 0.533466 0.338531 2 0.551962 0.420687 2 0.539588 0.489418 2
0.0 0.619449 0.440909 0.066092 0.221517 0.642453 0.532522 2 0.612530 0.428487 2 0.591364 0.356455 2