0.0 0.618541 0.124340 0.058710 0.163337 0.641222 0.169733 2 0.613561 0.125310 2 0.598840 0.078762 2
0.0 0.615339 0.496489 0.113782 0.104392 0.566982 0.525719 2 0.636011 0.496229 2 0.664548 0.468367 2
0.0 0.491064 0.652332 0.128427 0.283800 0.526671 0.529159 2 0.491774 0.668980 2 0.464845 0.776212 2
0.0 0.589583 0.737895 0.098813 0.143180 0.631447 0.742935 2 0.587450 0.706525 2 0.550578 0.752838 2
0.0 0.531830 0.379803 0.063955 0.231204 0.536119 0.285230 2 0.525356 0.398904 2 0.524229 0.474201 2
0.0 0.470315 0.227762 0.121691 0.159589 0.522348 0.231410 2 0.461035 0.204556 2 0.419960 0.227594 2
0.0 0.377434 0.109124 0.119950 0.105616 0.429827 0.073324 2 0.365767 0.106500 2 0.323628 0.146447 2
0.0 0.334516 0.249024 0.112585 0.135580 0.380252 0.199105 2 0.332616 0.251946 2 0.311887 0.261676 2
0.0 0.292496 0.332899 0.072292 0.153951 0.278561 0.394788 2 0.294395 0.339258 2 0.311887 0.261676 2
0.0 0.209758 0.373588 0.111597 0.229897 0.220860 0.423141 2 0.212778 0.358221 2 0.243334 0.268870 2
0.0 0.214615 0.520824 0.063485 0.240997 0.220860 0.423141 2 0.202739 0.526945 2 0.217952 0.621018 2
0.0 0.250728 0.563946 0.080549 0.231204 0.236557 0.671892 2 0.244105 0.533381 2 0.266011 0.470340 2
0.0 0.300852 0.561240 0.044769 0.221228 0.312073 0.654723 2 0.295861 0.545956 2 0.288814 0.474662 2
0.0 0.337212 0.477931 0.110490 0.177153 0.374436 0.407344 2 0.346450 0.477921 2 0.288814 0.474662 2
0.0 0.400230 0.477921 0.037513 0.181542 0.394793 0.410290 2 0.402406 0.470712 2 0.403190 0.547722 2
0.0 0.370288 0.685513 0.143516 0.189647 0.311087 0.683062 2 0.365770 0.701504 2 0.430016 0.696926 2
0.0 0.215578 0.679994 0.082499 0.169386 0.181941 0.648625 2 0.226411 0.716322 2 0.253349 0.705704 2
0.0 0.215205 0.799796 0.079305 0.172490 0.238610 0.776831 2 0.217395 0.835640 2 0.247824 0.836281 2
0.0 0.266338 0.811788 0.075755 0.162768 0.238610 0.776831 2 0.276019 0.837338 2 0.260224 0.791442 2
0.0 0.309466 0.893689 0.081441 0.135985 0.283256 0.883638 2 0.308535 0.895073 2 0.346852 0.915800 2
0.0 0.396405 0.849488 0.112508 0.125454 0.440234 0.824645 2 0.388779 0.857810 2 0.360498 0.855855 2
0.0 0.278445 0.710687 0.081822 0.210133 0.299331 0.621334 2 0.273870 0.731496 2 0.260224 0.791442 2