0 0.61562 0.03704 0.11042 0.06759 0.66250 0.06019 2 0.61198 0.03241 2 0.57083 0.01204 2 
0 0.72552 0.23333 0.05521 0.14352 0.74844 0.29352 2 0.72813 0.21852 2 0.70885 0.17500 2 
0 0.50521 0.09537 0.11927 0.05370 0.55937 0.08333 2 0.49896 0.08796 2 0.45365 0.11296 2 
0 0.60729 0.21759 0.06198 0.17407 0.58333 0.28796 2 0.62969 0.22778 2 0.61771 0.14352 2 
0 0.62344 0.32037 0.09062 0.12778 0.64844 0.32037 2 0.61771 0.32870 2 0.58594 0.37130 2 
0 0.61250 0.41852 0.08385 0.24167 0.64844 0.32037 2 0.60781 0.52407 2 0.58594 0.37130 2 
0 0.59323 0.52870 0.11302 0.07315 0.54375 0.51019 2 0.60781 0.52407 2 0.57604 0.52407 2 
0 0.49115 0.34630 0.02760 0.18056 0.48750 0.26111 2 0.50052 0.38519 2 0.48750 0.42500 2 
0 0.64531 0.76111 0.09115 0.14167 0.61146 0.81667 2 0.67188 0.77778 2 0.68802 0.70833 2 
0 0.49323 0.73981 0.09688 0.10278 0.53438 0.69630 2 0.49479 0.75093 2 0.46354 0.78056 2 
0 0.40156 0.65278 0.09948 0.13333 0.44271 0.70556 2 0.38958 0.65278 2 0.36406 0.59907 2 
0 0.41510 0.78426 0.10208 0.07870 0.46250 0.81852 2 0.40885 0.78426 2 0.46354 0.78056 2 
0 0.41615 0.38611 0.06198 0.26389 0.44167 0.26111 2 0.41875 0.38889 2 0.39479 0.50278 2 
0 0.47865 0.31574 0.09635 0.10185 0.51875 0.27593 2 0.47344 0.32593 2 0.44271 0.35556 2 
0 0.33229 0.25185 0.04740 0.22315 0.35156 0.15370 2 0.35417 0.29352 2 0.31354 0.35000 2 
0 0.35938 0.28519 0.06146 0.23426 0.38490 0.18981 2 0.37344 0.39259 2 0.37812 0.36389 2 
0 0.38594 0.46204 0.06250 0.19537 0.41198 0.54815 2 0.36927 0.42315 2 0.35729 0.37500 2 
0 0.37656 0.43889 0.02240 0.17593 0.37969 0.51574 2 0.36927 0.42315 2 0.37812 0.36389 2 
0 0.33646 0.47778 0.02917 0.18796 0.34271 0.56019 2 0.33698 0.47593 2 0.33021 0.41296 2 
0 0.29948 0.29537 0.04323 0.19352 0.31354 0.21111 2 0.29219 0.31481 2 0.28125 0.26759 2 
0 0.27500 0.36944 0.03177 0.22593 0.26406 0.46574 2 0.27500 0.35278 2 0.28125 0.26759 2 
0 0.28021 0.54074 0.03073 0.15741 0.27083 0.48333 2 0.28542 0.54630 2 0.28958 0.61296 2 
0 0.32396 0.62593 0.04271 0.23333 0.34271 0.56019 2 0.32448 0.62130 2 0.31146 0.53056 2 
