0.0 0.760400 0.329228 0.107107 0.193143 0.775363 0.413473 2 0.760526 0.322805 2 0.746249 0.248223 2
0.0 0.715140 0.465838 0.067902 0.125751 0.691035 0.506169 2 0.730514 0.462258 2 0.721097 0.420049 2
0.0 0.663606 0.434906 0.067206 0.212117 0.638395 0.523544 2 0.664203 0.434247 2 0.689322 0.345656 2
0.0 0.682805 0.177033 0.152235 0.169188 0.724958 0.250986 2 0.645971 0.180676 2 0.638928 0.102717 2
0.0 0.664945 0.259445 0.105516 0.223161 0.659460 0.168020 2 0.686798 0.280332 2 0.653410 0.353247 2
0.0 0.630154 0.215925 0.076050 0.156309 0.659460 0.168020 2 0.645971 0.180676 2 0.629257 0.150241 2
0.0 0.527315 0.327219 0.151727 0.133567 0.592706 0.311069 2 0.522884 0.332479 2 0.463762 0.346917 2
0.0 0.531863 0.197653 0.134790 0.199239 0.581999 0.141224 2 0.514167 0.190379 2 0.474911 0.246524 2
0.0 0.369438 0.196933 0.101067 0.116232 0.330040 0.199792 2 0.393728 0.173674 2 0.398618 0.243479 2
0.0 0.294346 0.332723 0.071918 0.152563 0.316613 0.284507 2 0.295079 0.355485 2 0.266316 0.389610 2
0.0 0.357746 0.399126 0.100594 0.102068 0.389588 0.435270 2 0.344464 0.396977 2 0.327253 0.363580 2
0.0 0.418674 0.335668 0.091746 0.174368 0.452257 0.288158 2 0.413745 0.359486 2 0.383281 0.391215 2
0.0 0.254229 0.529861 0.097209 0.210694 0.249949 0.437869 2 0.249724 0.543515 2 0.263319 0.618825 2
0.0 0.295875 0.593276 0.086149 0.177578 0.303078 0.662014 2 0.288727 0.595826 2 0.287411 0.529926 2
0.0 0.398584 0.616655 0.121762 0.227364 0.386812 0.518605 2 0.406480 0.625733 2 0.413253 0.715773 2
0.0 0.473413 0.691286 0.086598 0.189268 0.504739 0.628103 2 0.478970 0.711804 2 0.441289 0.765618 2
0.0 0.568237 0.654228 0.117682 0.141166 0.617366 0.634912 2 0.566060 0.677959 2 0.518245 0.693089 2
0.0 0.456639 0.827351 0.106565 0.155045 0.500978 0.785971 2 0.465494 0.823632 2 0.412883 0.878440 2
0.0 0.359941 0.742210 0.127443 0.179651 0.332845 0.671232 2 0.365981 0.746975 2 0.413253 0.715773 2
0.0 0.315060 0.775092 0.108936 0.135982 0.342784 0.831473 2 0.365981 0.746975 2 0.285896 0.724984 2
0.0 0.246861 0.708133 0.104903 0.142160 0.266993 0.769649 2 0.226910 0.703909 2 0.285896 0.724984 2