0 0.74479 0.29444 0.04740 0.19167 0.73958 0.38241 2 0.76406 0.30278 2 0.76406 0.22500 2 
0 0.78281 0.27963 0.04948 0.14444 0.80208 0.34074 2 0.76406 0.30278 2 0.76406 0.22500 2 
0 0.68177 0.37130 0.08906 0.11759 0.68490 0.37500 2 0.66771 0.36852 2 0.72135 0.42315 2 
0 0.69583 0.44537 0.04479 0.16759 0.68490 0.37500 2 0.71042 0.46574 2 0.68750 0.52778 2 
0 0.63802 0.53796 0.07083 0.19815 0.60990 0.61852 2 0.64115 0.53611 2 0.66615 0.45370 2 
0 0.57656 0.58056 0.03125 0.20833 0.58490 0.49537 2 0.57083 0.57315 2 0.56979 0.67130 2 
0 0.62656 0.67778 0.10677 0.11852 0.67396 0.63333 2 0.63594 0.67870 2 0.58073 0.73056 2 
0 0.46146 0.81667 0.10312 0.06204 0.50781 0.83796 2 0.46406 0.82130 2 0.41979 0.80093 2 
0 0.39115 0.62222 0.09219 0.16481 0.35156 0.55833 2 0.38333 0.62037 2 0.39740 0.55093 2 
0 0.37292 0.65185 0.07135 0.13981 0.40625 0.72037 2 0.38333 0.62037 2 0.34531 0.60556 2 
0 0.31042 0.54444 0.06510 0.20556 0.28802 0.46019 2 0.30625 0.55648 2 0.33437 0.63796 2 
0 0.30573 0.30185 0.02344 0.19259 0.30312 0.38889 2 0.30781 0.28241 2 0.30469 0.22315 2 
0 0.33646 0.27315 0.04896 0.16204 0.35156 0.21481 2 0.32448 0.29352 2 0.31771 0.34537 2 
0 0.40052 0.42963 0.07031 0.20833 0.37135 0.34259 2 0.43385 0.42037 2 0.40625 0.42315 2 
0 0.44115 0.55833 0.11406 0.04907 0.49635 0.56852 2 0.44375 0.56296 2 0.39740 0.55093 2 
0 0.42917 0.19074 0.11198 0.06481 0.37760 0.20556 2 0.44115 0.17222 2 0.47813 0.20556 2 
0 0.54948 0.25370 0.13437 0.08241 0.60990 0.23333 2 0.54271 0.26481 2 0.49167 0.28056 2 
0 0.60938 0.20093 0.11302 0.09074 0.60990 0.23333 2 0.61458 0.20833 2 0.65833 0.17315 2 
0 0.62552 0.10093 0.14219 0.08981 0.56563 0.07778 2 0.61875 0.10556 2 0.68646 0.13333 2 
0 0.51562 0.14167 0.12135 0.05278 0.56563 0.13796 2 0.50469 0.15278 2 0.46823 0.15741 2 
0 0.43958 0.41019 0.08594 0.04537 0.47396 0.41019 2 0.43385 0.42037 2 0.40625 0.42315 2 
