0.0 0.858378 0.274593 0.059309 0.184411 0.855206 0.353886 2 0.880431 0.275764 2 0.878077 0.206987 2
0.0 0.900849 0.249525 0.060228 0.143303 0.924499 0.297357 2 0.880431 0.275764 2 0.878077 0.206987 2
0.0 0.789563 0.362402 0.104095 0.132025 0.793255 0.364553 2 0.773654 0.364236 2 0.835860 0.395651 2
0.0 0.807676 0.423471 0.055634 0.162297 0.793255 0.364553 2 0.824810 0.436753 2 0.800814 0.498830 2
0.0 0.745218 0.523549 0.085954 0.197520 0.715960 0.603504 2 0.748743 0.520792 2 0.774471 0.440048 2
0.0 0.677127 0.580573 0.041582 0.194057 0.684012 0.502481 2 0.670482 0.575689 2 0.672279 0.662806 2
0.0 0.736513 0.650794 0.124116 0.138425 0.788724 0.596427 2 0.747177 0.648518 2 0.686422 0.711762 2
0.0 0.554340 0.825600 0.118286 0.087333 0.607355 0.829694 2 0.557463 0.828740 2 0.506872 0.824668 2
0.0 0.469085 0.675798 0.109058 0.174765 0.422507 0.631635 2 0.460249 0.676489 2 0.474031 0.610656 2
0.0 0.449403 0.707740 0.084776 0.146096 0.489149 0.757697 2 0.460249 0.676489 2 0.416881 0.675367 2
0.0 0.375598 0.632444 0.079710 0.202268 0.347809 0.564864 2 0.371302 0.644268 2 0.405512 0.707462 2
0.0 0.362962 0.419410 0.032289 0.177680 0.362697 0.497062 2 0.364769 0.401430 2 0.359454 0.350011 2
0.0 0.396783 0.384355 0.060173 0.158702 0.412111 0.327877 2 0.383924 0.406004 2 0.377850 0.453985 2
0.0 0.473834 0.502550 0.085675 0.206358 0.438319 0.434635 2 0.511227 0.483730 2 0.480154 0.494880 2
0.0 0.523595 0.603558 0.130243 0.079309 0.586264 0.595050 2 0.526718 0.606698 2 0.474031 0.610656 2
0.0 0.498947 0.282288 0.128372 0.092572 0.441227 0.311497 2 0.511957 0.262004 2 0.554712 0.279839 2
0.0 0.636666 0.300074 0.154180 0.115186 0.704303 0.262899 2 0.629407 0.311894 2 0.572267 0.341894 2
0.0 0.702688 0.234549 0.130331 0.115828 0.704303 0.262899 2 0.708830 0.239319 2 0.757153 0.194434 2
0.0 0.717881 0.141041 0.163231 0.124192 0.649621 0.139295 2 0.710427 0.147131 2 0.787703 0.150364 2
0.0 0.595052 0.211674 0.138585 0.084885 0.651442 0.192509 2 0.583097 0.224804 2 0.542079 0.240380 2
0.0 0.517339 0.473059 0.098388 0.067182 0.556197 0.462097 2 0.511227 0.483730 2 0.480154 0.494880 2