0.0 0.599326 0.071976 0.100663 0.143953 0.560645 -0.024177 2 0.620542 0.026071 2 0.638850 0.119712 2
0.0 0.667271 0.275559 0.099382 0.270627 0.668079 0.392740 2 0.685761 0.256811 2 0.661344 0.291775 2
0.0 0.716975 0.337860 0.097659 0.220502 0.756483 0.422255 2 0.685761 0.256811 2 0.672847 0.245346 2
0.0 0.424288 0.089294 0.156293 0.084715 0.357379 0.094597 2 0.428152 0.094534 2 0.495168 0.075146 2
0.0 0.357786 0.157730 0.101805 0.067275 0.397929 0.157728 2 0.345603 0.164155 2 0.321932 0.171887 2
0.0 0.359740 0.229555 0.135856 0.241267 0.349357 0.299828 2 0.342739 0.234936 2 0.337048 0.334382 2
0.0 0.401110 0.276477 0.130850 0.078698 0.349357 0.299828 2 0.405790 0.272519 2 0.444084 0.247831 2
0.0 0.313437 0.431381 0.070411 0.269547 0.300629 0.317563 2 0.312416 0.431571 2 0.317843 0.471611 2
0.0 0.347971 0.599027 0.085404 0.188931 0.381887 0.670487 2 0.349285 0.595740 2 0.312900 0.536795 2
0.0 0.302266 0.568016 0.103331 0.251693 0.258709 0.475388 2 0.301152 0.571236 2 0.317843 0.471611 2
0.0 0.350618 0.502203 0.079530 0.106974 0.381191 0.532210 2 0.349515 0.505421 2 0.317843 0.471611 2
0.0 0.440686 0.566497 0.122286 0.145561 0.392658 0.534939 2 0.443579 0.586966 2 0.468071 0.563026 2
0.0 0.408244 0.492715 0.077329 0.156327 0.380941 0.438975 2 0.426788 0.506065 2 0.437834 0.544985 2
0.0 0.505178 0.380099 0.124503 0.089647 0.547592 0.351575 2 0.504465 0.403302 2 0.457599 0.407633 2
0.0 0.479402 0.205690 0.138382 0.098045 0.425579 0.202371 2 0.496269 0.205325 2 0.444084 0.247831 2
0.0 0.565290 0.163483 0.101055 0.099062 0.529533 0.146529 2 0.568355 0.163866 2 0.608224 0.191025 2
0.0 0.620832 0.250717 0.092524 0.126477 0.583336 0.209032 2 0.635206 0.266893 2 0.615018 0.221769 2
0.0 0.586909 0.319665 0.131447 0.224420 0.565113 0.419298 2 0.607789 0.329538 2 0.545286 0.224636 2
0.0 0.522601 0.574232 0.123043 0.100627 0.571878 0.594486 2 0.516862 0.556307 2 0.468071 0.563026 2
0.0 0.573243 0.772768 0.149611 0.100285 0.520865 0.764145 2 0.583202 0.786824 2 0.634733 0.768519 2
0.0 0.610226 0.782444 0.070982 0.167276 0.607648 0.716744 2 0.619338 0.752534 2 0.608668 0.849951 2
0.0 0.628081 0.735757 0.067446 0.165627 0.604863 0.682199 2 0.619338 0.752534 2 0.644086 0.807777 2