0 0.64115 0.09074 0.06667 0.16667 0.61719 0.01574 2 0.66354 0.07315 2 0.66615 0.16296 2 
0 0.66875 0.31204 0.05260 0.24722 0.65208 0.42037 2 0.68802 0.29815 2 0.66094 0.32593 2 
0 0.70417 0.37870 0.05885 0.19815 0.72708 0.46389 2 0.68802 0.29815 2 0.67812 0.28519 2 
0 0.47813 0.09537 0.13646 0.05278 0.41719 0.08796 2 0.48073 0.10093 2 0.54375 0.09537 2 
0 0.40833 0.14630 0.08698 0.04630 0.44427 0.15370 2 0.39635 0.15000 2 0.37396 0.15278 2 
0 0.39948 0.21296 0.09219 0.21111 0.37969 0.27593 2 0.38333 0.21481 2 0.36354 0.30556 2 
0 0.42969 0.26389 0.11302 0.05185 0.37969 0.27593 2 0.43438 0.26111 2 0.47240 0.24537 2 
0 0.32812 0.39074 0.02500 0.25185 0.33333 0.28333 2 0.32708 0.39074 2 0.32604 0.42870 2 
0 0.33437 0.55185 0.05208 0.16944 0.35417 0.62407 2 0.33594 0.54907 2 0.31198 0.48796 2 
0 0.29792 0.51481 0.05937 0.22778 0.27240 0.42130 2 0.29635 0.51759 2 0.32604 0.42870 2 
0 0.35104 0.46296 0.05937 0.08981 0.37396 0.49630 2 0.34948 0.46574 2 0.32604 0.42870 2 
0 0.42240 0.53889 0.09427 0.11944 0.38385 0.50093 2 0.42188 0.55833 2 0.44740 0.54074 2 
0 0.40417 0.46481 0.04948 0.13889 0.38750 0.41019 2 0.41875 0.48056 2 0.42292 0.51852 2 
0 0.50781 0.37870 0.10521 0.06389 0.55000 0.36019 2 0.50365 0.40000 2 0.46094 0.39537 2 
0 0.51042 0.21296 0.11719 0.06944 0.46250 0.20000 2 0.52552 0.21574 2 0.47240 0.24537 2 
0 0.59375 0.18981 0.08125 0.07778 0.56406 0.16759 2 0.59635 0.19074 2 0.62813 0.22315 2 
0 0.63073 0.28056 0.06875 0.10648 0.60313 0.23519 2 0.64115 0.29815 2 0.62969 0.25278 2 
0 0.59010 0.33796 0.09062 0.19537 0.55573 0.42593 2 0.60729 0.35093 2 0.56667 0.24259 2 
0 0.49479 0.56111 0.10208 0.07500 0.53594 0.58889 2 0.49219 0.54352 2 0.44740 0.54074 2 
0 0.51094 0.75370 0.12760 0.06944 0.46510 0.73611 2 0.51771 0.76852 2 0.56667 0.76111 2 
0 0.54271 0.76944 0.04167 0.15093 0.55000 0.70833 2 0.55521 0.74352 2 0.53125 0.83148 2 
0 0.56563 0.72963 0.03854 0.15000 0.55260 0.67593 2 0.55521 0.74352 2 0.56927 0.79907 2 
