0.0 0.511654 0.311507 0.150913 0.079064 0.445355 0.289655 2 0.530073 0.311685 2 0.582915 0.338137 2
0.0 0.517127 0.316391 0.103752 0.120590 0.560598 0.282507 2 0.530073 0.311685 2 0.472584 0.349265 2
0.0 0.452238 0.463467 0.116040 0.060118 0.404431 0.448374 2 0.446867 0.465950 2 0.501209 0.481968 2
0.0 0.556785 0.467064 0.137696 0.152510 0.497753 0.510960 2 0.563735 0.458223 2 0.501209 0.481968 2
0.0 0.680966 0.436633 0.117033 0.098755 0.634132 0.458537 2 0.683700 0.437010 2 0.733248 0.413845 2
0.0 0.469696 0.566717 0.105673 0.053716 0.429072 0.564945 2 0.468696 0.572289 2 0.515708 0.564316 2
0.0 0.418369 0.576518 0.092404 0.168921 0.429072 0.564945 2 0.409110 0.571073 2 0.458214 0.648579 2
0.0 0.323628 0.485892 0.068856 0.146689 0.349770 0.543694 2 0.322019 0.485644 2 0.297488 0.425600 2
0.0 0.379770 0.378500 0.086340 0.159857 0.404431 0.448374 2 0.378721 0.379969 2 0.344713 0.434862 2
0.0 0.257351 0.374787 0.063762 0.220483 0.234077 0.281332 2 0.256264 0.372978 2 0.280259 0.479629 2
0.0 0.436148 0.106527 0.116524 0.055279 0.477944 0.113354 2 0.431319 0.108274 2 0.381454 0.104372 2
0.0 0.416849 0.169270 0.103685 0.114849 0.375024 0.202537 2 0.427658 0.165894 2 0.459247 0.135232 2
0.0 0.373175 0.053127 0.133530 0.106255 0.321040 0.077652 2 0.435909 0.038503 2 0.426985 0.015927 2
0.0 0.343977 0.053296 0.111248 0.106591 0.295102 0.082097 2 0.348239 0.042255 2 0.388000 0.016043 2
0.0 0.333435 0.166259 0.060392 0.163487 0.356627 0.111437 2 0.321971 0.157223 2 0.312573 0.233670 2
0.0 0.539707 0.118172 0.109278 0.083716 0.492791 0.086827 2 0.544133 0.124525 2 0.585107 0.155822 2
0.0 0.509583 0.014379 0.115025 0.028759 0.459048 -0.020406 2 0.504096 -0.011458 2 0.561783 0.013233 2
0.0 0.428038 0.063870 0.117436 0.127739 0.478503 0.022526 2 0.431319 0.108274 2 0.381454 0.104372 2
0.0 0.293095 0.282482 0.046689 0.149227 0.274247 0.336261 2 0.292947 0.268522 2 0.312573 0.233670 2