0.0 0.639452 0.468852 0.027470 0.250619 0.641562 0.360806 2 0.640524 0.462955 2 0.634675 0.577695 2
0.0 0.563643 0.110829 0.140705 0.137434 0.624174 0.166922 2 0.551655 0.098912 2 0.498829 0.060409 2
0.0 0.454315 0.149911 0.109020 0.095913 0.405348 0.119225 2 0.444499 0.137288 2 0.496248 0.176660 2
0.0 0.503129 0.244083 0.099491 0.137473 0.463838 0.293606 2 0.515846 0.283904 2 0.511889 0.256724 2
0.0 0.547706 0.263976 0.091741 0.109733 0.587718 0.239284 2 0.554392 0.292674 2 0.511889 0.256724 2
0.0 0.511327 0.255526 0.107995 0.202163 0.463838 0.293606 2 0.554392 0.292674 2 0.511889 0.256724 2
0.0 0.434454 0.374087 0.088460 0.200291 0.463838 0.293606 2 0.430092 0.368413 2 0.442300 0.416259 2
0.0 0.378147 0.391341 0.135103 0.104884 0.321571 0.357486 2 0.366259 0.396830 2 0.321765 0.391280 2
0.0 0.512371 0.626031 0.083389 0.165787 0.486124 0.680544 2 0.501797 0.577487 2 0.544046 0.567369 2
0.0 0.403867 0.714337 0.036482 0.215114 0.405567 0.630781 2 0.414269 0.728237 2 0.403332 0.807444 2
0.0 0.353869 0.602599 0.069167 0.240409 0.331098 0.506221 2 0.321651 0.656229 2 -0.062702 -0.072734 0
0.0 0.321437 0.621328 0.088607 0.225891 0.290438 0.602513 2 0.301598 0.658380 2 0.296245 0.574721 2
0.0 0.304422 0.679173 0.048307 0.196410 0.290438 0.602513 2 0.301598 0.658380 2 0.322256 0.761692 2
0.0 0.316440 0.788368 0.085604 0.174302 0.350393 0.843604 2 0.322444 0.794458 2 0.322256 0.761692 2
0.0 0.254806 0.633984 0.061340 0.199354 0.233755 0.554235 2 0.257599 0.644716 2 0.276991 0.716130 2
0.0 0.276407 0.145089 0.081965 0.202403 0.244877 0.224410 2 0.279219 0.160939 2 0.309631 0.073364 2
0.0 0.333203 0.118704 0.096735 0.128879 0.295472 0.157210 2 0.346338 0.137107 2 0.375332 0.087165 2
0.0 0.358032 0.193994 0.085768 0.202965 0.321077 0.271485 2 0.346338 0.137107 2 0.393446 0.124625 2
0.0 0.273619 0.415786 0.040685 0.285311 0.269374 0.524719 2 0.267638 0.410901 2 0.283274 0.299651 2
0.0 0.313529 0.471815 0.024056 0.223508 0.315184 0.567290 2 0.316717 0.457027 2 0.321765 0.391280 2
0.0 0.246388 0.301271 0.032324 0.151078 0.239652 0.353563 2 0.251325 0.308231 2 0.254725 0.240185 2