0.0 0.371379 0.085677 0.124650 0.171353 0.336772 0.144385 2 0.369405 0.047943 2 0.415808 0.100824 2
0.0 0.366814 0.158889 0.075703 0.092861 0.336772 0.144385 2 0.369334 0.178614 2 0.400643 0.171663 2
0.0 0.470434 0.076708 0.119804 0.085229 0.520681 0.059832 2 0.469927 0.073633 2 0.415808 0.100824 2
0.0 0.520114 0.185266 0.121210 0.121608 0.464832 0.162756 2 0.517945 0.187816 2 0.570602 0.203393 2
0.0 0.631263 0.046335 0.118848 0.092669 0.683944 0.057775 2 0.645732 0.053279 2 0.577485 0.033203 2
0.0 0.645208 0.066679 0.065552 0.133359 0.669988 0.113507 2 0.645732 0.053279 2 0.617204 -0.011457 2
0.0 0.751060 0.143907 0.085937 0.215877 0.761085 0.230202 2 0.744050 0.145246 2 0.716116 0.075086 2
0.0 0.670396 0.250447 0.087404 0.199163 0.702939 0.164665 2 0.695000 0.271325 2 0.637340 0.334231 2
0.0 0.615217 0.522150 0.049055 0.249304 0.630080 0.424828 2 0.611206 0.549471 2 0.593253 0.630404 2
0.0 0.643309 0.574222 0.086215 0.186193 0.604335 0.656998 2 0.611206 0.549471 2 0.676911 0.490363 2
0.0 0.666505 0.632528 0.137792 0.108795 0.604335 0.656998 2 0.607336 0.684046 2 0.727909 0.633732 2
0.0 0.602027 0.674403 0.094878 0.067790 0.604335 0.656998 2 0.607336 0.684046 2 0.638580 0.684543 2
0.0 0.358388 0.566248 0.052055 0.222255 0.344079 0.478675 2 0.341640 0.571543 2 0.374275 0.659941 2
0.0 0.583803 0.786190 0.114974 0.086442 0.536370 0.789828 2 0.591230 0.799679 2 0.632510 0.762159 2
0.0 0.691530 0.727659 0.095896 0.183760 0.674819 0.728702 2 0.669518 0.657471 2 0.732479 0.665797 2
0.0 0.771408 0.342962 0.052799 0.245764 0.753016 0.351756 2 0.778936 0.344753 2 0.769197 0.410315 2
0.0 0.741176 0.349721 0.056237 0.269780 0.753016 0.351756 2 0.745952 0.420003 2 0.715328 0.471451 2
0.0 0.704069 0.341828 0.064617 0.241610 0.729237 0.237266 2 0.722005 0.324669 2 0.673616 0.436811 2
0.0 0.744340 0.418165 0.043721 0.193061 0.753016 0.351756 2 0.745952 0.420003 2 0.727999 0.500935 2
0.0 0.761497 0.489298 0.032043 0.213175 0.753740 0.575752 2 0.765821 0.488503 2 0.769197 0.410315 2
0.0 0.699764 0.648568 0.070607 0.187499 0.674819 0.728702 2 0.669518 0.657471 2 0.732479 0.665797 2