0.0 0.346689 0.063013 0.140742 0.126026 0.304618 0.068893 2 0.347852 -0.003735 2 0.380554 0.072288 2
0.0 0.328879 0.099373 0.080478 0.102813 0.304618 0.068893 2 0.328001 0.119523 2 0.356522 0.130593 2
0.0 0.432232 0.080167 0.118013 0.104880 0.478768 0.092654 2 0.432151 0.077101 2 0.380554 0.072288 2
0.0 0.459377 0.210571 0.124755 0.139254 0.414184 0.158327 2 0.456985 0.211876 2 0.500823 0.256221 2
0.0 0.578397 0.139134 0.119238 0.117451 0.622311 0.182631 2 0.589469 0.156875 2 0.532635 0.099508 2
0.0 0.589421 0.154532 0.082383 0.167566 0.601627 0.227362 2 0.589469 0.156875 2 0.574244 0.079730 2
0.0 0.668251 0.301570 0.108087 0.220194 0.663875 0.388762 2 0.661796 0.299007 2 0.647915 0.217080 2
0.0 0.581348 0.356685 0.106842 0.204843 0.622788 0.294185 2 0.599670 0.390358 2 0.539558 0.417251 2
0.0 0.491792 0.581993 0.080792 0.243801 0.519468 0.498650 2 0.484033 0.605635 2 0.456026 0.671893 2
0.0 0.508551 0.646943 0.103835 0.192444 0.461722 0.703226 2 0.484033 0.605635 2 0.550628 0.586854 2
0.0 0.520071 0.715019 0.137362 0.130716 0.461722 0.703226 2 0.460257 0.730438 2 0.573657 0.750847 2
0.0 0.457163 0.718230 0.093504 0.083334 0.461722 0.703226 2 0.460257 0.730438 2 0.487593 0.748497 2
0.0 0.259795 0.479005 0.079328 0.219089 0.260402 0.388437 2 0.244199 0.474693 2 0.259442 0.576477 2
0.0 0.424245 0.813449 0.113959 0.105007 0.381979 0.790297 2 0.428616 0.830479 2 0.470513 0.818317 2
0.0 0.527619 0.818872 0.111959 0.192188 0.512699 0.810569 2 0.518835 0.740371 2 0.572811 0.783675 2
0.0 0.655956 0.500851 0.083541 0.241268 0.638387 0.498914 2 0.662188 0.506901 2 0.643714 0.563280 2
0.0 0.628410 0.490208 0.090194 0.264485 0.638387 0.498914 2 0.621854 0.559334 2 0.587196 0.590638 2
0.0 0.597052 0.461869 0.093279 0.239846 0.634864 0.377496 2 0.615283 0.455896 2 0.555847 0.534468 2
0.0 0.620821 0.556572 0.067594 0.189997 0.638387 0.498914 2 0.621854 0.559334 2 0.593847 0.625593 2
0.0 0.625100 0.633351 0.060396 0.206401 0.605099 0.710681 2 0.628912 0.635156 2 0.643714 0.563280 2
0.0 0.546821 0.748879 0.090340 0.190406 0.512699 0.810569 2 0.518835 0.740371 2 0.572811 0.783675 2