0.0 0.314060 0.087960 0.104170 0.131480 0.269789 0.140740 2 0.311459 0.080560 2 0.358329 0.040740 2
0.0 0.275520 0.212960 0.081770 0.055560 0.239059 0.220370 2 0.280729 0.228700 2 0.306249 0.207410 2
0.0 0.368750 0.193520 0.097920 0.105560 0.406249 0.157410 2 0.401559 0.212960 2 0.329689 0.235190 2
0.0 0.395830 0.233330 0.089580 0.175930 0.357289 0.307410 2 0.401559 0.212960 2 0.434379 0.160190 2
0.0 0.371870 0.523150 0.028650 0.189810 0.381769 0.461110 2 0.367709 0.543520 2 0.359899 0.608330 2
0.0 0.438540 0.487040 0.064060 0.236110 0.417709 0.383330 2 0.416149 0.508330 2 0.455729 0.587960 2
0.0 0.511460 0.652780 0.088020 0.136110 0.477609 0.608330 2 0.503129 0.673150 2 0.535939 0.715740 2
0.0 0.444790 0.729630 0.025000 0.169440 0.441149 0.660190 2 0.445309 0.752780 2 0.447399 0.796300 2
0.0 0.627080 0.645370 0.122920 0.118520 0.577599 0.678700 2 0.646879 0.663890 2 0.682289 0.610190 2
0.0 0.575000 0.755560 0.100520 0.055560 0.530209 0.743520 2 0.582289 0.766670 2 0.616149 0.768520 2
0.0 0.525520 0.813890 0.102080 0.038890 0.481769 0.815740 2 0.528649 0.816670 2 0.565629 0.808330 2
0.0 0.689580 0.467590 0.069790 0.118520 0.707289 0.412960 2 0.702079 0.446300 2 0.716149 0.511110 2
0.0 0.603650 0.468520 0.094270 0.089810 0.636979 0.500930 2 0.593749 0.442590 2 0.556769 0.455560 2
0.0 0.575520 0.346300 0.050000 0.168520 0.554169 0.415740 2 0.568229 0.337960 2 0.593229 0.275930 2
0.0 0.562500 0.246300 0.133330 0.107410 0.578129 0.214810 2 0.562499 0.250930 2 0.593229 0.275930 2
0.0 0.718230 0.375930 0.053120 0.201850 0.741149 0.462960 2 0.702079 0.446300 2 0.693229 0.285190 2
0.0 0.668230 0.376850 0.101040 0.098150 0.707289 0.412960 2 0.673959 0.353700 2 0.621879 0.348150 2
0.0 0.661980 0.349070 0.030730 0.175930 0.653649 0.410190 2 0.663539 0.317590 2 0.666149 0.275930 2
0.0 0.606250 0.088890 0.134370 0.119440 0.555729 0.037960 2 0.621879 0.105560 2 0.668229 0.135190 2
0.0 0.578650 0.115740 0.132810 0.079630 0.517709 0.085190 2 0.621879 0.105560 2 0.634379 0.142590 2
0.0 0.542710 0.173150 0.095310 0.105560 0.578129 0.214810 2 0.538539 0.165740 2 0.499999 0.128700 2
0.0 0.413540 0.664810 0.106770 0.091670 0.370829 0.631480 2 0.413539 0.693520 2 0.463539 0.700930 2