0 0.68594 0.08796 0.10417 0.13148 0.72969 0.14074 2 0.68802 0.08056 2 0.64115 0.04074 2 
0 0.72448 0.21296 0.08177 0.05556 0.76042 0.22037 2 0.71875 0.22870 2 0.69323 0.20741 2 
0 0.63125 0.19352 0.09792 0.10556 0.59323 0.15741 2 0.59792 0.21296 2 0.66979 0.23519 2 
0 0.60417 0.23333 0.08958 0.17593 0.64219 0.30741 2 0.59792 0.21296 2 0.56510 0.16019 2 
0 0.62813 0.52315 0.02865 0.18981 0.61771 0.46111 2 0.63177 0.54352 2 0.63958 0.60833 2 
0 0.56146 0.48704 0.06406 0.23611 0.58177 0.38333 2 0.58333 0.50833 2 0.54375 0.58796 2 
0 0.48854 0.65278 0.08802 0.13611 0.52187 0.60833 2 0.49635 0.67315 2 0.46354 0.71574 2 
0 0.55521 0.72963 0.02500 0.16944 0.55833 0.66019 2 0.55417 0.75278 2 0.55208 0.79630 2 
0 0.37292 0.64537 0.12292 0.11852 0.42188 0.67870 2 0.35260 0.66389 2 0.31719 0.61019 2 
0 0.42500 0.75556 0.10052 0.05556 0.46927 0.74352 2 0.41719 0.76667 2 0.38333 0.76852 2 
0 0.47448 0.81389 0.10208 0.03889 0.51771 0.81574 2 0.47083 0.81667 2 0.43385 0.80833 2 
0 0.31042 0.46759 0.06979 0.11852 0.29219 0.41296 2 0.29740 0.44630 2 0.28333 0.51111 2 
0 0.39635 0.46852 0.09427 0.08981 0.36250 0.50093 2 0.40573 0.44259 2 0.44271 0.45556 2 
0 0.42448 0.34630 0.05000 0.16852 0.44531 0.41574 2 0.43125 0.33796 2 0.40625 0.27593 2 
0 0.43750 0.24630 0.13333 0.10741 0.42135 0.21481 2 0.43698 0.25093 2 0.40625 0.27593 2 
0 0.28177 0.37593 0.05312 0.20185 0.25833 0.46296 2 0.29740 0.44630 2 0.30625 0.28519 2 
0 0.33177 0.37685 0.10104 0.09815 0.29219 0.41296 2 0.32552 0.35370 2 0.37760 0.34815 2 
0 0.33802 0.34907 0.03073 0.17593 0.34583 0.41019 2 0.33594 0.31759 2 0.33333 0.27593 2 
0 0.39375 0.08889 0.13437 0.11944 0.44375 0.03796 2 0.37760 0.10556 2 0.33125 0.13519 2 
0 0.42135 0.11574 0.13281 0.07963 0.48177 0.08519 2 0.37760 0.10556 2 0.36510 0.14259 2 
0 0.45729 0.17315 0.09531 0.10556 0.42135 0.21481 2 0.46094 0.16574 2 0.49948 0.12870 2 
0 0.58646 0.66481 0.10677 0.09167 0.62865 0.63148 2 0.58594 0.69352 2 0.53594 0.70093 2 
