0 0.74635 0.16759 0.06823 0.17685 0.77187 0.25000 2 0.73542 0.17870 2 0.74792 0.24815 2 
0 0.77344 0.29630 0.06042 0.12593 0.77187 0.25000 2 0.77760 0.29815 2 0.74792 0.24815 2 
0 0.64531 0.34907 0.04635 0.18056 0.65208 0.42593 2 0.65260 0.33611 2 0.63177 0.27315 2 
0 0.61250 0.37315 0.05469 0.17315 0.59219 0.30370 2 0.61615 0.37870 2 0.63698 0.45278 2 
0 0.64479 0.56944 0.07812 0.18056 0.67917 0.50648 2 0.65833 0.58519 2 0.61615 0.65833 2 
0 0.56042 0.59074 0.02083 0.21019 0.56094 0.50556 2 0.55781 0.59907 2 0.56354 0.68333 2 
0 0.51302 0.28796 0.12552 0.04907 0.45156 0.26759 2 0.50156 0.27870 2 0.46771 0.29537 2 
0 0.56823 0.16019 0.03333 0.23333 0.56094 0.06019 2 0.56510 0.17778 2 0.57812 0.26019 2 
0 0.46458 0.05463 0.14062 0.08519 0.52708 0.02778 2 0.46146 0.05000 2 0.39792 0.08241 2 
0 0.49167 0.11574 0.11146 0.08056 0.54010 0.14352 2 0.49948 0.09537 2 0.44427 0.09815 2 
0 0.41510 0.21389 0.08854 0.13704 0.45156 0.26759 2 0.42344 0.20556 2 0.37552 0.17037 2 
0 0.41823 0.22500 0.07708 0.15463 0.38958 0.28519 2 0.42344 0.20556 2 0.45000 0.15741 2 
0 0.35365 0.36111 0.02917 0.17222 0.35990 0.43796 2 0.35000 0.36389 2 0.35677 0.28796 2 
0 0.27448 0.42407 0.04115 0.21667 0.26354 0.52037 2 0.27969 0.39352 2 0.28958 0.33519 2 
0 0.31146 0.40370 0.05521 0.19259 0.29375 0.48611 2 0.31146 0.38519 2 0.28958 0.33519 2 
0 0.34219 0.47963 0.05208 0.17222 0.36094 0.55278 2 0.33594 0.48611 2 0.35000 0.47037 2 
0 0.38438 0.58333 0.04063 0.18519 0.39896 0.66296 2 0.38385 0.57593 2 0.36927 0.51111 2 
0 0.43906 0.61852 0.04896 0.24444 0.46094 0.51759 2 0.45156 0.63333 2 0.42188 0.72870 2 
0 0.48906 0.69259 0.04792 0.17500 0.50365 0.62593 2 0.49635 0.72130 2 0.47917 0.76574 2 
0 0.56250 0.75741 0.08802 0.11389 0.60052 0.72593 2 0.56354 0.76296 2 0.53281 0.78796 2 
0 0.50260 0.86481 0.10729 0.04259 0.55260 0.86667 2 0.49219 0.86667 2 0.45781 0.86852 2 
0 0.34063 0.54167 0.03125 0.17963 0.34740 0.61667 2 0.33594 0.48611 2 0.35000 0.47037 2 
0 0.51042 0.62963 0.07917 0.15926 0.54271 0.56574 2 0.51979 0.63056 2 0.47760 0.70278 2 
