0.0 0.268288 0.406997 0.052627 0.170806 0.258125 0.336614 2 0.260409 0.417660 2 0.289209 0.472241 2
0.0 0.298256 0.653366 0.068962 0.202147 0.299243 0.731902 2 0.288646 0.622731 2 0.292886 0.572919 2
0.0 0.378360 0.616469 0.089966 0.133948 0.341354 0.578949 2 0.392014 0.589964 2 0.413198 0.657027 2
0.0 0.404395 0.536673 0.095788 0.158829 0.440339 0.595125 2 0.392014 0.589964 2 0.365961 0.487687 2
0.0 0.416065 0.391989 0.131060 0.119846 0.447730 0.351700 2 0.422427 0.402354 2 0.462109 0.352283 2
0.0 0.506389 0.358366 0.130906 0.090245 0.447730 0.351700 2 0.510408 0.362879 2 0.462109 0.352283 2
0.0 0.585687 0.336127 0.086843 0.193263 0.617402 0.410873 2 0.583942 0.336432 2 0.549450 0.261309 2
0.0 0.620697 0.489950 0.080955 0.066142 0.588294 0.480442 2 0.639633 0.506701 2 0.652663 0.479484 2
0.0 0.604523 0.584865 0.057083 0.200470 0.620039 0.664842 2 0.603246 0.579631 2 0.585170 0.514619 2
0.0 0.648141 0.642646 0.095729 0.140232 0.620039 0.664842 2 0.684395 0.635811 2 0.670103 0.585395 2
0.0 0.678875 0.666941 0.086854 0.162009 0.661843 0.731167 2 0.684395 0.635811 2 0.692419 0.600595 2
0.0 0.636182 0.819098 0.080443 0.164875 0.623161 0.882483 2 0.635280 0.796577 2 0.649426 0.753725 2
0.0 0.565087 0.924738 0.108146 0.066839 0.521503 0.928476 2 0.570141 0.929951 2 0.608608 0.917272 2
0.0 0.452940 0.775487 0.112000 0.126783 0.405971 0.741898 2 0.454836 0.789518 2 0.501901 0.809434 2
0.0 0.572242 0.542790 0.068385 0.227360 0.565162 0.449107 2 0.568142 0.570760 2 0.577260 0.648548 2
0.0 0.546915 0.691267 0.051104 0.177243 0.541685 0.614410 2 0.545640 0.686043 2 0.550707 0.775548 2
0.0 0.523221 0.684518 0.071365 0.167176 0.494201 0.619940 2 0.516025 0.676918 2 0.556751 0.750720 2
0.0 0.469932 0.570803 0.054801 0.181402 0.452227 0.496589 2 0.475874 0.575818 2 0.489516 0.639050 2
0.0 0.715283 0.496179 0.068073 0.201958 0.740888 0.575839 2 0.707942 0.456904 2 0.691681 0.414155 2
0.0 0.699457 0.517650 0.060027 0.234037 0.716185 0.624547 2 0.693964 0.495191 2 0.691681 0.414155 2
0.0 0.454553 0.189090 0.114031 0.136510 0.419915 0.244366 2 0.444691 0.148539 2 0.488874 0.150958 2
0.0 0.469615 0.263799 0.079408 0.106367 0.498590 0.291111 2 0.461843 0.252702 2 0.437619 0.231557 2
0.0 0.430753 0.265693 0.081208 0.161652 0.419915 0.244366 2 0.425500 0.286668 2 0.398875 0.208969 2
0.0 0.439539 0.134298 0.117899 0.076505 0.483146 0.107787 2 0.419015 0.121373 2 0.387526 0.162459 2