0.0 0.366634 0.054961 0.098904 0.091385 0.410722 0.019397 2 0.368074 0.053292 2 0.323875 0.083855 2
0.0 0.585710 0.073658 0.108460 0.129382 0.620349 0.129487 2 0.577346 0.057796 2 0.548828 0.020994 2
0.0 0.519643 0.179726 0.072710 0.122172 0.504152 0.233018 2 0.507148 0.169564 2 0.496736 0.129784 2
0.0 0.564192 0.304235 0.106458 0.181982 0.529871 0.330801 2 0.555914 0.380752 2 0.518545 0.384220 2
0.0 0.596263 0.287471 0.059164 0.162233 0.607383 0.361862 2 0.605178 0.295012 2 0.591745 0.225488 2
0.0 0.541603 0.256820 0.084727 0.074686 0.504152 0.233018 2 0.542130 0.255136 2 0.511736 0.229855 2
0.0 0.466534 0.185394 0.101558 0.117749 0.504152 0.233018 2 0.480353 0.238381 2 0.439882 0.202198 2
0.0 0.473085 0.244072 0.114187 0.094114 0.439766 0.280552 2 0.480353 0.238381 2 0.426941 0.269611 2
0.0 0.376496 0.293509 0.127056 0.078716 0.317625 0.318004 2 0.379038 0.295164 2 0.426941 0.269611 2
0.0 0.428736 0.358770 0.040294 0.176708 0.439766 0.280552 2 0.419339 0.371752 2 0.429069 0.436258 2
0.0 0.432153 0.449560 0.094130 0.138172 0.409891 0.463145 2 0.435203 0.516380 2 0.429069 0.436258 2
0.0 0.433994 0.509803 0.071548 0.124621 0.409891 0.463145 2 0.435203 0.516380 2 0.451973 0.567816 2
0.0 0.553930 0.372514 0.077537 0.103338 0.529871 0.330801 2 0.555914 0.380752 2 0.518545 0.384220 2
0.0 0.302266 0.464597 0.044636 0.168559 0.303225 0.534684 2 0.293593 0.447081 2 0.314138 0.387231 2
0.0 0.399933 0.775623 0.095971 0.045270 0.359317 0.773216 2 0.409236 0.783990 2 0.438285 0.770478 2
0.0 0.489134 0.759872 0.089509 0.093680 0.445732 0.801957 2 0.493570 0.760733 2 0.524724 0.727455 2
0.0 0.573554 0.603813 0.078107 0.132135 0.542055 0.656824 2 0.550889 0.589348 2 0.574222 0.583985 2
0.0 0.536439 0.593264 0.092106 0.042742 0.501726 0.602506 2 0.550889 0.589348 2 0.574222 0.583985 2
0.0 0.550710 0.537420 0.045823 0.171866 0.530996 0.613745 2 0.554549 0.523420 2 0.566415 0.463418 2
0.0 0.644386 0.544847 0.044838 0.187482 0.631968 0.627064 2 0.649284 0.529208 2 0.661813 0.466741 2
0.0 0.679845 0.415971 0.064217 0.135186 0.697118 0.471486 2 0.659923 0.418042 2 0.667993 0.359621 2