0 0.67031 0.05648 0.10417 0.10093 0.62292 0.01574 2 0.66823 0.05463 2 0.71562 0.08981 2 
0 0.41927 0.07315 0.11146 0.14352 0.37396 0.13519 2 0.42969 0.05556 2 0.46563 0.01481 2 
0 0.48438 0.19352 0.07135 0.13611 0.49635 0.25370 2 0.49896 0.18241 2 0.51458 0.13796 2 
0 0.42188 0.33241 0.10417 0.20278 0.45781 0.36296 2 0.42344 0.41852 2 0.46563 0.42315 2 
0 0.38698 0.31296 0.05208 0.18148 0.36667 0.39630 2 0.37552 0.32130 2 0.39740 0.24352 2 
0 0.45208 0.27963 0.08958 0.08241 0.49635 0.25370 2 0.45104 0.27778 2 0.48802 0.25000 2 
0 0.54427 0.20093 0.10469 0.13056 0.49635 0.25370 2 0.52292 0.26019 2 0.57240 0.22037 2 
0 0.53125 0.26667 0.12135 0.10370 0.56510 0.30833 2 0.52292 0.26019 2 0.58073 0.29630 2 
0 0.63646 0.32407 0.13750 0.08611 0.70052 0.35278 2 0.63281 0.32593 2 0.58073 0.29630 2 
0 0.57083 0.39630 0.02917 0.19815 0.56510 0.30833 2 0.57969 0.41111 2 0.56250 0.48333 2 
0 0.55833 0.49815 0.09427 0.15370 0.58177 0.51389 2 0.54792 0.57315 2 0.56250 0.48333 2 
0 0.55052 0.56574 0.06979 0.13889 0.58177 0.51389 2 0.54792 0.57315 2 0.52396 0.63056 2 
0 0.42708 0.40926 0.07865 0.11481 0.45781 0.36296 2 0.42344 0.41852 2 0.46563 0.42315 2 
0 0.70469 0.51759 0.03490 0.18889 0.69635 0.59630 2 0.71562 0.49815 2 0.69792 0.43056 2 
0 0.56406 0.86481 0.10521 0.04907 0.60990 0.86296 2 0.55208 0.87407 2 0.52031 0.85833 2 
0 0.46406 0.84537 0.09323 0.10370 0.50885 0.89352 2 0.45833 0.84630 2 0.42604 0.80833 2 
0 0.38281 0.66852 0.07656 0.14722 0.41302 0.72870 2 0.40937 0.65278 2 0.38333 0.64630 2 
0 0.42604 0.65741 0.10104 0.04630 0.46406 0.66852 2 0.40937 0.65278 2 0.38333 0.64630 2 
0 0.41510 0.59444 0.03594 0.19259 0.42969 0.68056 2 0.41146 0.57870 2 0.40365 0.51111 2 
0 0.30781 0.60093 0.03333 0.21019 0.31354 0.69352 2 0.30312 0.58333 2 0.29479 0.51296 2 
0 0.27969 0.45556 0.06042 0.15093 0.25417 0.51759 2 0.30156 0.45833 2 0.29792 0.39259 2 
