0.0 0.324403 0.421670 0.110755 0.208399 0.302907 0.508739 2 0.305007 0.377391 2 0.341218 0.333612 2
0.0 0.327372 0.588391 0.130431 0.204400 0.381133 0.655232 2 0.325554 0.606037 2 0.268237 0.535939 2
0.0 0.370972 0.798593 0.058967 0.232437 0.354374 0.702945 2 0.361344 0.773384 2 0.391300 0.900459 2
0.0 0.383220 0.922843 0.098739 0.154313 0.419110 0.984405 2 0.375957 0.941501 2 0.391300 0.900459 2
0.0 0.521831 0.978400 0.124519 0.043200 0.468501 0.994429 2 0.521015 1.007804 2 0.574875 1.019853 2
0.0 0.518725 0.849062 0.141498 0.103092 0.572880 0.855956 2 0.510999 0.845738 2 0.459367 0.841288 2
0.0 0.471123 0.583982 0.086419 0.210396 0.435658 0.503795 2 0.467182 0.598047 2 0.501274 0.672440 2
0.0 0.569296 0.735047 0.101471 0.149642 0.528833 0.695578 2 0.568251 0.757590 2 0.608928 0.784822 2
0.0 0.649751 0.767409 0.089269 0.197825 0.637505 0.847293 2 0.655595 0.840117 2 0.657304 0.686527 2
0.0 0.633260 0.820885 0.107119 0.090523 0.637505 0.847293 2 0.655595 0.840117 2 0.676736 0.829198 2
0.0 0.733966 0.764408 0.098045 0.231929 0.728439 0.853923 2 0.740097 0.759947 2 0.741831 0.672302 2
0.0 0.669723 0.456462 0.075320 0.225793 0.665954 0.511072 2 0.682607 0.484951 2 0.671379 0.558537 2
0.0 0.652964 0.422750 0.058576 0.223856 0.665954 0.511072 2 0.643290 0.387405 2 0.632540 0.325937 2
0.0 0.615279 0.437435 0.096505 0.246675 0.648563 0.529243 2 0.607010 0.355104 2 0.578760 0.334162 2
0.0 0.560811 0.365667 0.053013 0.213146 0.570871 0.461770 2 0.554233 0.349908 2 0.541628 0.276701 2
0.0 0.542382 0.400313 0.135238 0.182836 0.570871 0.461770 2 0.501572 0.361931 2 0.578760 0.334162 2
0.0 0.510602 0.340611 0.053309 0.166027 0.506629 0.275554 2 0.501572 0.361931 2 0.517876 0.419085 2
0.0 0.555103 0.559735 0.073336 0.197970 0.556566 0.486336 2 0.556627 0.549226 2 0.550803 0.643886 2
0.0 0.466292 0.296952 0.110857 0.175384 0.489215 0.227791 2 0.501572 0.361931 2 0.434600 0.372149 2
0.0 0.455911 0.191791 0.114860 0.063034 0.501892 0.186351 2 0.436493 0.190117 2 0.407340 0.216047 2
0.0 0.540633 0.080125 0.113884 0.111895 0.586347 0.109238 2 0.530466 0.071266 2 0.492347 0.053596 2
0.0 0.655760 0.193836 0.099028 0.207607 0.616837 0.124596 2 0.667481 0.195210 2 0.626009 0.205686 2
0.0 0.673982 0.299244 0.106228 0.259282 0.665707 0.368087 2 0.667481 0.195210 2 0.626009 0.205686 2
0.0 0.570189 0.184973 0.140228 0.211356 0.616837 0.124596 2 0.576083 0.185639 2 0.541628 0.276701 2