0.0 0.785420 0.475000 0.032810 0.227780 0.792190 0.371300 2 0.792190 0.461110 2 0.777600 0.580560 2
0.0 0.606770 0.662040 0.086460 0.143520 0.643750 0.718520 2 0.596350 0.678700 2 0.572400 0.606480 2
0.0 0.545310 0.820370 0.108330 0.034260 0.593750 0.820370 2 0.548440 0.818520 2 0.499480 0.823150 2
0.0 0.496350 0.873150 0.116150 0.082410 0.451040 0.899070 2 0.497400 0.890740 2 0.548440 0.851850 2
0.0 0.400000 0.666670 0.057290 0.175930 0.423440 0.740740 2 0.397400 0.675930 2 0.373960 0.587960 2
0.0 0.490620 0.606480 0.072400 0.167590 0.461460 0.537960 2 0.487500 0.612960 2 0.517710 0.677780 2
0.0 0.604170 0.308330 0.073440 0.182410 0.576040 0.230560 2 0.597920 0.298150 2 0.611460 0.228700 2
0.0 0.563540 0.188890 0.098440 0.108330 0.523960 0.150000 2 0.563540 0.183330 2 0.611460 0.228700 2
0.0 0.526560 0.051850 0.091670 0.100000 0.489060 0.010190 2 0.535420 0.010190 2 0.531250 0.075000 2
0.0 0.494270 0.121300 0.118750 0.111110 0.465100 0.117590 2 0.483330 0.135190 2 0.531250 0.075000 2
0.0 0.431770 0.141670 0.089580 0.068520 0.465100 0.117590 2 0.417190 0.123150 2 0.395310 0.168520 2
0.0 0.472400 0.237040 0.057810 0.104630 0.492190 0.193520 2 0.471870 0.287960 2 0.452600 0.283330 2
0.0 0.471350 0.300930 0.151560 0.078700 0.464060 0.325930 2 0.471870 0.287960 2 0.538020 0.277780 2
0.0 0.466150 0.391670 0.028650 0.169440 0.464060 0.325930 2 0.461460 0.411110 2 0.473440 0.455560 2
0.0 0.339060 0.415740 0.026560 0.205560 0.333330 0.505560 2 0.337500 0.425000 2 0.345830 0.330560 2
0.0 0.375520 0.469440 0.128650 0.137960 0.417190 0.502780 2 0.337500 0.425000 2 0.326040 0.527780 2
0.0 0.394790 0.595370 0.061460 0.186110 0.373960 0.523150 2 0.397400 0.675930 2 0.373960 0.587960 2
0.0 0.442710 0.552780 0.067710 0.141670 0.417190 0.502780 2 0.433850 0.562960 2 0.469270 0.615740 2
0.0 0.403130 0.791670 0.085940 0.149070 0.435420 0.846300 2 0.403650 0.801850 2 0.369270 0.734260 2