0 0.72396 0.14815 0.09531 0.18056 0.68385 0.07315 2 0.73021 0.14352 2 0.76510 0.22130 2 
0 0.63281 0.11389 0.08125 0.04444 0.66823 0.11852 2 0.63385 0.10741 2 0.60208 0.10278 2 
0 0.55573 0.15741 0.06406 0.21852 0.54948 0.12593 2 0.57604 0.20000 2 0.53594 0.25833 2 
0 0.49948 0.14537 0.11927 0.07130 0.54948 0.12593 2 0.49062 0.13056 2 0.45000 0.17222 2 
0 0.42240 0.14722 0.09479 0.06296 0.37917 0.17222 2 0.43438 0.16574 2 0.45000 0.17222 2 
0 0.42344 0.18426 0.08229 0.11759 0.44583 0.20370 2 0.43438 0.16574 2 0.45000 0.17222 2 
0 0.45937 0.28056 0.04063 0.17315 0.44583 0.20370 2 0.46563 0.30000 2 0.47500 0.35741 2 
0 0.44479 0.30093 0.04896 0.13241 0.42969 0.25000 2 0.46563 0.30000 2 0.44740 0.35741 2 
0 0.36823 0.26944 0.04219 0.15000 0.35677 0.33333 2 0.37500 0.25370 2 0.38229 0.20741 2 
0 0.28698 0.28889 0.05469 0.20833 0.26823 0.38056 2 0.28958 0.26574 2 0.31042 0.19815 2 
0 0.36146 0.49259 0.02813 0.20093 0.36979 0.57315 2 0.35417 0.45556 2 0.36146 0.40370 2 
0 0.39531 0.51944 0.07240 0.17685 0.39219 0.50093 2 0.41875 0.47130 2 0 0 0 
0 0.41406 0.49167 0.02240 0.22407 0.41198 0.59537 2 0.41875 0.47130 2 0.41979 0.39815 2 
0 0.44115 0.52037 0.11458 0.08241 0.39219 0.50093 2 0.44531 0.53333 2 0 0 0 
0 0.36042 0.60278 0.08385 0.16389 0.39635 0.67593 2 0.34323 0.60370 2 0.32188 0.54074 2 
0 0.43646 0.79074 0.04531 0.16944 0.44948 0.85926 2 0.44740 0.78889 2 0.45677 0.74630 2 
0 0.46354 0.88241 0.11302 0.07870 0.44948 0.85926 2 0.46667 0.88426 2 0.51354 0.86667 2 
0 0.48073 0.66667 0.06927 0.18333 0.50781 0.59074 2 0.48958 0.66667 2 0.45677 0.74630 2 
0 0.65469 0.59907 0.07500 0.10556 0.62448 0.56111 2 0.66094 0.60833 2 0.63542 0.64907 2 
0 0.64375 0.72500 0.03333 0.17963 0.64115 0.80370 2 0.65260 0.71667 2 0.63542 0.64907 2 
