0 0.60469 0.03889 0.11771 0.04444 0.55104 0.03056 2 0.60417 0.03519 2 0.66094 0.05093 2 
0 0.50208 0.02685 0.14896 0.05093 0.43438 0.03519 2 0.50573 0.02222 2 0.56510 0.00741 2 
0 0.65469 0.17963 0.11042 0.10741 0 0 0 0.65260 0.18056 2 0.60885 0.14352 2 
0 0.69844 0.18426 0.07083 0.07130 0.72865 0.16574 2 0.70312 0.21481 2 0.67188 0.18333 2 
0 0.45104 0.13704 0.05104 0.11481 0.45573 0.09352 2 0.46771 0.16481 2 0.43281 0.17778 2 
0 0.51615 0.28611 0.09688 0.13611 0.47656 0.23241 2 0.47187 0.33611 2 0.55990 0.34074 2 
0 0.47396 0.33981 0.14010 0.04352 0.41146 0.34815 2 0.47187 0.33611 2 0.53385 0.33611 2 
0 0.48125 0.39352 0.12031 0.05370 0.42969 0.39259 2 0.47813 0.40000 2 0.53542 0.39815 2 
0 0.39375 0.38519 0.04010 0.17407 0.41146 0.34815 2 0.39062 0.38796 2 0.37917 0.31111 2 
0 0.40469 0.30556 0.10417 0.18519 0.42969 0.39259 2 0.39062 0.38796 2 0.37917 0.31111 2 
0 0.35521 0.21759 0.06667 0.15370 0.32708 0.28333 2 0.34687 0.21111 2 0.38490 0.15556 2 
0 0.33750 0.37870 0.02344 0.16852 0.33698 0.45370 2 0.33594 0.37315 2 0.33750 0.30833 2 
0 0.27656 0.44167 0.03750 0.22593 0.27083 0.53796 2 0.27917 0.42870 2 0.28229 0.34074 2 
0 0.34167 0.61389 0.04115 0.20185 0.35677 0.69907 2 0.34271 0.61019 2 0.33125 0.53519 2 
0 0.36823 0.56389 0.04583 0.16667 0.38229 0.63519 2 0.36927 0.56111 2 0.38958 0.53333 2 
0 0.42031 0.56852 0.03906 0.19259 0.43177 0.65370 2 0.43854 0.59907 2 0.41042 0.49074 2 
0 0.43854 0.58056 0.10469 0.11574 0.48594 0.55370 2 0.43854 0.59907 2 0.38958 0.53333 2 
0 0.49375 0.63796 0.03177 0.21944 0.48594 0.55370 2 0.50208 0.64167 2 0.50365 0.74167 2 
0 0.50885 0.71389 0.12656 0.05278 0.56406 0.69907 2 0.52135 0.71852 2 0.47500 0.69907 2 
0 0.45260 0.76667 0.06198 0.16111 0.43281 0.82593 2 0.46823 0.80370 2 0.47500 0.69907 2 
0 0.45625 0.87037 0.10104 0.09259 0.41563 0.88148 2 0.46823 0.89630 2 0.50156 0.83796 2 
0 0.67031 0.66204 0.06094 0.16944 0.69219 0.59537 2 0.68385 0.68519 2 0.65260 0.73611 2 
0 0.62813 0.83704 0.09531 0.10278 0.67344 0.80185 2 0.63698 0.84537 2 0.59062 0.88056 2 
