0.0 0.395310 0.038890 0.117710 0.044440 0.448439 0.030560 2 0.395309 0.035190 2 0.338539 0.050930 2
0.0 0.497920 0.026850 0.148960 0.050930 0.565099 0.035190 2 0.493749 0.022220 2 0.434379 0.007410 2
0.0 0.345310 0.179630 0.110420 0.107410 0.999479 0.000000 0 0.346879 0.180560 2 0.390629 0.143520 2
0.0 0.301560 0.184260 0.070830 0.071300 0.270829 0.165740 2 0.296359 0.214810 2 0.327599 0.183330 2
0.0 0.548960 0.137040 0.051040 0.114810 0.543749 0.093520 2 0.531769 0.164810 2 0.566669 0.177780 2
0.0 0.483850 0.286110 0.096880 0.136110 0.522919 0.232410 2 0.527609 0.336110 2 0.439579 0.340740 2
0.0 0.526040 0.339810 0.140100 0.043520 0.588019 0.348150 2 0.527609 0.336110 2 0.465629 0.336110 2
0.0 0.518750 0.393520 0.120310 0.053700 0.569789 0.392590 2 0.521349 0.400000 2 0.464059 0.398150 2
0.0 0.606250 0.385190 0.040100 0.174070 0.588019 0.348150 2 0.608859 0.387960 2 0.620309 0.311110 2
0.0 0.595310 0.305560 0.104170 0.185190 0.569789 0.392590 2 0.608859 0.387960 2 0.620309 0.311110 2
0.0 0.644790 0.217590 0.066670 0.153700 0.672399 0.283330 2 0.652609 0.211110 2 0.614579 0.155560 2
0.0 0.662500 0.378700 0.023440 0.168520 0.662499 0.453700 2 0.663539 0.373150 2 0.661979 0.308330 2
0.0 0.723440 0.441670 0.037500 0.225930 0.728649 0.537960 2 0.720309 0.428700 2 0.717189 0.340740 2
0.0 0.658330 0.613890 0.041150 0.201850 0.642709 0.699070 2 0.656769 0.610190 2 0.668229 0.535190 2
0.0 0.631770 0.563890 0.045830 0.166670 0.617189 0.635190 2 0.630209 0.561110 2 0.609899 0.533330 2
0.0 0.579690 0.568520 0.039060 0.192590 0.567709 0.653700 2 0.560939 0.599070 2 0.589059 0.490740 2
0.0 0.561460 0.580560 0.104690 0.115740 0.513539 0.553700 2 0.560939 0.599070 2 0.609899 0.533330 2
0.0 0.506250 0.637960 0.031770 0.219440 0.513539 0.553700 2 0.497399 0.641670 2 0.495829 0.741670 2
0.0 0.491150 0.713890 0.126560 0.052780 0.435419 0.699070 2 0.478129 0.718520 2 0.524479 0.699070 2
0.0 0.547400 0.766670 0.061980 0.161110 0.566669 0.825930 2 0.531249 0.803700 2 0.524479 0.699070 2
0.0 0.543750 0.870370 0.101040 0.092590 0.583849 0.881480 2 0.531249 0.896300 2 0.497919 0.837960 2
0.0 0.329690 0.662040 0.060940 0.169440 0.307289 0.595370 2 0.315629 0.685190 2 0.346879 0.736110 2
0.0 0.371870 0.837040 0.095310 0.102780 0.326039 0.801850 2 0.362499 0.845370 2 0.408859 0.880560 2