0.0 0.287793 0.120578 0.130387 0.119468 0.382497 -0.041841 2 0.325889 -0.033426 2 0.266577 -0.013178 2
0.0 0.241268 0.128360 0.083899 0.079138 0.508405 -0.044890 2 0.430295 -0.053598 2 0.364863 -0.065034 2
0.0 0.502072 0.062412 0.067362 0.123176 0.971513 -0.110917 0 0.289651 0.121444 2 0.332649 0.079863 2
0.0 0.448306 0.222266 0.118956 0.148484 0.206288 0.111124 2 0.239072 0.160573 2 0.269227 0.125634 2
0.0 0.499503 0.275419 0.155338 0.054844 0.491803 0.017381 2 0.486685 0.092535 2 0.525612 0.103705 2
0.0 0.497513 0.331923 0.135172 0.064124 0.484529 0.163630 2 0.500857 0.271457 2 0.406733 0.282229 2
0.0 0.590665 0.317328 0.062052 0.184237 0.567106 0.279934 2 0.500857 0.271457 2 0.434232 0.275642 2
0.0 0.570238 0.235024 0.132134 0.200159 0.552346 0.327509 2 0.501082 0.338507 2 0.439297 0.340446 2
0.0 0.613851 0.139944 0.088396 0.164788 0.567106 0.279934 2 0.593841 0.320043 2 0.597784 0.239126 2
0.0 0.650424 0.306762 0.043539 0.177324 0.552346 0.327509 2 0.593841 0.320043 2 0.597784 0.239126 2
0.0 0.722786 0.368316 0.064901 0.238144 0.650755 0.206639 2 0.621621 0.132660 2 0.574695 0.077298 2
0.0 0.671540 0.552312 0.066204 0.213278 0.658656 0.384978 2 0.651007 0.300906 2 0.642275 0.233414 2
0.0 0.637547 0.501963 0.067406 0.176907 0.738936 0.468383 2 0.718078 0.355004 2 0.705151 0.263485 2
0.0 0.582068 0.510307 0.062949 0.203480 0.664090 0.642199 2 0.669530 0.548561 2 0.673685 0.469573 2
0.0 0.563782 0.524094 0.125134 0.127768 0.629704 0.577305 2 0.635637 0.499171 2 0.610781 0.471572 2
0.0 0.510681 0.587682 0.058035 0.230989 0.578530 0.599949 2 0.565306 0.543435 2 0.583743 0.428564 2
0.0 0.502714 0.667885 0.141791 0.063587 0.509416 0.499321 2 0.565306 0.543435 2 0.610781 0.471572 2
0.0 0.568924 0.719129 0.084161 0.172199 0.509416 0.499321 2 0.501641 0.592151 2 0.510837 0.696542 2
0.0 0.576288 0.827519 0.118691 0.103380 0.441263 0.656195 2 0.489291 0.673595 2 0.536998 0.650182 2
0.0 0.323508 0.624715 0.083950 0.180816 0.596158 0.779630 2 0.555663 0.758838 2 0.536998 0.650182 2
0.0 0.387897 0.804366 0.113640 0.113620 0.620672 0.836400 2 0.565742 0.855407 2 0.523564 0.796817 2