0.0 0.381146 0.089125 0.082973 0.178250 0.409340 -0.010604 2 0.374293 0.047550 2 0.356691 0.156574 2
0.0 0.374190 0.030758 0.086109 0.061516 0.409340 -0.010604 2 0.374293 0.047550 2 0.337900 0.043417 2
0.0 0.576563 0.055270 0.051444 0.110539 0.532314 -0.022106 2 0.491774 -0.052177 2 0.447020 -0.059295 2
0.0 0.594880 0.027027 0.105196 0.054055 0.587988 -0.030051 2 0.581730 0.062956 2 0.557552 0.091784 2
0.0 0.656407 0.135531 0.072331 0.185453 0.587988 -0.030051 2 0.601537 0.002049 2 0.545297 -0.056286 2
0.0 0.626879 0.168855 0.102348 0.127751 0.669255 0.224668 2 0.626473 0.145453 2 0.681787 0.215904 2
0.0 0.634081 0.304128 0.095358 0.124911 0.669255 0.224668 2 0.626473 0.145453 2 0.971932 -0.030243 0
0.0 0.572611 0.468270 0.053681 0.240376 0.672130 0.265742 2 0.639159 0.318027 2 0.640273 0.348703 2
0.0 0.491986 0.660807 0.102511 0.119618 0.583242 0.369729 2 0.570663 0.452855 2 0.556474 0.567360 2
0.0 0.474206 0.600724 0.040290 0.237843 0.445734 0.612847 2 0.495996 0.670503 2 0.486055 0.699935 2
0.0 0.391189 0.525080 0.038353 0.247810 0.459922 0.498331 2 0.469461 0.583969 2 0.486055 0.699935 2
0.0 0.382366 0.673825 0.070455 0.184228 0.390891 0.416135 2 0.385626 0.511290 2 0.386929 0.635707 2
0.0 0.625216 0.868457 0.072620 0.168170 0.349245 0.595773 2 0.372218 0.672749 2 0.411085 0.757625 2
0.0 0.591751 0.793348 0.091513 0.069469 0.651258 0.815462 2 0.621450 0.891527 2 0.597333 0.934630 2
0.0 0.675111 0.688733 0.064445 0.195768 0.626241 0.808551 2 0.584521 0.796684 2 0.551570 0.773580 2
0.0 0.683595 0.568476 0.043078 0.188248 0.651190 0.775730 2 0.676970 0.702266 2 0.697043 0.610827 2
0.0 0.666121 0.567514 0.035710 0.212868 0.669674 0.640315 2 0.684391 0.565595 2 0.697043 0.610827 2
0.0 0.614166 0.614584 0.092221 0.152058 0.669674 0.640315 2 0.660293 0.558777 2 0.668785 0.489455 2
0.0 0.580207 0.601553 0.082729 0.067459 0.577282 0.660383 2 0.586628 0.614591 2 0.646404 0.580632 2
0.0 0.635184 0.410194 0.060171 0.178979 0.542512 0.587172 2 0.586628 0.614591 2 0.611772 0.612353 2
0.0 0.685239 0.348640 0.098703 0.090659 0.615239 0.480327 2 0.631010 0.422018 2 0.640273 0.348703 2
0.0 0.694052 0.300752 0.035125 0.221976 0.722902 0.337724 2 0.692757 0.315962 2 0.640273 0.348703 2
0.0 0.745964 0.479816 0.061839 0.161852 0.687084 0.399861 2 0.692757 0.315962 2 0.699527 0.211813 2