0.0 0.654628 0.274116 0.045762 0.221553 0.640415 0.192097 2 0.649554 0.285190 2 0.672823 0.358305 2
0.0 0.593711 0.402939 0.033456 0.267844 0.587914 0.294350 2 0.594829 0.386400 2 0.601906 0.516356 2
0.0 0.562300 0.283298 0.109065 0.170674 0.587914 0.294350 2 0.558055 0.270029 2 0.612147 0.314063 2
0.0 0.513648 0.516888 0.088416 0.094855 0.547669 0.484390 2 0.512473 0.530313 2 0.476070 0.539767 2
0.0 0.437747 0.542098 0.125812 0.193323 0.489270 0.459178 2 0.441393 0.568475 2 0.396309 0.613595 2
0.0 0.348903 0.704766 0.125593 0.091192 0.404935 0.674924 2 0.359521 0.710185 2 0.295137 0.735507 2
0.0 0.398318 0.723791 0.046130 0.184786 0.404935 0.674924 2 0.411599 0.743078 2 0.417342 0.783625 2
0.0 0.374171 0.723045 0.107663 0.112741 0.421141 0.684038 2 0.374119 0.736987 2 0.325579 0.760585 2
0.0 0.281620 0.758311 0.077913 0.163280 0.249091 0.719058 2 0.281172 0.760425 2 0.315445 0.801878 2
0.0 0.281247 0.648499 0.086647 0.153383 0.269434 0.671437 2 0.285623 0.647572 2 0.320656 0.678693 2
0.0 0.241383 0.587435 0.065417 0.235729 0.269434 0.671437 2 0.239527 0.580148 2 0.232705 0.540059 2
0.0 0.293414 0.553361 0.139493 0.156370 0.359352 0.557301 2 0.239527 0.580148 2 0.309830 0.502334 2
0.0 0.349324 0.487646 0.098735 0.084655 0.390358 0.468164 2 0.350969 0.486875 2 0.309830 0.502334 2
0.0 0.477540 0.256283 0.106453 0.188027 0.519869 0.177265 2 0.488988 0.237359 2 0.440759 0.335802 2
0.0 0.471088 0.075223 0.127851 0.150446 0.530484 0.084784 2 0.472746 0.046292 2 0.417352 0.028810 2
0.0 0.399164 0.256544 0.084472 0.200079 0.429216 0.170739 2 0.407098 0.247111 2 0.369606 0.339001 2
0.0 0.292301 0.273901 0.046025 0.229442 0.290598 0.369524 2 0.302989 0.248292 2 0.275656 0.184913 2
0.0 0.248507 0.308476 0.054666 0.168970 0.235918 0.373734 2 0.248665 0.312341 2 0.266973 0.236581 2
0.0 0.353750 0.051835 0.130207 0.103670 0.301983 0.086758 2 0.300081 0.062570 2 0.350259 0.055282 2
0.0 0.323722 0.213579 0.038020 0.228963 0.328098 0.113673 2 0.322274 0.202123 2 0.336367 0.312118 2
0.0 0.259300 0.093279 0.098095 0.186557 0.254474 0.157914 2 0.285231 0.126864 2 0.221407 0.168943 2
0.0 0.343809 0.017640 0.109318 0.035280 0.389578 -0.031390 2 0.342371 -0.000357 2 0.304799 0.023587 2
0.0 0.302174 0.109749 0.113629 0.131792 0.254474 0.157914 2 0.285231 0.126864 2 0.350259 0.055282 2
0.0 0.295806 0.060082 0.099499 0.120163 0.260998 0.107151 2 0.267421 0.069431 2 0.322295 0.022155 2