0.0 0.681630 0.199085 0.075496 0.187872 0.651857 0.275508 2 0.688679 0.269150 2 0.716007 0.261924 2
0.0 0.678142 0.288118 0.032608 0.185238 0.672818 0.220164 2 0.688679 0.269150 2 0.684660 0.363904 2
0.0 0.630520 0.376428 0.057949 0.247299 0.651857 0.275508 2 0.643918 0.368651 2 0.614287 0.482163 2
0.0 0.607644 0.260070 0.142337 0.191191 0.651857 0.275508 2 0.617699 0.255131 2 0.548266 0.336065 2
0.0 0.516651 0.387264 0.121299 0.098092 0.467101 0.414009 2 0.519980 0.376929 2 0.572336 0.347408 2
0.0 0.442358 0.502060 0.119961 0.168811 0.392459 0.573376 2 0.439069 0.509447 2 0.496212 0.430330 2
0.0 0.342818 0.591970 0.095446 0.167041 0.298497 0.542137 2 0.330687 0.618672 2 0.384977 0.645085 2
0.0 0.281443 0.602885 0.088815 0.177991 0.249347 0.661475 2 0.273002 0.584018 2 0.310788 0.543100 2
0.0 0.330726 0.751197 0.112298 0.197010 0.281390 0.706562 2 0.317881 0.746620 2 0.376806 0.810544 2
0.0 0.468197 0.773153 0.125850 0.117925 0.522719 0.725311 2 0.470483 0.780736 2 0.413168 0.822851 2
0.0 0.431183 0.379419 0.115496 0.167478 0.379580 0.446621 2 0.435126 0.383727 2 0.476108 0.308512 2
0.0 0.341679 0.467264 0.063282 0.196238 0.311907 0.424203 2 0.343255 0.439856 2 0.368644 0.377628 2
0.0 0.470480 0.184293 0.127991 0.100089 0.416482 0.216077 2 0.469283 0.162344 2 0.526232 0.161094 2
0.0 0.331233 0.261974 0.084866 0.165729 0.297513 0.331242 2 0.329518 0.248513 2 0.371133 0.191637 2
0.0 0.304504 0.397779 0.080940 0.160866 0.311907 0.424203 2 0.343255 0.439856 2 0.331568 0.329412 2
0.0 0.346166 0.351072 0.084341 0.174810 0.311907 0.424203 2 0.306013 0.358346 2 0.331568 0.329412 2
0.0 0.569969 0.683497 0.061050 0.194644 0.589180 0.607290 2 0.586854 0.706171 2 0.545822 0.768435 2
0.0 0.496889 0.938734 0.105662 0.087879 0.539333 0.933392 2 0.494108 0.935775 2 0.453388 0.945157 2
0.0 0.690266 0.733737 0.075621 0.214695 0.659434 0.824381 2 0.695244 0.718288 2 0.723401 0.649673 2
0.0 0.623033 0.085964 0.110082 0.081805 0.674363 0.073348 2 0.625803 0.077647 2 0.576180 0.093387 2
0.0 0.514628 0.072930 0.070692 0.111619 0.535119 0.029684 2 0.528140 0.091979 2 0.490300 0.119018 2
0.0 0.628911 0.043566 0.125820 0.087131 0.577510 0.019813 2 0.620514 0.021804 2 0.684268 0.040751 2