0.0 0.246949 0.186404 0.068425 0.138779 0.230631 0.244412 2 0.246601 0.199423 2 0.247049 0.141146 2
0.0 0.217653 0.196048 0.093731 0.145140 0.230631 0.244412 2 0.246601 0.199423 2 0.247049 0.141146 2
0.0 0.336041 0.205091 0.120193 0.186318 0.371302 0.127578 2 0.336343 0.196288 2 0.296200 0.289251 2
0.0 0.454278 0.269776 0.123324 0.103133 0.498501 0.237820 2 0.447939 0.263713 2 0.485267 0.306729 2
0.0 0.533250 0.322134 0.108496 0.076389 0.579058 0.336005 2 0.533645 0.348948 2 0.485267 0.306729 2
0.0 0.535686 0.359996 0.069104 0.140570 0.561312 0.413412 2 0.533645 0.348948 2 0.511990 0.303563 2
0.0 0.376289 0.423187 0.036751 0.169484 0.370534 0.354480 2 0.374638 0.427713 2 0.375741 0.497064 2
0.0 0.463847 0.648904 0.121270 0.108737 0.505953 0.611196 2 0.457982 0.647986 2 0.415870 0.690845 2
0.0 0.583146 0.644784 0.097504 0.068815 0.541116 0.653667 2 0.596463 0.656602 2 0.619476 0.630537 2
0.0 0.555418 0.596836 0.092992 0.075735 0.578818 0.580197 2 0.571827 0.613404 2 0.587569 0.611898 2
0.0 0.608982 0.528786 0.093336 0.140855 0.578818 0.580197 2 0.608943 0.527861 2 0.637462 0.469677 2
0.0 0.619992 0.550583 0.079269 0.144643 0.597417 0.609537 2 0.608943 0.527861 2 0.642837 0.499279 2
0.0 0.665399 0.594987 0.108874 0.175309 0.698675 0.524727 2 0.690910 0.612788 2 0.630423 0.668849 2
0.0 0.681428 0.619497 0.082684 0.170511 0.662600 0.696137 2 0.690910 0.612788 2 0.700037 0.556671 2
0.0 0.686089 0.451971 0.070420 0.177109 0.698675 0.524727 2 0.688790 0.417609 2 0.699092 0.374340 2
0.0 0.670675 0.416933 0.068284 0.153971 0.654479 0.481876 2 0.688790 0.417609 2 0.687030 0.352702 2
0.0 0.655655 0.357511 0.040633 0.183586 0.657518 0.434496 2 0.654748 0.375833 2 0.655897 0.279209 2
0.0 0.636695 0.358640 0.040255 0.196205 0.638875 0.439050 2 0.636616 0.334251 2 0.626899 0.274901 2
0.0 0.656362 0.261827 0.039899 0.214741 0.645207 0.174821 2 0.656178 0.247880 2 0.655897 0.279209 2
0.0 0.637377 0.113508 0.094586 0.165548 0.645207 0.174821 2 0.620456 0.096009 2 0.595946 0.048447 2
0.0 0.447215 0.051034 0.141510 0.102068 0.508260 0.073869 2 0.425633 0.079401 2 0.481501 0.082257 2
0.0 0.522875 0.106477 0.117003 0.090351 0.566676 0.121515 2 0.941606 -0.090674 0 0.481501 0.082257 2
0.0 0.435395 0.082338 0.109438 0.069769 0.474255 0.095514 2 0.425633 0.079401 2 0.481501 0.082257 2
0.0 0.453331 0.173469 0.114403 0.106859 0.501536 0.201739 2 0.445601 0.158063 2 0.406337 0.145744 2
0.0 0.440694 0.851384 0.101218 0.081203 0.483578 0.862215 2 0.415966 0.869823 2 0.396381 0.835415 2