0.0 0.434168 0.078410 0.126273 0.099278 0.379065 0.053042 2 0.441623 0.078724 2 0.492852 0.107888 2
0.0 0.389164 0.090805 0.113781 0.181609 0.339384 0.118564 2 0.377985 0.098172 2 0.436799 0.049495 2
0.0 0.465104 0.168185 0.120071 0.155547 0.414162 0.115521 2 0.462122 0.146750 2 0.512493 0.229728 2
0.0 0.544178 0.343553 0.069413 0.203747 0.524064 0.264450 2 0.538949 0.310456 2 0.571364 0.433377 2
0.0 0.541523 0.298338 0.117962 0.225911 0.524064 0.264450 2 0.538949 0.310456 2 0.512493 0.229728 2
0.0 0.517866 0.527577 0.035772 0.210591 0.515653 0.439913 2 0.524888 0.524803 2 0.521905 0.623180 2
0.0 0.527556 0.659360 0.106984 0.105504 0.574500 0.674016 2 0.534433 0.675541 2 0.481891 0.653297 2
0.0 0.421210 0.500891 0.091748 0.239459 0.419525 0.547753 2 0.410412 0.474351 2 0.456200 0.611061 2
0.0 0.380453 0.506810 0.100070 0.127492 0.419525 0.547753 2 0.375401 0.513794 2 0.345785 0.461861 2
0.0 0.331170 0.184495 0.086343 0.188922 0.294954 0.227263 2 0.330844 0.163528 2 0.318523 0.224567 2
0.0 0.304606 0.300789 0.039409 0.226276 0.293669 0.382715 2 0.308259 0.302885 2 0.318523 0.224567 2
0.0 0.289224 0.164075 0.093314 0.197214 0.246992 0.211261 2 0.283528 0.144066 2 0.318523 0.224567 2
0.0 0.226560 0.290679 0.032536 0.177709 0.238731 0.233517 2 0.230168 0.308935 2 0.219193 0.362125 2
0.0 0.224028 0.495923 0.052991 0.189505 0.231651 0.476338 2 0.233717 0.523132 2 0.216018 0.510855 2
0.0 0.240456 0.588455 0.066444 0.206751 0.261883 0.675214 2 0.258320 0.536224 2 0.216018 0.510855 2
0.0 0.255456 0.526930 0.064952 0.136301 0.231651 0.476338 2 0.258320 0.536224 2 0.278219 0.576324 2
0.0 0.293355 0.570901 0.051361 0.287622 0.282040 0.678332 2 0.292238 0.601881 2 0.278219 0.576324 2
0.0 0.389207 0.679984 0.107786 0.127935 0.434485 0.681383 2 0.390781 0.695255 2 0.365121 0.696838 2
0.0 0.396966 0.716481 0.124485 0.121241 0.451793 0.734386 2 0.401230 0.731282 2 0.365121 0.696838 2
0.0 0.382333 0.767725 0.116602 0.116126 0.429065 0.803223 2 0.388854 0.778966 2 0.336002 0.735602 2
0.0 0.433651 0.809316 0.106109 0.167369 0.480618 0.793528 2 0.449833 0.819035 2 0.391531 0.838465 2
0.0 0.396614 0.890527 0.107619 0.123263 0.441558 0.901270 2 0.394919 0.907863 2 0.354565 0.857824 2
0.0 0.563231 0.109006 0.110342 0.099046 0.515656 0.066710 2 0.554645 0.095067 2 0.610643 0.140105 2