0 0.55156 0.26019 0.04063 0.17685 0.53854 0.18611 2 0.55417 0.24815 2 0.56771 0.33889 2 
0 0.61875 0.36667 0.04427 0.15000 0.60156 0.30278 2 0.62187 0.37037 2 0.63698 0.42870 2 
0 0.65573 0.50556 0.08958 0.14352 0.69896 0.57130 2 0.67396 0.54537 2 0.61875 0.44537 2 
0 0.67188 0.51574 0.04688 0.21574 0.68906 0.42037 2 0.67396 0.54537 2 0.65781 0.61574 2 
0 0.56302 0.47593 0.04323 0.19815 0.54688 0.53056 2 0.57344 0.47500 2 0.55833 0.56852 2 
0 0.51979 0.14444 0.10365 0.07407 0.47656 0.11759 2 0.52031 0.14815 2 0.56667 0.17500 2 
0 0.41667 0.06944 0.11146 0.05463 0.36771 0.08611 2 0.41042 0.06852 2 0.46823 0.05463 2 
0 0.45417 0.06296 0.12812 0.11389 0.47656 0.11759 2 0.46510 0.03611 2 0.51198 0.01204 2 
0 0.40469 0.21111 0.08802 0.18241 0.36771 0.28611 2 0.36771 0.25278 2 0.43958 0.13241 2 
0 0.36927 0.28981 0.02552 0.23704 0.36771 0.28611 2 0.36771 0.25278 2 0.36823 0.39630 2 
0 0.30052 0.30556 0.04115 0.22037 0.31615 0.20741 2 0.29948 0.32315 2 0.28906 0.40370 2 
0 0.26979 0.37870 0.03490 0.21481 0.27917 0.28056 2 0.27344 0.37870 2 0.26146 0.47130 2 
0 0.50938 0.58056 0.08385 0.12315 0.54688 0.53056 2 0.49219 0.58519 2 0.47500 0.63148 2 
0 0.32240 0.44259 0.02448 0.23426 0.32031 0.54630 2 0.32708 0.44630 2 0.32292 0.34074 2 
0 0.32865 0.59722 0.10417 0.16296 0.32031 0.54630 2 0.33750 0.59259 2 0.37344 0.67315 2 
0 0.38958 0.50463 0.07240 0.16667 0.42135 0.57593 2 0.38177 0.50648 2 0.36250 0.43519 2 
0 0.40156 0.63148 0.10729 0.04722 0.45000 0.62130 2 0.39323 0.63611 2 0.35677 0.62130 2 
0 0.37396 0.69907 0.08958 0.12963 0.41302 0.75556 2 0.39323 0.63611 2 0.37344 0.67315 2 
0 0.54010 0.62315 0.10417 0.14907 0.56198 0.67315 2 0.49219 0.58519 2 0.49583 0.68889 2 
0 0.52656 0.73704 0.08542 0.15833 0.55677 0.77778 2 0.53385 0.75093 2 0.49167 0.80370 2 
0 0.41250 0.77407 0.10000 0.08519 0.41302 0.75556 2 0.39219 0.79167 2 0.36979 0.74167 2 
0 0.51302 0.82315 0.09948 0.12593 0.55677 0.77778 2 0.51042 0.84167 2 0.46823 0.87685 2 
