0.0 0.535543 0.173565 0.045377 0.170402 0.522880 0.102184 2 0.538475 0.161966 2 0.551456 0.249373 2
0.0 0.604877 0.276310 0.048832 0.144565 0.587670 0.214724 2 0.608122 0.279866 2 0.623222 0.336076 2
0.0 0.641888 0.410153 0.096522 0.138482 0.686545 0.473577 2 0.660551 0.448527 2 0.603759 0.352062 2
0.0 0.658774 0.420010 0.052525 0.207865 0.678264 0.328235 2 0.660551 0.448527 2 0.642513 0.516220 2
0.0 0.544542 0.381308 0.048424 0.190918 0.526747 0.433831 2 0.555552 0.380432 2 0.538279 0.470417 2
0.0 0.503695 0.062018 0.110367 0.071667 0.458497 0.036003 2 0.504198 0.065575 2 0.552704 0.091584 2
0.0 0.396020 0.007973 0.118325 0.015946 0.344157 0.005321 2 0.389449 -0.011467 2 0.450613 -0.024641 2
0.0 0.435659 0.019196 0.136742 0.038391 0.458497 0.036003 2 0.447577 -0.042481 2 0.497360 -0.065494 2
0.0 0.381359 0.125808 0.095434 0.175918 0.341295 0.197871 2 0.341772 0.165783 2 0.419287 0.050144 2
0.0 0.342880 0.201455 0.030304 0.228298 0.341295 0.197871 2 0.341772 0.165783 2 0.340268 0.303958 2
0.0 0.270152 0.216382 0.046548 0.212303 0.288047 0.121925 2 0.268812 0.233297 2 0.256671 0.310810 2
0.0 0.236699 0.286692 0.039878 0.206928 0.248002 0.192223 2 0.240556 0.286688 2 0.226597 0.375797 2
0.0 0.486478 0.481856 0.090188 0.118851 0.526747 0.433831 2 0.468291 0.486238 2 0.449501 0.530745 2
0.0 0.291266 0.348383 0.029167 0.225618 0.287586 0.448206 2 0.296156 0.351954 2 0.293279 0.250312 2
0.0 0.295645 0.497274 0.112187 0.157248 0.287586 0.448206 2 0.305052 0.492831 2 0.341801 0.570513 2
0.0 0.361225 0.408343 0.078736 0.160710 0.393717 0.477080 2 0.352970 0.410081 2 0.333668 0.341380 2
0.0 0.372045 0.530509 0.113821 0.045830 0.423282 0.520858 2 0.363201 0.534921 2 0.324963 0.520538 2
0.0 0.341971 0.595486 0.096324 0.125109 0.382363 0.649990 2 0.363201 0.534921 2 0.341801 0.570513 2
0.0 0.518265 0.522965 0.111988 0.143875 0.540632 0.571162 2 0.468291 0.486238 2 0.470646 0.586088 2
0.0 0.502357 0.632566 0.092347 0.152726 0.533641 0.671876 2 0.509854 0.645948 2 0.464617 0.696607 2
0.0 0.381542 0.667825 0.106677 0.082361 0.382363 0.649990 2 0.359879 0.684683 2 0.336972 0.636469 2
0.0 0.486846 0.715422 0.106711 0.121581 0.533641 0.671876 2 0.483847 0.733227 2 0.438851 0.766952 2