0.0 0.697488 0.297510 0.035209 0.230504 0.693028 0.194401 2 0.702179 0.295801 2 0.701017 0.401355 2
0.0 0.733095 0.529290 0.072069 0.150918 0.712210 0.592608 2 0.746146 0.546914 2 0.757513 0.471551 2
0.0 0.617559 0.483533 0.103670 0.093288 0.662731 0.445393 2 0.619120 0.487150 2 0.579462 0.520242 2
0.0 0.636062 0.617665 0.063023 0.172220 0.654994 0.676585 2 0.636692 0.609467 2 0.615545 0.690488 2
0.0 0.637228 0.265470 0.075217 0.074258 0.606563 0.248244 2 0.642081 0.280500 2 0.669848 0.284552 2
0.0 0.602588 0.206722 0.049903 0.148715 0.585773 0.153611 2 0.609763 0.207787 2 0.621913 0.251214 2
0.0 0.539224 0.156066 0.087082 0.065254 0.501262 0.183976 2 0.549284 0.145459 2 0.576124 0.162436 2
0.0 0.548747 0.291728 0.101991 0.074098 0.505210 0.286263 2 0.564740 0.274524 2 0.594400 0.302994 2
0.0 0.409668 0.215648 0.068546 0.169230 0.429954 0.272743 2 0.405821 0.214600 2 0.416737 0.226308 2
0.0 0.450407 0.259789 0.084084 0.121462 0.487394 0.293290 2 0.470168 0.229177 2 0.418596 0.311400 2
0.0 0.407483 0.442704 0.044455 0.141492 0.425347 0.498617 2 0.409800 0.453373 2 0.392277 0.394104 2
0.0 0.429575 0.583405 0.103963 0.161866 0.386603 0.530761 2 0.425404 0.561655 2 0.411519 0.572004 2
0.0 0.431123 0.635819 0.061227 0.174279 0.455061 0.701076 2 0.425404 0.561655 2 0.411519 0.572004 2
0.0 0.493311 0.532633 0.083703 0.123754 0.529157 0.573509 2 0.512757 0.494093 2 0.473090 0.563909 2
0.0 0.505263 0.497073 0.091455 0.154222 0.538897 0.431375 2 0.512757 0.494093 2 0.473090 0.563909 2
0.0 0.553133 0.504088 0.059272 0.196788 0.569078 0.423836 2 0.560789 0.505071 2 0.538902 0.591804 2
0.0 0.517419 0.700929 0.086995 0.087299 0.552439 0.720395 2 0.514494 0.711698 2 0.479037 0.681026 2
0.0 0.566355 0.710951 0.066587 0.118481 0.552439 0.720395 2 0.572615 0.712966 2 0.545514 0.763081 2
0.0 0.609822 0.714716 0.100343 0.104538 0.654994 0.676585 2 0.616891 0.725377 2 0.570872 0.753976 2
0.0 0.461175 0.242791 0.107352 0.152209 0.487394 0.293290 2 0.447127 0.199580 2 0.418596 0.311400 2
0.0 0.463991 0.315747 0.064619 0.152805 0.444522 0.378814 2 0.465412 0.253935 2 0.489620 0.252206 2
0.0 0.455386 0.203866 0.070919 0.157818 0.429954 0.272743 2 0.447127 0.199580 2 0.489620 0.252206 2