0 0.39479 0.06204 0.11354 0.12500 0.44531 0.01019 2 0.40729 0.05741 2 0.44531 0.08981 2 
0 0.34583 0.17130 0.08542 0.11759 0.31354 0.22315 2 0.34687 0.18981 2 0.38385 0.13333 2 
0 0.39115 0.32870 0.11563 0.07778 0.44010 0.30000 2 0.35365 0.30833 2 0.34271 0.30278 2 
0 0.50260 0.23241 0.09479 0.04167 0.46406 0.24352 2 0.49219 0.22870 2 0.54271 0.23519 2 
0 0.55417 0.16944 0.13281 0.04630 0.49583 0.17222 2 0.54531 0.16574 2 0.61562 0.17870 2 
0 0.42135 0.11481 0.06615 0.07222 0.39531 0.14259 2 0.42344 0.11111 2 0.44531 0.08981 2 
0 0.49115 0.10926 0.08698 0.06204 0.45677 0.09722 2 0 0 0 0.52708 0.12222 2 
0 0.43958 0.16852 0.12552 0.13333 0.39531 0.14259 2 0.49219 0.22870 2 0.38385 0.13333 2 
0 0.58333 0.46759 0.08698 0.11296 0.62292 0.41852 2 0.59062 0.48148 2 0.54427 0.51574 2 
0 0.60781 0.06111 0.10677 0.12315 0.56198 0.00741 2 0.60573 0.03241 2 0.65938 0.11019 2 
0 0.49219 0.36759 0.02604 0.24444 0.49219 0.26574 2 0.49323 0.31852 2 0.48490 0.46759 2 
0 0.45677 0.42130 0.08490 0.19074 0.49479 0.34815 2 0.46927 0.40741 2 0.48490 0.46759 2 
0 0.35469 0.33056 0.05937 0.16944 0.33333 0.39630 2 0.35365 0.30833 2 0.34271 0.30278 2 
0 0.36875 0.34722 0.07604 0.19722 0.33854 0.43611 2 0.35365 0.30833 2 0.34271 0.30278 2 
0 0.36198 0.47222 0.04635 0.20463 0.37812 0.55833 2 0.36667 0.47500 2 0.38229 0.39815 2 
0 0.34323 0.50463 0.07500 0.11667 0.37812 0.55833 2 0.33594 0.50370 2 0.31354 0.46574 2 
0 0.43385 0.59630 0.09115 0.06944 0.47083 0.61667 2 0.42865 0.58889 2 0.40052 0.57593 2 
0 0.57552 0.60370 0.09062 0.13426 0.61406 0.54907 2 0.56979 0.59815 2 0.53698 0.65556 2 
0 0.62083 0.65926 0.12135 0.06481 0.57083 0.67778 2 0.61458 0.67130 2 0.67344 0.64074 2 
0 0.48594 0.74167 0.03333 0.20648 0.50208 0.64907 2 0.48802 0.72407 2 0.49740 0.77778 2 
0 0.52344 0.72593 0.06823 0.12593 0.55417 0.67778 2 0.54375 0.78796 2 0.49740 0.77778 2 
0 0.53542 0.76759 0.11458 0.10833 0.58385 0.73148 2 0.54375 0.78796 2 0.49740 0.77778 2 
0 0.49948 0.85926 0.10104 0.05463 0.45781 0.86667 2 0.49375 0.87130 2 0.54688 0.84352 2 
0 0.39740 0.79907 0.10000 0.10185 0.43958 0.83426 2 0.40052 0.80370 2 0.35938 0.76667 2 
0 0.33281 0.58148 0.10156 0.15185 0.29479 0.52130 2 0.32969 0.58148 2 0.38073 0.64167 2 
