0 0.61458 0.37407 0.02500 0.21852 0.61562 0.28611 2 0.61875 0.36574 2 0.61406 0.47500 2 
0 0.57865 0.40185 0.04219 0.20833 0.56667 0.31852 2 0.58646 0.38611 2 0.59062 0.49630 2 
0 0.58802 0.56944 0.12708 0.11111 0.64583 0.52870 2 0.59635 0.57407 2 0.53177 0.61389 2 
0 0.54583 0.64444 0.10365 0.12315 0.50052 0.59352 2 0.52865 0.65556 2 0.53177 0.61389 2 
0 0.55052 0.75463 0.09792 0.13148 0.59323 0.72315 2 0.55521 0.77037 2 0.50625 0.81296 2 
0 0.52292 0.85463 0.10625 0.04259 0.56823 0.85093 2 0.52135 0.85370 2 0.47917 0.86296 2 
0 0.33542 0.72593 0.05000 0.18241 0.35365 0.79630 2 0.32448 0.72407 2 0.32552 0.64352 2 
0 0.32604 0.57407 0.08438 0.20741 0.29063 0.48333 2 0.31302 0.55556 2 0.32552 0.64352 2 
0 0.33437 0.47593 0.02656 0.20370 0.34271 0.56111 2 0.32760 0.46296 2 0.33698 0.38611 2 
0 0.35365 0.41481 0.06875 0.21296 0.32448 0.51111 2 0.32760 0.46296 2 0.33698 0.38611 2 
0 0.38750 0.51944 0.07708 0.10648 0.41771 0.48148 2 0.38750 0.55370 2 0.35833 0.56296 2 
0 0.47865 0.66574 0.06510 0.21389 0.45573 0.57407 2 0.47969 0.66389 2 0.50573 0.75556 2 
0 0.44844 0.59722 0.09167 0.08426 0.45573 0.57407 2 0.43958 0.62778 2 0.40937 0.59259 2 
0 0.50365 0.32685 0.02865 0.22500 0.49896 0.23241 2 0.50885 0.33519 2 0.50156 0.42870 2 
0 0.33437 0.16204 0.06250 0.17685 0.36094 0.08611 2 0.36406 0.20556 2 0.30938 0.24074 2 
0 0.36510 0.20926 0.05260 0.14074 0.34531 0.26852 2 0.38906 0.22778 2 0.38646 0.14722 2 
0 0.39740 0.22593 0.09688 0.13056 0.35990 0.28333 2 0.38906 0.22778 2 0.43542 0.16852 2 
0 0.42969 0.28241 0.07917 0.13611 0.39479 0.34074 2 0.42604 0.29074 2 0.45990 0.22315 2 
0 0.52917 0.24630 0.13385 0.12778 0.49896 0.23241 2 0.50990 0.18519 2 0.47500 0.26759 2 
0 0.43281 0.03981 0.09688 0.07315 0.47552 0.01296 2 0.43750 0.06019 2 0.39062 0.06296 2 
0 0.52500 0.04630 0.12812 0.07963 0.47552 0.01296 2 0.51615 0.03611 2 0.57969 0.02500 2 
0 0.43646 0.11019 0.10781 0.04630 0.39062 0.12037 2 0.43281 0.11296 2 0.48333 0.09259 2 
0 0.48438 0.15185 0.13177 0.11204 0.54427 0.11019 2 0.43281 0.11296 2 0.43542 0.16852 2 
0 0.51667 0.19537 0.09219 0.17222 0.49896 0.23241 2 0.49167 0.15370 2 0.47500 0.26759 2 
