0.0 0.342243 0.324022 0.058664 0.233560 0.355277 0.233507 2 0.339290 0.313745 2 0.325453 0.427417 2
0.0 0.370038 0.366750 0.072474 0.229975 0.394043 0.286155 2 0.365029 0.347442 2 0.343061 0.458543 2
0.0 0.333884 0.534514 0.132922 0.164279 0.287937 0.469723 2 0.325038 0.535844 2 0.376668 0.602295 2
0.0 0.359515 0.628054 0.113793 0.167273 0.408205 0.593889 2 0.372591 0.646178 2 0.376668 0.602295 2
0.0 0.337070 0.738944 0.110005 0.173517 0.303203 0.689638 2 0.329668 0.753090 2 0.366760 0.816160 2
0.0 0.345416 0.852258 0.102817 0.085872 0.304612 0.830345 2 0.346413 0.851838 2 0.382904 0.878103 2
0.0 0.535710 0.795189 0.075229 0.206560 0.507071 0.859850 2 0.545307 0.797548 2 0.557687 0.714707 2
0.0 0.569272 0.643526 0.110353 0.245826 0.615622 0.564673 2 0.583497 0.629674 2 0.557687 0.714707 2
0.0 0.577989 0.539784 0.057620 0.219016 0.555817 0.623536 2 0.585664 0.529114 2 0.589915 0.446740 2
0.0 0.570715 0.469567 0.097182 0.245284 0.580516 0.579627 2 0.585664 0.529114 2 0.589915 0.446740 2
0.0 0.522903 0.563161 0.087086 0.139640 0.501375 0.512199 2 0.516667 0.598126 2 0.541430 0.619212 2
0.0 0.416551 0.676589 0.094045 0.244783 0.451796 0.591813 2 0.415347 0.674189 2 0.376719 0.757630 2
0.0 0.455111 0.618497 0.096564 0.122709 0.451796 0.591813 2 0.457474 0.653202 2 0.490523 0.629217 2
0.0 0.450045 0.319855 0.063025 0.241644 0.469314 0.224989 2 0.443407 0.326226 2 0.434518 0.424816 2
0.0 0.629885 0.218583 0.085578 0.205846 0.617916 0.130216 2 0.595355 0.251206 2 0.638828 0.308970 2
0.0 0.594377 0.254672 0.070683 0.164954 0.601847 0.323096 2 0.569146 0.263993 2 0.584809 0.182592 2
0.0 0.562505 0.258874 0.108915 0.172161 0.586247 0.332444 2 0.569146 0.263993 2 0.537153 0.184901 2
0.0 0.524061 0.303817 0.093869 0.170792 0.545305 0.377304 2 0.525402 0.313701 2 0.506055 0.231060 2
0.0 0.440358 0.227271 0.141781 0.184031 0.469314 0.224989 2 0.467260 0.172315 2 0.485096 0.270525 2
0.0 0.561358 0.055516 0.099423 0.111032 0.526726 0.009757 2 0.553189 0.073220 2 0.594989 0.094714 2
0.0 0.477183 0.045256 0.128655 0.090512 0.526726 0.009757 2 0.486274 0.017275 2 0.430834 -0.019384 2
0.0 0.546432 0.124891 0.104837 0.090289 0.585498 0.153461 2 0.548692 0.129086 2 0.506520 0.088133 2
0.0 0.496348 0.148448 0.137304 0.167097 0.448678 0.081888 2 0.548692 0.129086 2 0.537153 0.184901 2
0.0 0.460046 0.180130 0.111575 0.212925 0.469314 0.224989 2 0.488899 0.147347 2 0.485096 0.270525 2