0.0 0.507137 0.865521 0.125549 0.149277 0.564032 0.850103 2 0.514036 0.867869 2 0.453058 0.882342 2
0.0 0.598968 0.652293 0.048783 0.215295 0.593066 0.736726 2 0.593791 0.678758 2 0.579266 0.710818 2
0.0 0.633456 0.678451 0.057525 0.123292 0.645777 0.637265 2 0.629168 0.687264 2 1.004219 0.384533 0
0.0 0.557576 0.743700 0.063466 0.122154 0.529673 0.773094 2 0.555832 0.750366 2 0.579266 0.710818 2
0.0 0.632949 0.557549 0.074001 0.195403 0.613739 0.532565 2 0.607887 0.482326 2 0.615923 0.471156 2
0.0 0.608863 0.477779 0.051097 0.144767 0.613739 0.532565 2 0.607887 0.482326 2 0.615923 0.471156 2
0.0 0.550200 0.556498 0.033793 0.167450 0.543983 0.623553 2 0.553103 0.557050 2 0.552546 0.486201 2
0.0 0.476708 0.663868 0.126903 0.171962 0.531288 0.640831 2 0.425387 0.640879 2 0.416682 0.695253 2
0.0 0.500199 0.538966 0.068451 0.168547 0.477778 0.488734 2 0.504898 0.553456 2 0.517714 0.605183 2
0.0 0.473194 0.564596 0.055143 0.193024 0.477778 0.488734 2 0.483443 0.555309 2 0.451292 0.635271 2
0.0 0.422539 0.639535 0.055988 0.118030 0.408498 0.588138 2 0.425387 0.640879 2 0.438497 0.682063 2
0.0 0.295428 0.553701 0.145429 0.170393 0.237592 0.488385 2 0.284619 0.541525 2 0.340938 0.617714 2
0.0 0.337696 0.727017 0.137846 0.171550 0.283181 0.657448 2 0.316629 0.724188 2 0.385625 0.790486 2
0.0 0.246496 0.749264 0.116866 0.143855 0.197779 0.688044 2 0.227032 0.741410 2 0.283909 0.803895 2
0.0 0.314510 0.297935 0.060068 0.205893 0.336156 0.223168 2 0.308282 0.280431 2 0.328971 0.210090 2
0.0 0.267963 0.217925 0.141162 0.145634 0.205611 0.227740 2 0.271038 0.209512 2 0.328971 0.210090 2
0.0 0.393744 0.199722 0.108079 0.209190 0.357883 0.112254 2 0.369709 0.211155 2 0.426790 0.235972 2
0.0 0.376578 0.206782 0.128527 0.086670 0.319990 0.183067 2 0.369709 0.211155 2 0.426790 0.235972 2
0.0 0.475342 0.200257 0.067357 0.129229 0.473410 0.152659 2 0.450556 0.192468 2 0.473470 0.243810 2
0.0 0.525228 0.198036 0.124122 0.106003 0.473410 0.152659 2 0.530182 0.195397 2 0.573109 0.240950 2
0.0 0.510509 0.267769 0.116479 0.126168 0.559115 0.266678 2 0.508848 0.252308 2 0.503602 0.279510 2
0.0 0.485395 0.299177 0.097239 0.073372 0.526610 0.322677 2 1.004219 0.384533 0 0.443061 0.281865 2
0.0 0.593871 0.324916 0.074790 0.106685 0.619024 0.370759 2 0.582597 0.318276 2 0.564392 0.281364 2
0.0 0.551618 0.342055 0.131662 0.143652 0.526610 0.322677 2 0.582597 0.318276 2 0.503602 0.279510 2