0.0 0.504942 0.374170 0.046150 0.195092 0.514510 0.295905 2 0.500069 0.370572 2 0.495062 0.455440 2
0.0 0.357824 0.474366 0.141564 0.178800 0.306903 0.401855 2 0.352778 0.472629 2 0.408097 0.553609 2
0.0 0.244063 0.457690 0.063748 0.210545 0.237901 0.368839 2 0.228046 0.450005 2 0.252966 0.547784 2
0.0 0.398711 0.660845 0.134837 0.181726 0.345973 0.595379 2 0.378044 0.665908 2 0.440316 0.734028 2
0.0 0.606682 0.811304 0.119362 0.142756 0.654247 0.789365 2 0.614422 0.808482 2 0.558706 0.837181 2
0.0 0.585641 0.740003 0.117249 0.166277 0.534139 0.779039 2 0.579901 0.745722 2 0.633084 0.713201 2
0.0 0.651838 0.685275 0.088839 0.219747 0.617557 0.762414 2 0.659736 0.705630 2 0.633084 0.713201 2
0.0 0.708854 0.642600 0.064435 0.258494 0.686643 0.738618 2 0.712215 0.649732 2 0.728491 0.542973 2
0.0 0.691101 0.591774 0.099823 0.233678 0.684375 0.558592 2 0.712215 0.649732 2 0.680461 0.613031 2
0.0 0.628922 0.566078 0.132739 0.135961 0.684375 0.558592 2 0.630196 0.552207 2 0.680461 0.613031 2
0.0 0.578422 0.613078 0.083424 0.126875 0.542035 0.638377 2 0.579546 0.619379 2 0.606225 0.586773 2
0.0 0.559444 0.358510 0.075938 0.185326 0.538985 0.280794 2 0.560878 0.355301 2 0.554948 0.313628 2
0.0 0.511299 0.268601 0.114499 0.119379 0.462242 0.225669 2 0.508381 0.250300 2 0.554948 0.313628 2
0.0 0.375598 0.140797 0.056091 0.186142 0.370185 0.211178 2 0.370219 0.130261 2 0.395590 0.068281 2
0.0 0.267060 0.185771 0.121230 0.249624 0.211151 0.259796 2 0.253653 0.180969 2 0.318244 0.106382 2
0.0 0.405161 0.095753 0.095325 0.156439 0.374174 0.038264 2 0.423429 0.072705 2 0.425285 0.158165 2
0.0 0.483614 0.042075 0.148087 0.084150 0.540087 0.064431 2 0.494759 -0.006153 2 0.421597 -0.025275 2
0.0 0.627200 0.070252 0.129043 0.131010 0.675685 0.118978 2 0.624431 0.062598 2 0.642134 0.120158 2
0.0 0.686721 0.186496 0.115740 0.155830 0.727177 0.253472 2 0.692449 0.174258 2 0.657877 0.217454 2
0.0 0.711779 0.276605 0.105233 0.193368 0.743762 0.353969 2 0.675117 0.317234 2 0.694438 0.295415 2
0.0 0.718343 0.404268 0.097559 0.238241 0.707804 0.412077 2 0.689237 0.450540 2 0.692073 0.401490 2
0.0 0.681117 0.308718 0.097026 0.220951 0.707804 0.412077 2 0.675117 0.317234 2 0.692073 0.401490 2
0.0 0.687149 0.454477 0.031526 0.142041 0.682489 0.510693 2 0.689237 0.450540 2 0.692073 0.401490 2