0 0.64219 0.07778 0.10208 0.08241 0.68750 0.10926 2 0.64323 0.07593 2 0.60208 0.05278 2 
0 0.65990 0.13704 0.10417 0.09630 0.68750 0.10926 2 0.67656 0.12778 2 0.61042 0.11204 2 
0 0.71719 0.24630 0.07812 0.16481 0.70729 0.17685 2 0.71615 0.23148 2 0.75208 0.31852 2 
0 0.61667 0.26852 0.12135 0.13981 0.66979 0.32870 2 0.61354 0.25463 2 0.65938 0.27685 2 
0 0.59740 0.29352 0.14271 0.05370 0.53698 0.29722 2 0.58333 0.30278 2 0.65938 0.27685 2 
0 0.65312 0.49907 0.12500 0.08981 0.70885 0.47315 2 0.66146 0.51111 2 0.60208 0.53148 2 
0 0.73490 0.51481 0.10573 0.15093 0.69427 0.57593 2 0.76823 0.52963 2 0.78438 0.45463 2 
0 0.59583 0.66296 0.11458 0.09259 0.64479 0.63981 2 0.60052 0.68889 2 0.54948 0.69444 2 
0 0.47760 0.65185 0.10990 0.06574 0.52760 0.67037 2 0.47760 0.64815 2 0.43125 0.63148 2 
0 0.47969 0.75556 0.10729 0.08148 0.51927 0.77593 2 0.47187 0.78333 2 0.43385 0.77593 2 
0 0.50260 0.82500 0.06042 0.13611 0.51927 0.77593 2 0.52083 0.84259 2 0.48281 0.87963 2 
0 0.36146 0.75463 0.09375 0.09722 0.40052 0.79167 2 0.35469 0.76111 2 0.36458 0.71944 2 
0 0.41146 0.70370 0.11302 0.08704 0.46250 0.67593 2 0.41406 0.72685 2 0.36458 0.71944 2 
0 0.29896 0.64630 0.02917 0.21296 0.30833 0.73519 2 0.29323 0.62963 2 0.31094 0.55185 2 
0 0.33385 0.14074 0.08281 0.16852 0.29896 0.21481 2 0.33542 0.14259 2 0.37448 0.06667 2 
0 0.46042 0.12870 0.12135 0.15648 0.45260 0.17870 2 0.47031 0.13611 2 0.51615 0.06296 2 
0 0.48594 0.22500 0.08281 0.12315 0.51615 0.23519 2 0.48438 0.28426 2 0.51823 0.27407 2 
0 0.48229 0.29074 0.07760 0.13148 0.51615 0.23519 2 0.48438 0.28426 2 0.51823 0.27407 2 
0 0.27969 0.32963 0.04115 0.21389 0.29948 0.42315 2 0.28229 0.31852 2 0.28490 0.37037 2 
0 0.27240 0.44630 0.01979 0.17963 0.27083 0.52593 2 0.27344 0.45000 2 0.27656 0.39815 2 
0 0.29271 0.47593 0.02552 0.24444 0.29948 0.42315 2 0.29167 0.47315 2 0.28490 0.37037 2 
0 0.32240 0.51852 0.06198 0.21111 0.29948 0.42315 2 0.33594 0.48611 2 0.31094 0.55185 2 
0 0.35156 0.48611 0.04792 0.12593 0.36875 0.53704 2 0.33594 0.48611 2 0.33594 0.43056 2 
