0.0 0.486826 0.042732 0.110361 0.085465 0.534986 0.048810 2 0.487546 0.025360 2 0.444817 0.011907 2
0.0 0.513828 0.085970 0.114753 0.130988 0.534986 0.048810 2 0.527937 0.071523 2 0.463010 0.072774 2
0.0 0.586774 0.186773 0.102233 0.196886 0.565399 0.115433 2 0.583272 0.171225 2 0.632256 0.254174 2
0.0 0.496158 0.237837 0.138505 0.182028 0.556674 0.287442 2 0.490854 0.223849 2 0.537830 0.235034 2
0.0 0.482410 0.269724 0.143541 0.096100 0.426322 0.290088 2 0.470866 0.283383 2 0.537830 0.235034 2
0.0 0.570702 0.473549 0.133201 0.129749 0.618630 0.430707 2 0.580711 0.484064 2 0.528448 0.521947 2
0.0 0.650332 0.468037 0.125763 0.189620 0.622880 0.544188 2 0.684320 0.474705 2 0.686399 0.390394 2
0.0 0.545477 0.663779 0.123891 0.129872 0.587525 0.625732 2 0.554482 0.690088 2 0.507469 0.709908 2
0.0 0.432390 0.684156 0.114800 0.099989 0.482695 0.690224 2 0.431809 0.680173 2 0.385323 0.675041 2
0.0 0.452473 0.794086 0.115097 0.116048 0.493306 0.804965 2 0.450039 0.825765 2 0.413004 0.828240 2
0.0 0.486142 0.861830 0.080579 0.161484 0.493306 0.804965 2 0.506418 0.875564 2 0.477147 0.925389 2
0.0 0.341164 0.825310 0.105118 0.129129 0.384420 0.854092 2 0.335997 0.834018 2 0.338015 0.786925 2
0.0 0.379271 0.757422 0.121455 0.123533 0.422467 0.713886 2 0.385825 0.781339 2 0.338015 0.786925 2
0.0 0.263483 0.726917 0.064627 0.234851 0.287887 0.819033 2 0.255250 0.710676 2 0.258310 0.622978 2
0.0 0.207959 0.178751 0.107290 0.202116 0.188165 0.267137 2 0.209824 0.180254 2 0.233280 0.088721 2
0.0 0.324843 0.131436 0.141417 0.199789 0.326292 0.186800 2 0.335500 0.136596 2 0.365814 0.046167 2
0.0 0.365658 0.227088 0.099363 0.153776 0.395903 0.229673 2 0.374609 0.290612 2 0.404651 0.270531 2
0.0 0.373711 0.298126 0.095921 0.161232 0.395903 0.229673 2 0.374609 0.290612 2 0.404651 0.270531 2
0.0 0.190044 0.394765 0.076052 0.239106 0.225052 0.488975 2 0.190613 0.382179 2 0.202125 0.436712 2
0.0 0.203574 0.521060 0.049986 0.196783 0.216075 0.606290 2 0.205263 0.524678 2 0.199138 0.468583 2
0.0 0.227843 0.547096 0.066696 0.267397 0.225052 0.488975 2 0.226445 0.544377 2 0.202125 0.436712 2
0.0 0.263195 0.584384 0.095148 0.241819 0.225052 0.488975 2 0.270327 0.546123 2 0.258310 0.622978 2
0.0 0.284946 0.541907 0.067049 0.147232 0.310069 0.591447 2 0.270327 0.546123 2 0.260622 0.486936 2