0 0.58177 0.07778 0.11146 0.07037 0.53385 0.05648 2 0.59271 0.06852 2 0.63177 0.09907 2 
0 0.69427 0.15463 0.09740 0.09537 0.73750 0.19537 2 0.69531 0.14259 2 0.70156 0.18241 2 
0 0.71667 0.24444 0.04635 0.15093 0.73750 0.19537 2 0.73229 0.24907 2 0.70156 0.18241 2 
0 0.68281 0.36667 0.06198 0.18981 0.70625 0.44907 2 0.68854 0.36111 2 0.65990 0.28704 2 
0 0.69479 0.49815 0.11302 0.11296 0.74531 0.45741 2 0.70260 0.50370 2 0.64948 0.54259 2 
0 0.61406 0.65093 0.13281 0.07407 0.67396 0.62870 2 0.61875 0.67315 2 0.54948 0.65463 2 
0 0.59323 0.63889 0.07552 0.18056 0.62500 0.56296 2 0.61875 0.67315 2 0.56563 0.72500 2 
0 0.53958 0.78981 0.12083 0.12500 0.59271 0.74259 2 0.53646 0.78611 2 0.48750 0.84259 2 
0 0.47865 0.67593 0.10521 0.09815 0.43125 0.63519 2 0.47396 0.64537 2 0.52500 0.71481 2 
0 0.46302 0.64630 0.06094 0.20741 0.47292 0.57500 2 0.47396 0.64537 2 0.44219 0.74259 2 
0 0.49323 0.23056 0.08333 0.10926 0.52917 0.18704 2 0.50885 0.24907 2 0.45885 0.27778 2 
0 0.49062 0.32685 0.14219 0.06481 0.42656 0.34352 2 0.48698 0.31574 2 0.55573 0.30833 2 
0 0.32604 0.48981 0.06927 0.18981 0.29896 0.41111 2 0.33073 0.48333 2 0.35469 0.56759 2 
0 0.39896 0.55370 0.07344 0.06204 0.42917 0.53426 2 0.39740 0.56019 2 0.37708 0.57500 2 
0 0.33958 0.64352 0.09948 0.16204 0.38281 0.71667 2 0.33229 0.62685 2 0.35469 0.56759 2 
0 0.37500 0.72778 0.04063 0.13889 0.36042 0.79352 2 0.36146 0.73148 2 0.38333 0.78426 2 
0 0.32708 0.73796 0.08229 0.14167 0.36042 0.79352 2 0.32969 0.74537 2 0.29792 0.68148 2 
0 0.27604 0.54907 0.02969 0.24444 0.28594 0.65556 2 0.27292 0.54630 2 0.27187 0.43704 2 
0 0.30573 0.61667 0.04115 0.17963 0.31823 0.69167 2 0.30208 0.62963 2 0.29792 0.68148 2 
0 0.28594 0.30278 0.05885 0.19537 0.26198 0.39259 2 0.28385 0.29537 2 0.31250 0.21574 2 
0 0.38542 0.24815 0.11354 0.13981 0.39375 0.21574 2 0.38177 0.24630 2 0.43698 0.19259 2 
0 0.43646 0.18889 0.10000 0.07222 0.39375 0.21574 2 0.43698 0.17130 2 0.48177 0.16204 2 
0 0.51250 0.61204 0.09635 0.10463 0.47292 0.57500 2 0.51927 0.61574 2 0.54948 0.65463 2 
0 0.58125 0.65370 0.09740 0.08519 0 0 0 0.61875 0.67315 2 0.54948 0.65463 2 
