0.0 0.754163 0.221803 0.112556 0.124604 0.794626 0.273141 2 0.764387 0.216530 2 0.723050 0.177510 2
0.0 0.643835 0.205524 0.074654 0.175662 0.636369 0.135139 2 0.644596 0.225948 2 0.650762 0.282287 2
0.0 0.676264 0.324887 0.124436 0.101862 0.625724 0.302459 2 0.678145 0.323904 2 0.734385 0.339899 2
0.0 0.736942 0.476896 0.069557 0.258817 0.753301 0.364820 2 0.739976 0.494240 2 0.718819 0.588472 2
0.0 0.685129 0.466204 0.064888 0.208359 0.665175 0.552831 2 0.687952 0.466721 2 0.709390 0.392503 2
0.0 0.628008 0.535527 0.057174 0.201024 0.639812 0.451558 2 0.628935 0.547675 2 0.618416 0.612583 2
0.0 0.584107 0.624908 0.145959 0.129340 0.646677 0.637905 2 0.590645 0.638748 2 0.618416 0.612583 2
0.0 0.448701 0.396643 0.072855 0.285413 0.463122 0.278403 2 0.452320 0.377684 2 0.438440 0.521469 2
0.0 0.517307 0.054993 0.119485 0.109985 0.471476 0.005391 2 0.519900 0.040557 2 0.563558 0.094320 2
0.0 0.311056 0.156826 0.105262 0.246835 0.417684 -0.043907 2 0.473822 -0.070842 2 0.530095 -0.076796 2
0.0 0.231241 0.239109 0.068302 0.251074 0.263906 0.240628 2 0.307975 0.135643 2 0.354189 0.075625 2
0.0 0.303340 0.287949 0.104371 0.166996 0.216311 0.349107 2 0.232903 0.228601 2 0.249765 0.135421 2
0.0 0.332869 0.428898 0.119863 0.172787 0.309356 0.286887 2 0.301756 0.253901 2 0.344044 0.279800 2
0.0 0.351114 0.225554 0.102718 0.212581 0.302646 0.360987 2 0.331253 0.416799 2 0.355025 0.419001 2
0.0 0.378959 0.140871 0.075010 0.267726 0.309356 0.286887 2 0.344663 0.214220 2 0.344044 0.279800 2
0.0 0.385844 0.374286 0.080076 0.159582 0.407845 0.034930 2 0.378975 0.129570 2 0.352252 0.254530 2
0.0 0.370792 0.576051 0.121506 0.120953 0.418867 0.337278 2 0.398077 0.385681 2 0.355025 0.419001 2
0.0 0.404882 0.743296 0.123034 0.210912 0.420760 0.579749 2 0.371584 0.581854 2 0.322177 0.574440 2