0.0 0.378130 0.194440 0.061980 0.236110 0.402079 0.223150 2 0.371349 0.200000 2 0.351039 0.298150 2
0.0 0.331250 0.231480 0.086980 0.203700 0.371879 0.143520 2 0.371349 0.200000 2 0.294789 0.321300 2
0.0 0.243230 0.266670 0.049480 0.144440 0.233859 0.205560 2 0.226039 0.310190 2 0.257289 0.327780 2
0.0 0.338540 0.445370 0.037500 0.193520 0.351559 0.369440 2 0.335939 0.456480 2 0.325519 0.538890 2
0.0 0.388540 0.313890 0.042190 0.204630 0.402079 0.223150 2 0.388019 0.330560 2 0.372919 0.405560 2
0.0 0.343750 0.558330 0.115630 0.075000 0.391669 0.575930 2 0.338019 0.565740 2 0.289579 0.532410 2
0.0 0.350520 0.654630 0.131250 0.077780 0.289579 0.650000 2 0.356249 0.668520 2 0.405209 0.637040 2
0.0 0.353650 0.853700 0.108330 0.121300 0.307809 0.801850 2 0.345829 0.860190 2 0.397919 0.909260 2
0.0 0.526560 0.774070 0.092710 0.086110 0.484899 0.737040 2 0.530729 0.794440 2 0.568749 0.803700 2
0.0 0.459370 0.485190 0.085420 0.195370 0.427079 0.411110 2 0.440109 0.511110 2 0.493229 0.570370 2
0.0 0.521350 0.321300 0.044270 0.219440 0.534899 0.220370 2 0.504689 0.328700 2 0.529169 0.420370 2
0.0 0.560940 0.480560 0.032290 0.164810 0.547919 0.408330 2 0.563019 0.483330 2 0.567189 0.555560 2
0.0 0.607810 0.585190 0.098440 0.087960 0.564059 0.578700 2 0.609379 0.611110 2 0.567189 0.555560 2
0.0 0.559380 0.762040 0.107290 0.042590 0.515099 0.755560 2 0.556769 0.768520 2 0.603649 0.750930 2
0.0 0.718230 0.585190 0.033850 0.221300 0.709899 0.683330 2 0.723439 0.550000 2 0.720829 0.480560 2
0.0 0.690620 0.502780 0.039580 0.212040 0.672919 0.600930 2 0.697399 0.482410 2 0.702599 0.413890 2
0.0 0.667710 0.491670 0.024480 0.183330 0.669789 0.413890 2 0.666669 0.482410 2 0.662499 0.565740 2
0.0 0.661980 0.234260 0.071350 0.178700 0.691149 0.310190 2 0.632289 0.311110 2 0.635419 0.150930 2
0.0 0.631770 0.312960 0.034380 0.196300 0.634899 0.398150 2 0.632289 0.311110 2 0.619269 0.225000 2
0.0 0.543230 0.328700 0.067710 0.213890 0.512499 0.230560 2 0.542709 0.330560 2 0.572919 0.424070 2
0.0 0.519790 0.052780 0.151040 0.087960 0.458329 0.022220 2 0.482809 0.084260 2 0.587499 0.087040 2
0.0 0.489580 0.100000 0.125520 0.049070 0.539579 0.107410 2 0.482809 0.084260 2 0.431249 0.101850 2
0.0 0.565100 0.156480 0.104170 0.112960 0.611979 0.204630 2 0.577079 0.149070 2 0.516669 0.114810 2