0 0.70052 0.18519 0.07812 0.18796 0.73073 0.26944 2 0.70625 0.19259 2 0.66927 0.09722 2 
0 0.78854 0.37222 0.03646 0.24074 0.77812 0.26389 2 0.79271 0.36667 2 0.80104 0.48056 2 
0 0.63281 0.57407 0.03438 0.20278 0.63802 0.48796 2 0.63333 0.56574 2 0.62187 0.65833 2 
0 0.67396 0.74722 0.03854 0.18056 0.67708 0.82407 2 0.67708 0.73426 2 0.66146 0.67500 2 
0 0.52917 0.75000 0.03646 0.20463 0.53542 0.66759 2 0.53542 0.74722 2 0.52604 0.84074 2 
0 0.49688 0.55000 0.13229 0.06389 0.52500 0.53426 2 0.47760 0.54722 2 0.55260 0.56296 2 
0 0.46615 0.35370 0.03333 0.27315 0.47448 0.23889 2 0.46250 0.34722 2 0.45312 0.46759 2 
0 0.43594 0.39167 0.02552 0.18704 0.44375 0.32315 2 0.43542 0.38426 2 0.43281 0.46759 2 
0 0.55990 0.28704 0.10990 0.04630 0.51354 0.27685 2 0.55521 0.29444 2 0.60469 0.30000 2 
0 0.54896 0.05278 0.12812 0.07222 0.49167 0.07685 2 0.53802 0.04352 2 0.60625 0.03056 2 
0 0.54375 0.16944 0.12240 0.04907 0.49062 0.17685 2 0.54271 0.16944 2 0.59479 0.15833 2 
0 0.57083 0.18981 0.09948 0.10741 0.53125 0.21759 2 0.54271 0.16944 2 0.59479 0.15833 2 
0 0.39062 0.17407 0.13177 0.07778 0.32812 0.20185 2 0.38802 0.17963 2 0.45000 0.15093 2 
0 0.38385 0.13519 0.09896 0.17870 0.34271 0.21759 2 0.38802 0.17963 2 0.42812 0.06296 2 
0 0.30312 0.29907 0.04896 0.18241 0.28646 0.37500 2 0.30781 0.29259 2 0.32240 0.21759 2 
0 0.32917 0.34167 0.03906 0.21111 0.31562 0.43148 2 0.32240 0.34722 2 0.34010 0.25370 2 
0 0.35729 0.31852 0.01667 0.17037 0.35833 0.39352 2 0.35469 0.31296 2 0.35260 0.25093 2 
0 0.35938 0.47778 0.02813 0.15556 0.36458 0.53889 2 0.35260 0.46944 2 0.35469 0.41852 2 
0 0.30156 0.66019 0.05000 0.19074 0.30781 0.74074 2 0.31510 0.66296 2 0.30521 0.65556 2 
0 0.33750 0.71759 0.07240 0.15093 0.30781 0.74074 2 0.33802 0.67130 2 0.30521 0.65556 2 
0 0.34063 0.66204 0.06354 0.20093 0.36146 0.73981 2 0.33802 0.67130 2 0.31510 0.57870 2 
0 0.41979 0.73611 0.10469 0.06944 0.46563 0.71944 2 0.42083 0.74815 2 0.37448 0.73796 2 
0 0.52656 0.58426 0.02187 0.12685 0.52500 0.53426 2 0.52760 0.59352 2 0.53125 0.63241 2 
