0.0 0.719497 0.130456 0.102666 0.238097 0.672903 0.054562 2 0.734358 0.130084 2 0.763424 0.213408 2
0.0 0.710151 0.429831 0.104333 0.175077 0.676340 0.490444 2 0.713806 0.453852 2 0.751896 0.359436 2
0.0 0.535356 0.618409 0.058608 0.194390 0.515078 0.548100 2 0.540637 0.634589 2 -0.017265 0.182651 0
0.0 0.703692 0.885508 0.083718 0.179877 0.736721 0.938271 2 0.694297 0.895692 2 0.669096 0.848904 2
0.0 0.546958 0.778317 0.078699 0.197501 0.522520 0.717663 2 0.562011 0.764272 2 0.572755 0.842716 2
0.0 0.502039 0.772135 0.044263 0.250509 0.489974 0.672067 2 0.509867 0.778110 2 0.503048 0.872399 2
0.0 0.393015 0.885078 0.102175 0.205686 0.428769 0.939102 2 0.389277 0.875723 2 0.351477 0.822305 2
0.0 0.325447 0.813517 0.079412 0.200747 0.291186 0.756906 2 0.319141 0.856289 2 0.351477 0.822305 2
0.0 0.304839 0.602915 0.039510 0.256115 0.319826 0.697866 2 0.303432 0.605431 2 0.295757 0.508227 2
0.0 0.344244 0.690425 0.060732 0.228312 0.370350 0.785114 2 0.344799 0.681851 2 0.358173 0.607559 2
0.0 0.385672 0.666236 0.068992 0.221764 0.371812 0.630641 2 0.381141 0.686466 2 0.408831 0.688485 2
0.0 0.450317 0.725076 0.096726 0.175780 0.489974 0.672067 2 0.438963 0.737953 2 0.408831 0.688485 2
0.0 0.589935 0.237101 0.104784 0.182272 0.548260 0.189036 2 0.591396 0.234543 2 0.549834 0.265053 2
0.0 0.495289 0.215718 0.096006 0.082777 0.460208 0.238990 2 0.502874 0.209195 2 0.529860 0.191523 2
0.0 0.489407 0.274096 0.132558 0.079829 0.433513 0.303727 2 0.498931 0.264887 2 0.549834 0.265053 2
0.0 0.505557 0.337274 0.112531 0.077740 0.457918 0.363331 2 0.511831 0.335339 2 0.490635 0.327138 2
0.0 0.443074 0.456955 0.043190 0.192697 0.450761 0.375996 2 0.438619 0.453058 2 0.437918 0.534998 2
0.0 0.377519 0.383727 0.073826 0.184914 0.398790 0.308056 2 0.371562 0.398101 2 0.352928 0.456188 2
0.0 0.432966 0.295539 0.129821 0.182864 0.398790 0.308056 2 0.441849 0.267650 2 0.490635 0.327138 2
0.0 0.454497 0.156934 0.115397 0.164342 0.423034 0.212630 2 0.454479 0.147494 2 0.496444 0.089611 2
0.0 0.445581 0.073733 0.113497 0.093163 0.396122 0.104544 2 0.450427 0.074339 2 0.487309 0.036873 2
0.0 0.331337 0.416701 0.049191 0.264115 0.330977 0.528903 2 0.326634 0.408681 2 0.330705 0.338284 2
0.0 0.303046 0.447344 0.092504 0.263233 0.278112 0.556586 2 0.326634 0.408681 2 0.295757 0.508227 2
0.0 0.365913 0.553871 0.029406 0.192526 0.371812 0.630641 2 0.362759 0.545389 2 0.359411 0.491925 2