0.0 0.552502 0.651698 0.116748 0.190360 0.506157 0.572434 2 0.562158 0.663361 2 0.536528 0.707070 2
0.0 0.580066 0.713564 0.104907 0.088455 0.623484 0.729671 2 0.563467 0.718890 2 0.536528 0.707070 2
0.0 0.609743 0.950607 0.102425 0.098786 0.655504 0.957295 2 0.613284 0.954322 2 0.566529 0.961800 2
0.0 0.720714 0.965482 0.090727 0.069035 0.758627 1.025351 2 0.711604 1.002647 2 0.687825 0.961108 2
0.0 0.469694 0.791617 0.071231 0.190114 0.489312 0.862606 2 0.467123 0.731561 2 0.447382 0.714602 2
0.0 0.477095 0.756504 0.087260 0.166563 0.508291 0.823234 2 0.467123 0.731561 2 0.446748 0.682188 2
0.0 0.486030 0.650524 0.105567 0.108481 0.528184 0.688886 2 0.461843 0.650450 2 0.443371 0.619536 2
0.0 0.397229 0.494406 0.050792 0.293638 0.402363 0.621239 2 0.394170 0.469394 2 0.391770 0.371923 2
0.0 0.383508 0.361903 0.033573 0.237733 0.394762 0.266438 2 0.381358 0.364242 2 0.372295 0.463939 2
0.0 0.431245 0.441947 0.041242 0.248995 0.432903 0.551702 2 0.430227 0.441670 2 0.426144 0.339306 2
0.0 0.473731 0.553894 0.074869 0.163097 0.506157 0.572434 2 0.474529 0.556485 2 0.451287 0.496527 2
0.0 0.531421 0.509740 0.084291 0.230383 0.506157 0.572434 2 0.529703 0.513310 2 0.554083 0.614201 2
0.0 0.595930 0.554640 0.053077 0.217678 0.581848 0.462581 2 0.592187 0.524133 2 0.608172 0.651415 2
0.0 0.656859 0.549227 0.097642 0.234270 0.624020 0.448938 2 0.653302 0.541622 2 0.689706 0.647788 2
0.0 0.749289 0.115990 0.116013 0.135763 0.701698 0.058988 2 0.746311 0.098259 2 0.800814 0.171945 2
0.0 0.516119 0.072767 0.101563 0.137320 0.520954 0.117574 2 0.509167 0.072999 2 0.559863 0.056882 2
0.0 0.569166 0.119893 0.116118 0.121007 0.520954 0.117574 2 0.573301 0.115662 2 0.619601 0.116271 2
0.0 0.613704 0.195420 0.104346 0.095126 0.567756 0.187869 2 0.612215 0.194937 2 0.658652 0.201831 2
0.0 0.501364 0.177234 0.115511 0.201657 0.520954 0.117574 2 0.522628 0.236493 2 0.551255 0.130869 2
0.0 0.517889 0.242541 0.103199 0.133104 0.565580 0.243941 2 0.522628 0.236493 2 0.564881 0.230153 2
0.0 0.548701 0.325528 0.047818 0.224248 0.565580 0.243941 2 0.549931 0.329350 2 0.564881 0.230153 2