0.0 0.368142 0.576162 0.136938 0.169145 0.305971 0.526895 2 0.380753 0.581399 2 0.354486 0.641254 2
0.0 0.406545 0.619996 0.126646 0.065736 0.459541 0.608030 2 0.387482 0.635750 2 0.354486 0.641254 2
0.0 0.464364 0.842675 0.122574 0.089967 0.518683 0.813750 2 0.468422 0.837833 2 0.413766 0.875207 2
0.0 0.599704 0.813826 0.106915 0.119516 0.647118 0.815348 2 0.589330 0.822897 2 0.557304 0.796841 2
0.0 0.283157 0.768252 0.080329 0.180444 0.313097 0.826072 2 0.274603 0.710041 2 0.249650 0.705828 2
0.0 0.288644 0.728614 0.101294 0.151780 0.331893 0.774787 2 0.274603 0.710041 2 0.245876 0.674020 2
0.0 0.289336 0.617564 0.126595 0.086481 0.342912 0.628525 2 0.260785 0.632810 2 0.236032 0.613915 2
0.0 0.169643 0.519272 0.050398 0.293738 0.187643 0.641869 2 0.163779 0.496204 2 0.151845 0.400868 2
0.0 0.141037 0.396370 0.031412 0.239731 0.145548 0.294114 2 0.138801 0.399901 2 0.137372 0.504790 2
0.0 0.205020 0.445351 0.040461 0.249544 0.217313 0.553201 2 0.203880 0.445558 2 0.189498 0.346438 2
0.0 0.265762 0.529403 0.086032 0.151308 0.305971 0.526895 2 0.267039 0.531298 2 0.233930 0.486592 2
0.0 0.329941 0.448576 0.094821 0.219179 0.305971 0.526895 2 0.328332 0.453055 2 0.366607 0.537712 2
0.0 0.410503 0.451888 0.056547 0.213837 0.385335 0.369243 2 0.403316 0.423796 2 0.434113 0.540060 2
0.0 0.482131 0.407490 0.111260 0.219848 0.433989 0.328677 2 0.477301 0.402039 2 0.530304 0.484240 2
0.0 0.271064 0.041445 0.120359 0.082891 0.489577 -0.108624 2 0.546057 -0.098165 2 0.617457 -0.059835 2
0.0 0.338262 0.042696 0.139174 0.085391 0.281060 0.065350 2 0.262946 0.028598 2 0.321462 -0.019886 2
0.0 0.398036 0.083492 0.125658 0.072844 0.281060 0.065350 2 0.342854 0.029928 2 0.397725 0.000882 2
0.0 0.263341 0.137359 0.134908 0.181256 0.343025 0.105242 2 0.396319 0.083795 2 0.451939 0.060909 2
0.0 0.288996 0.191683 0.122578 0.112794 0.281060 0.065350 2 0.294134 0.182468 2 0.318173 0.059159 2
0.0 0.333216 0.254428 0.049719 0.222032 0.345679 0.162364 2 0.294134 0.182468 2 0.343565 0.149108 2