0.0 0.475741 0.575443 0.110661 0.178786 0.425391 0.544883 2 0.485928 0.577274 2 0.464057 0.636315 2
0.0 0.506707 0.606199 0.103049 0.085521 0.549945 0.583951 2 0.490995 0.624264 2 0.464057 0.636315 2
0.0 0.552121 0.792172 0.099531 0.105959 0.596569 0.754519 2 0.555414 0.786871 2 0.510575 0.832021 2
0.0 0.662663 0.737149 0.086497 0.128546 0.701247 0.728132 2 0.654084 0.747375 2 0.628180 0.731084 2
0.0 0.404988 0.765073 0.064284 0.176367 0.428896 0.810023 2 0.398412 0.714930 2 0.378104 0.716578 2
0.0 0.409766 0.728552 0.081649 0.155717 0.444612 0.760238 2 0.398412 0.714930 2 0.375273 0.689042 2
0.0 0.411185 0.629413 0.102846 0.103769 0.454720 0.627476 2 0.387744 0.649079 2 0.367712 0.637597 2
0.0 0.314377 0.567716 0.038929 0.269547 0.328054 0.672993 2 0.309723 0.548317 2 0.300730 0.465920 2
0.0 0.292007 0.464357 0.023824 0.217865 0.296419 0.372125 2 0.290105 0.467883 2 0.288132 0.561690 2
0.0 0.343784 0.494164 0.031147 0.228478 0.352921 0.587531 2 0.342801 0.494488 2 0.331841 0.409248 2
0.0 0.392648 0.555933 0.069173 0.151967 0.425391 0.544883 2 0.393623 0.557239 2 0.366979 0.524558 2
0.0 0.445585 0.469987 0.075834 0.213625 0.425391 0.544883 2 0.444187 0.474221 2 0.474734 0.541395 2
0.0 0.511227 0.455493 0.044578 0.200563 0.491296 0.387168 2 0.505533 0.431902 2 0.529742 0.528869 2
0.0 0.569955 0.400406 0.089270 0.217805 0.531268 0.340472 2 0.566008 0.396487 2 0.608578 0.458282 2
0.0 0.400861 0.104351 0.097505 0.129807 0.579947 -0.061370 2 0.625904 -0.064277 2 0.683809 -0.045572 2
0.0 0.455537 0.101267 0.113051 0.115671 0.408639 0.138863 2 0.394158 0.110025 2 0.442229 0.054135 2
0.0 0.503902 0.129809 0.102185 0.091561 0.408639 0.138863 2 0.459283 0.093906 2 0.504233 0.056133 2
0.0 0.393694 0.206994 0.108907 0.189002 0.458841 0.161004 2 0.502448 0.130345 2 0.547962 0.097900 2
0.0 0.414188 0.249862 0.099356 0.126051 0.408639 0.138863 2 0.418395 0.240429 2 0.438939 0.125307 2
0.0 0.449749 0.296217 0.038931 0.206285 0.460566 0.211346 2 0.418395 0.240429 2 0.458944 0.199988 2