0.0 0.488929 0.392596 0.074151 0.212462 0.516851 0.315325 2 0.491190 0.388955 2 0.457324 0.479850 2
0.0 0.404057 0.561495 0.096660 0.074532 0.366485 0.542537 2 0.410613 0.574481 2 0.435018 0.590916 2
0.0 0.332930 0.760472 0.098694 0.116063 0.298773 0.715927 2 0.339347 0.799679 2 0.369847 0.792129 2
0.0 0.461789 0.770521 0.108241 0.091888 0.414373 0.783192 2 0.478975 0.786680 2 0.508213 0.761023 2
0.0 0.509780 0.797987 0.110666 0.172628 0.465121 0.853225 2 0.478975 0.786680 2 0.508213 0.761023 2
0.0 0.572871 0.677235 0.119943 0.118314 0.531912 0.662840 2 0.574276 0.705989 2 0.624440 0.664570 2
0.0 0.577704 0.643537 0.112925 0.100854 0.531912 0.662840 2 0.591618 0.663249 2 0.624440 0.664570 2
0.0 0.496994 0.617925 0.116390 0.067444 0.449014 0.606332 2 0.493869 0.623709 2 0.543034 0.636708 2
0.0 0.545294 0.567727 0.067139 0.099712 0.521006 0.591336 2 0.552582 0.561951 2 0.570822 0.540398 2
0.0 0.616594 0.537892 0.080691 0.213772 0.615174 0.587088 2 0.624939 0.518669 2 0.622145 0.626291 2
0.0 0.576988 0.537311 0.111676 0.133710 0.615174 0.587088 2 0.552582 0.561951 2 0.570822 0.540398 2
0.0 0.604705 0.283438 0.075725 0.265937 0.633704 0.175926 2 0.605912 0.164054 2 0.570860 0.390208 2
0.0 0.659584 0.313338 0.050714 0.246889 0.646193 0.416842 2 0.664663 0.293461 2 0.664158 0.214581 2
0.0 0.672081 0.096887 0.083601 0.193773 0.654436 0.007829 2 0.684473 0.116774 2 0.689783 0.178751 2
0.0 0.650833 0.077356 0.082017 0.141811 0.673352 0.134500 2 0.648639 0.083338 2 0.631640 0.027414 2
0.0 0.536897 0.115963 0.056332 0.231926 0.550121 -0.003612 2 0.545216 0.105686 2 0.511932 0.212454 2
0.0 0.561343 0.190723 0.038418 0.211319 0.570579 0.101316 2 0.555855 0.212845 2 0.552051 0.279304 2
0.0 0.607689 0.219969 0.059929 0.235690 0.605043 0.325636 2 0.605912 0.164054 2 0.614050 0.201393 2
0.0 0.598654 0.144632 0.066940 0.133776 0.585191 0.090585 2 0.605912 0.164054 2 0.614050 0.201393 2
0.0 0.543682 0.094760 0.107924 0.124932 0.585191 0.090585 2 0.545216 0.105686 2 0.505436 0.048353 2
0.0 0.522941 0.150477 0.075743 0.059304 0.488497 0.158395 2 0.538172 0.142094 2 0.552282 0.169070 2