0.0 0.619102 0.639813 0.058726 0.204200 0.642104 0.556989 2 0.620403 0.637126 2 0.597914 0.720161 2
0.0 0.705041 0.757002 0.055336 0.209419 0.723338 0.670129 2 0.712959 0.770013 2 0.687062 0.831909 2
0.0 0.618210 0.923416 0.089853 0.108962 0.587927 0.888526 2 0.623526 0.926682 2 0.649009 0.965752 2
0.0 0.507105 0.954018 0.124831 0.078788 0.560338 0.965378 2 0.504315 0.946386 2 0.454080 0.954141 2
0.0 0.389634 0.928163 0.122901 0.143674 0.432021 1.016849 2 0.389456 0.945579 2 0.344857 0.878972 2
0.0 0.292848 0.741295 0.058158 0.246583 0.295404 0.847082 2 0.285173 0.717316 2 0.313014 0.688498 2
0.0 0.350807 0.749462 0.106347 0.169782 0.390849 0.824391 2 0.379335 0.792354 2 0.319441 0.795001 2
0.0 0.369977 0.768829 0.119726 0.118247 0.423764 0.743560 2 0.379335 0.792354 2 0.319441 0.795001 2
0.0 0.352047 0.630291 0.137327 0.108122 0.413532 0.613795 2 0.358592 0.661380 2 0.292800 0.616850 2
0.0 0.336332 0.543267 0.104404 0.129836 0.360899 0.528147 2 0.329047 0.558157 2 0.298107 0.495464 2
0.0 0.446037 0.589939 0.053595 0.250561 0.449179 0.489652 2 0.451748 0.595340 2 0.430776 0.687879 2
0.0 0.492859 0.744796 0.100056 0.072567 0.535323 0.743670 2 0.485011 0.752434 2 0.446271 0.748320 2
0.0 0.519156 0.354278 0.091678 0.168655 0.548223 0.426886 2 0.520967 0.367023 2 0.493745 0.284699 2
0.0 0.469289 0.496857 0.056042 0.175948 0.449179 0.489652 2 0.471395 0.505574 2 0.481564 0.569993 2
0.0 0.361657 0.430205 0.046693 0.216485 0.360899 0.528147 2 0.357285 0.414069 2 0.361556 0.357809 2
0.0 0.329829 0.246867 0.095450 0.168471 0.291203 0.307199 2 0.362686 0.262087 2 0.342201 0.289396 2
0.0 0.327007 0.357544 0.051999 0.193884 0.306378 0.438010 2 0.322206 0.361735 2 0.342201 0.289396 2
0.0 0.371440 0.272005 0.086234 0.253513 0.408139 0.177790 2 0.362686 0.262087 2 0.390548 0.277163 2
0.0 0.420274 0.268033 0.070283 0.086043 0.446985 0.268691 2 0.409527 0.240351 2 0.418404 0.285105 2
0.0 0.409322 0.096265 0.121223 0.152173 0.446700 0.096103 2 0.403972 0.100341 2 0.360855 0.139203 2
0.0 0.475304 0.079592 0.087616 0.086741 0.446700 0.096103 2 0.490698 0.067636 2 0.480267 0.102187 2
0.0 0.551427 0.113043 0.155749 0.080384 0.621036 0.121748 2 0.524133 0.119633 2 0.480267 0.102187 2
0.0 0.454929 0.230447 0.081906 0.153745 0.446985 0.268691 2 0.475442 0.268579 2 0.418404 0.285105 2
0.0 0.473059 0.278182 0.128388 0.139852 0.446985 0.268691 2 0.475442 0.268579 2 0.493745 0.284699 2