0.0 0.571797 0.491004 0.070401 0.204026 0.571162 0.401617 2 0.572274 0.487604 2 0.573423 0.576703 2
0.0 0.667598 0.549206 0.068158 0.208363 0.662264 0.458805 2 0.676990 0.556413 2 0.670538 0.628071 2
0.0 0.636482 0.751741 0.085926 0.119376 0.604255 0.736922 2 0.641544 0.751499 2 0.670947 0.772722 2
0.0 0.554619 0.843592 0.111602 0.097066 0.599897 0.823274 2 0.550681 0.838003 2 0.512266 0.873952 2
0.0 0.458172 0.901333 0.120233 0.187195 0.509072 0.944153 2 0.458573 0.903189 2 0.407520 0.867671 2
0.0 0.334094 0.771382 0.074470 0.244083 0.360588 0.866794 2 0.322476 0.753598 2 0.338113 0.711175 2
0.0 0.382362 0.745609 0.106071 0.179965 0.431741 0.791191 2 0.415139 0.768403 2 0.367816 0.805210 2
0.0 0.402170 0.752376 0.111608 0.133537 0.439444 0.698131 2 0.415139 0.768403 2 0.367816 0.805210 2
0.0 0.355874 0.635550 0.125070 0.127104 0.401333 0.584935 2 0.368336 0.660132 2 0.305414 0.657036 2
0.0 0.323230 0.564720 0.100187 0.141767 0.339459 0.536558 2 0.320888 0.582376 2 0.281669 0.542610 2
0.0 0.421791 0.544577 0.071125 0.247033 0.401234 0.450566 2 0.427661 0.546067 2 0.432216 0.643015 2
0.0 0.494972 0.659794 0.090460 0.086723 0.528751 0.634200 2 0.490507 0.671119 2 0.458554 0.689580 2
0.0 0.425965 0.286374 0.093827 0.176264 0.466027 0.336125 2 0.430409 0.296841 2 0.389639 0.236927 2
0.0 0.418934 0.445821 0.065157 0.176776 0.401234 0.450566 2 0.422685 0.452423 2 0.445678 0.505695 2
0.0 0.317426 0.446441 0.061772 0.213506 0.339459 0.536558 2 0.310261 0.433958 2 0.300706 0.379883 2
0.0 0.249677 0.296485 0.096924 0.176766 0.232731 0.373826 2 0.279537 0.291404 2 0.269440 0.328220 2
0.0 0.272940 0.399658 0.063737 0.193044 0.275040 0.485144 2 0.270118 0.406073 2 0.269440 0.328220 2
0.0 0.288775 0.295667 0.098415 0.255690 0.296475 0.187966 2 0.279537 0.291404 2 0.305311 0.289245 2
0.0 0.326941 0.263994 0.067298 0.094146 0.348525 0.249078 2 0.312012 0.244575 2 0.329436 0.280543 2
0.0 0.278567 0.112671 0.116479 0.165951 0.308498 0.090880 2 0.275281 0.119293 2 0.249735 0.179700 2
0.0 0.327529 0.059500 0.081698 0.097919 0.308498 0.090880 2 0.337147 0.039506 2 0.336766 0.077197 2
0.0 0.396165 0.049283 0.137324 0.098566 0.453936 0.014347 2 0.375895 0.068027 2 0.336766 0.077197 2
0.0 0.346009 0.209614 0.084154 0.160381 0.348525 0.249078 2 0.371274 0.232642 2 0.329436 0.280543 2
0.0 0.371526 0.243008 0.121081 0.155563 0.348525 0.249078 2 0.371274 0.232642 2 0.389639 0.236927 2