0 0.62917 0.51389 0.04167 0.17963 0.64479 0.43426 2 0.63021 0.51111 2 0.61510 0.59074 2 
0 0.71771 0.60370 0.03802 0.18519 0.72865 0.52130 2 0.72604 0.61389 2 0.70625 0.67500 2 
0 0.64844 0.77130 0.07865 0.08426 0.61771 0.74537 2 0.65365 0.77315 2 0.68021 0.80370 2 
0 0.54688 0.82037 0.11458 0.04907 0.59740 0.82037 2 0.54375 0.81389 2 0.49740 0.83056 2 
0 0.43646 0.83333 0.10573 0.13889 0.48125 0.89167 2 0.43646 0.83519 2 0.39010 0.78333 2 
0 0.33177 0.66852 0.03802 0.21944 0.34167 0.76389 2 0.32292 0.64815 2 0.34687 0.61667 2 
0 0.38646 0.66481 0.09010 0.13796 0.42917 0.72500 2 0.41615 0.69815 2 0.36042 0.71204 2 
0 0.40573 0.67870 0.10677 0.08704 0.45417 0.64537 2 0.41615 0.69815 2 0.36042 0.71204 2 
0 0.37917 0.55648 0.12448 0.07407 0.43542 0.52963 2 0.38750 0.58333 2 0.32292 0.55556 2 
0 0.35833 0.48056 0.09115 0.10093 0.38021 0.46204 2 0.35260 0.49537 2 0.31927 0.44444 2 
0 0.46406 0.50185 0.03333 0.22407 0.45990 0.41019 2 0.46979 0.50556 2 0.45677 0.59352 2 
0 0.51875 0.63333 0.09115 0.04815 0.55833 0.62407 2 0.51198 0.64167 2 0.47552 0.64537 2 
0 0.51562 0.27407 0.07604 0.13981 0.54792 0.33426 2 0.51823 0.28519 2 0.48698 0.21574 2 
0 0.47917 0.41296 0.04115 0.15370 0.45990 0.41019 2 0.48177 0.42037 2 0.49583 0.47685 2 
0 0.37396 0.37315 0.02917 0.19352 0.38021 0.46204 2 0.36875 0.35926 2 0.36875 0.30741 2 
0 0.33125 0.21296 0.07969 0.13889 0.29948 0.27500 2 0.36302 0.22037 2 0.34583 0.24907 2 
0 0.33646 0.31389 0.03594 0.17130 0.32292 0.39074 2 0.33229 0.31852 2 0.34583 0.24907 2 
0 0.37188 0.22778 0.06458 0.22037 0.39948 0.13519 2 0.36302 0.22037 2 0.39010 0.22870 2 
0 0.41719 0.21481 0.06146 0.06667 0.44219 0.21019 2 0.40521 0.19167 2 0.41667 0.23056 2 
0 0.39479 0.06111 0.10573 0.11852 0.42969 0.05370 2 0.39010 0.06574 2 0.35260 0.10926 2 
0 0.45521 0.03333 0.07812 0.06389 0.42969 0.05370 2 0.46875 0.01944 2 0.46146 0.05278 2 
0 0.52865 0.04907 0.14427 0.04444 0.59427 0.04352 2 0.50365 0.06019 2 0.46146 0.05278 2 
0 0.44688 0.17407 0.06771 0.12778 0.44219 0.21019 2 0.46875 0.20463 2 0.41667 0.23056 2 
0 0.46719 0.21389 0.11354 0.10556 0.44219 0.21019 2 0.46875 0.20463 2 0.48698 0.21574 2 
