0 0.63802 0.10648 0.13594 0.11111 0.70000 0.14537 2 0.63490 0.07685 2 0.57552 0.06852 2 
0 0.70781 0.29444 0.07031 0.17500 0.70260 0.32870 2 0.70833 0.29444 2 0.74219 0.36944 2 
0 0.69167 0.38426 0.05781 0.13981 0.70260 0.32870 2 0.70625 0.43333 2 0.66719 0.42870 2 
0 0.53854 0.33611 0.09531 0.10278 0.57865 0.37500 2 0.53958 0.34167 2 0.50208 0.29259 2 
0 0.53958 0.56204 0.09062 0.10833 0.57812 0.52593 2 0.54948 0.58056 2 0.50208 0.60370 2 
0 0.54948 0.61296 0.11458 0.07685 0.60417 0.58519 2 0.55104 0.62500 2 0.50052 0.64444 2 
0 0.57135 0.71019 0.11979 0.04907 0.51927 0.71667 2 0.56875 0.71204 2 0.62187 0.70833 2 
0 0.62760 0.80370 0.10000 0.11389 0.67135 0.76019 2 0.63229 0.81944 2 0.58542 0.85833 2 
0 0.43073 0.63704 0.06719 0.20185 0.45833 0.54907 2 0.44219 0.63426 2 0.40365 0.72778 2 
0 0.46302 0.75000 0.10990 0.04630 0.51094 0.75278 2 0.46406 0.74444 2 0.41510 0.74815 2 
0 0.46094 0.84722 0.11250 0.13148 0.50938 0.90463 2 0.45833 0.85833 2 0.41615 0.80463 2 
0 0.35208 0.73241 0.06667 0.14444 0.37865 0.79167 2 0.34740 0.73241 2 0.32396 0.68333 2 
0 0.45208 0.20278 0.05833 0.17685 0.43802 0.13889 2 0.47396 0.21296 2 0.47292 0.27963 2 
0 0.30990 0.26759 0.06927 0.17130 0.28385 0.34074 2 0.31354 0.27222 2 0.33958 0.19259 2 
0 0.32656 0.44537 0.03281 0.19352 0.33698 0.53241 2 0.33229 0.44444 2 0.31771 0.36667 2 
0 0.37500 0.42963 0.04115 0.19907 0.39010 0.52130 2 0.37188 0.42593 2 0.36042 0.34630 2 
0 0.43958 0.44907 0.05625 0.24722 0.45833 0.54907 2 0.44427 0.44352 2 0.42344 0.55741 2 
0 0.39427 0.16389 0.11719 0.14815 0.37448 0.12778 2 0.37344 0.17685 2 0.33958 0.19259 2 
0 0.40677 0.07778 0.08073 0.12037 0.37448 0.12778 2 0.40313 0.08148 2 0.38333 0.06111 2 
0 0.42969 0.04167 0.10208 0.08426 0.47135 0.01204 2 0.40313 0.08148 2 0.38333 0.06111 2 
0 0.51042 0.09537 0.07708 0.03333 0.54271 0.08889 2 0.50625 0.09722 2 0.47865 0.09722 2 
0 0.48802 0.41296 0.04063 0.12407 0.47292 0.37222 2 0.47760 0.42593 2 0.50469 0.46759 2 
