0 0.70521 0.18981 0.08125 0.12963 0.73333 0.13333 2 0.70729 0.24352 2 0.66823 0.18426 2 
0 0.66094 0.25370 0.10833 0.08796 0.61354 0.22315 2 0.66719 0.26204 2 0.70990 0.28981 2 
0 0.61250 0.41111 0.04323 0.18241 0.63021 0.32778 2 0.61875 0.42685 2 0.59896 0.48981 2 
0 0.56458 0.35648 0.09844 0.09259 0.60469 0.38796 2 0.55990 0.36204 2 0.52344 0.32407 2 
0 0.68698 0.52593 0.03646 0.20463 0.67135 0.43426 2 0.68542 0.51944 2 0.70156 0.62130 2 
0 0.59219 0.58611 0.10469 0.08981 0.63958 0.55926 2 0.59844 0.59259 2 0.54635 0.62870 2 
0 0.51979 0.74167 0.12135 0.08241 0.57135 0.71389 2 0.51927 0.73981 2 0.46719 0.77130 2 
0 0.48750 0.87315 0.11354 0.09722 0.53490 0.90648 2 0.49167 0.87685 2 0.44219 0.83704 2 
0 0.46563 0.71111 0.12240 0.04630 0.41250 0.72407 2 0.45885 0.71204 2 0.51615 0.69074 2 
0 0.37604 0.75463 0.07969 0.13426 0.40781 0.81667 2 0.37031 0.75833 2 0.34115 0.70185 2 
0 0.35260 0.59259 0.05625 0.18426 0.37031 0.66481 2 0.34740 0.60185 2 0.32708 0.52407 2 
0 0.38125 0.47315 0.04063 0.20556 0.39219 0.56019 2 0.38438 0.47315 2 0.37031 0.38704 2 
0 0.29635 0.28241 0.03333 0.17037 0.30625 0.20833 2 0.29063 0.27130 2 0.30260 0.35926 2 
0 0.34792 0.21111 0.04583 0.17222 0.33698 0.28519 2 0.34531 0.19907 2 0.36562 0.14074 2 
0 0.44062 0.25370 0.08958 0.13796 0.40208 0.31759 2 0.45885 0.29259 2 0.48438 0.19444 2 
0 0.41927 0.32593 0.08229 0.12870 0.38333 0.38704 2 0.41615 0.33148 2 0.44844 0.38519 2 
0 0.44010 0.57130 0.02240 0.20370 0.44375 0.48981 2 0.43958 0.57222 2 0.43698 0.65833 2 
0 0.39323 0.10278 0.12917 0.07222 0.33854 0.12778 2 0.42708 0.13241 2 0.42656 0.09167 2 
0 0.45833 0.05185 0.07396 0.10463 0.48177 0.00741 2 0.47448 0.07315 2 0.42656 0.09167 2 
0 0.43177 0.12778 0.12812 0.07778 0.48698 0.10648 2 0.42708 0.13241 2 0.42656 0.09167 2 
0 0.55052 0.09074 0.09792 0.05370 0.59323 0.11019 2 0.53906 0.08611 2 0.51302 0.07685 2 
0 0.57552 0.07500 0.12240 0.06296 0.52187 0.05556 2 0.53906 0.08611 2 0.61615 0.09722 2 
0 0.47292 0.29352 0.05677 0.21389 0.50000 0.20278 2 0.46615 0.33796 2 0.44844 0.38519 2 
0 0.45781 0.34444 0.07292 0.19074 0.48906 0.27778 2 0.46615 0.33796 2 0.42708 0.43056 2 
