0.0 0.688362 0.193300 0.053640 0.139066 0.706085 0.242418 2 0.695016 0.162490 2 0.669102 0.143511 2
0.0 0.692176 0.357816 0.037466 0.208305 0.701464 0.267484 2 0.690122 0.367615 2 0.681834 0.457590 2
0.0 0.716386 0.490684 0.057264 0.182645 0.739912 0.409520 2 0.722954 0.515357 2 0.695389 0.576968 2
0.0 0.577197 0.680556 0.084196 0.158794 0.611888 0.617026 2 0.572080 0.693706 2 0.541466 0.750134 2
0.0 0.547500 0.799875 0.118208 0.115429 0.595292 0.815746 2 0.535847 0.770332 2 0.509807 0.825585 2
0.0 0.498238 0.745040 0.042040 0.203500 0.484628 0.662248 2 0.501792 0.748297 2 0.509807 0.825585 2
0.0 0.447474 0.676943 0.076510 0.128690 0.484628 0.662248 2 0.445443 0.672236 2 0.413954 0.639320 2
0.0 0.401599 0.735556 0.082087 0.115610 0.434099 0.767254 2 0.384299 0.732179 2 0.369065 0.710469 2
0.0 0.330017 0.637784 0.056714 0.156055 0.309729 0.589962 2 0.326393 0.671016 2 0.353825 0.699852 2
0.0 0.343892 0.548091 0.032887 0.209699 0.339164 0.637055 2 0.344938 0.524689 2 0.350638 0.459263 2
0.0 0.425278 0.554645 0.111664 0.158977 0.472018 0.593815 2 0.401311 0.585387 2 0.373440 0.519129 2
0.0 0.307469 0.416622 0.035936 0.204506 0.296123 0.508986 2 0.303431 0.390251 2 0.321842 0.329259 2
0.0 0.393781 0.204398 0.085781 0.197587 0.358024 0.291036 2 0.392258 0.199571 2 0.426210 0.281331 2
0.0 0.477729 0.203473 0.056733 0.168008 0.501235 0.134263 2 0.476708 0.201926 2 0.452682 0.274584 2
0.0 0.579521 0.172416 0.121204 0.076099 0.523552 0.172925 2 0.572897 0.174849 2 0.636502 0.171434 2
0.0 0.577581 0.114050 0.085780 0.196730 0.541044 0.050755 2 0.572897 0.174849 2 0.566393 0.105707 2
0.0 0.650482 0.033772 0.098847 0.067544 0.614875 0.010610 2 0.627532 0.049183 2 0.616937 -0.002712 2
0.0 0.628006 0.078311 0.039945 0.156622 0.645746 0.113636 2 0.612743 0.074279 2 0.643675 0.138043 2
0.0 0.606603 0.100683 0.092737 0.092732 0.645746 0.113636 2 0.605592 0.093155 2 0.566393 0.105707 2
0.0 0.505531 0.313260 0.048635 0.192385 0.485550 0.399285 2 0.506577 0.295828 2 0.525501 0.232145 2
0.0 0.537533 0.349453 0.102983 0.136285 0.580333 0.303470 2 0.530382 0.363970 2 0.495203 0.410469 2
0.0 0.448846 0.450541 0.029866 0.226838 0.442884 0.355565 2 0.440184 0.457759 2 0.459365 0.552681 2
0.0 0.429180 0.341251 0.039477 0.195173 0.442884 0.355565 2 0.427139 0.342516 2 0.445593 0.254216 2
0.0 0.401150 0.369713 0.056271 0.196892 0.416317 0.428870 2 0.427139 0.342516 2 0.426210 0.281331 2