0 0.78854 0.37315 0.05469 0.15185 0.80885 0.43611 2 0.76667 0.37222 2 0.77812 0.31111 2 
0 0.70312 0.54630 0.08229 0.10833 0.72917 0.59815 2 0.70312 0.51574 2 0.67135 0.50833 2 
0 0.70885 0.66204 0.04635 0.15185 0.72917 0.59815 2 0.70260 0.67500 2 0.68854 0.72963 2 
0 0.64531 0.54444 0.03177 0.21019 0.65625 0.45463 2 0.64115 0.55278 2 0.63646 0.64259 2 
0 0.58125 0.67130 0.09948 0.12685 0.62083 0.62500 2 0.58854 0.69352 2 0.53542 0.73148 2 
0 0.44531 0.74444 0.10000 0.08241 0.48854 0.76759 2 0.43646 0.73148 2 0.40365 0.71667 2 
0 0.40625 0.66389 0.11094 0.05926 0.43698 0.64259 2 0.37760 0.67870 2 0.35573 0.64722 2 
0 0.40833 0.55648 0.06979 0.20093 0.43698 0.47037 2 0.39896 0.55741 2 0.37604 0.47222 2 
0 0.40729 0.40556 0.07292 0.15463 0.43698 0.47037 2 0.40521 0.36944 2 0.37708 0.34722 2 
0 0.55573 0.48426 0.03490 0.20833 0.56302 0.39259 2 0.55833 0.49815 2 0.54219 0.57500 2 
0 0.58333 0.06852 0.12292 0.13796 0.53229 0.01019 2 0.60573 0.05833 2 0.64062 0.12778 2 
0 0.43177 0.03981 0.08750 0.07315 0.39635 0.06667 2 0.45000 0.02778 2 0 0 0 
0 0.42812 0.13796 0.09896 0.09722 0.42969 0.18426 2 0.41406 0.12315 2 0.46823 0.09630 2 
0 0.47708 0.14722 0.10573 0.08519 0.42969 0.18426 2 0.45729 0.14907 2 0.49792 0.11759 2 
0 0.48385 0.19259 0.08698 0.17037 0.44688 0.11944 2 0.45729 0.14907 2 0.52500 0.26481 2 
0 0.46667 0.19444 0.10260 0.16389 0.42969 0.18426 2 0.45729 0.14907 2 0.49792 0.11759 2 
0 0.56198 0.23704 0.08333 0.07593 0.52604 0.21019 2 0.56302 0.23796 2 0.59896 0.26389 2 
0 0.33750 0.43889 0.02656 0.21667 0.32500 0.40093 2 0.33594 0.43333 2 0.33542 0.34352 2 
0 0.49531 0.85370 0.10938 0.05185 0.44583 0.86111 2 0.50625 0.85833 2 0.54688 0.84074 2 
0 0.26823 0.44074 0.02083 0.22130 0.27031 0.34167 2 0.26719 0.45370 2 0.26771 0.54167 2 
0 0.30781 0.35648 0.03333 0.22130 0.31510 0.37778 2 0.29635 0.38796 2 0.30677 0.46019 2 
0 0.30990 0.22963 0.06354 0.19537 0.31250 0.26111 2 0.34010 0.26852 2 0.33542 0.14630 2 
0 0.33281 0.29259 0.03958 0.20093 0.31510 0.37778 2 0.34010 0.26852 2 0.33542 0.34352 2 
0 0.35365 0.31019 0.06354 0.20093 0.32500 0.40093 2 0.36146 0.25833 2 0.33542 0.34352 2 
