0 0.55104 0.04722 0.14583 0.06759 0.48854 0.03333 2 0.55573 0.03333 2 0.62240 0.06019 2 
0 0.65781 0.37037 0.04219 0.23426 0.66094 0.38519 2 0.65781 0.34722 2 0.67656 0.47037 2 
0 0.65260 0.48611 0.02500 0.22315 0.66094 0.38519 2 0.65052 0.50093 2 0.64948 0.58333 2 
0 0.72083 0.52870 0.03385 0.17963 0.71354 0.44722 2 0.73594 0.54167 2 0.72188 0.61204 2 
0 0.70469 0.63796 0.08698 0.11111 0.67083 0.68056 2 0.72135 0.65741 2 0.74323 0.59537 2 
0 0.78906 0.38981 0.02813 0.20556 0.78438 0.29537 2 0.79271 0.39074 2 0.78958 0.48519 2 
0 0.44792 0.68148 0.09115 0.13148 0.43073 0.62870 2 0.44219 0.65556 2 0.44219 0.74444 2 
0 0.48229 0.77315 0.10677 0.07685 0.49167 0.73796 2 0.47187 0.76852 2 0.44219 0.74444 2 
0 0.44844 0.63981 0.06771 0.17963 0.43073 0.62870 2 0.44219 0.65556 2 0.42188 0.72222 2 
0 0.43438 0.48519 0.05781 0.18426 0.45833 0.56481 2 0.44271 0.46019 2 0.41042 0.40370 2 
0 0.38229 0.61759 0.10677 0.09074 0.43073 0.62870 2 0.37292 0.64444 2 0.40781 0.62407 2 
0 0.30521 0.55463 0.05052 0.17407 0.32396 0.62685 2 0.29531 0.53241 2 0.28750 0.48519 2 
0 0.29375 0.36852 0.04792 0.20370 0.27917 0.46204 2 0.29219 0.37963 2 0.31354 0.27778 2 
0 0.29635 0.26111 0.04479 0.19167 0.31250 0.17407 2 0.28906 0.26667 2 0.31354 0.27778 2 
0 0.35104 0.13981 0.06510 0.13704 0.36198 0.20000 2 0.34844 0.12963 2 0.37604 0.07963 2 
0 0.40104 0.11111 0.11875 0.13611 0.34740 0.17130 2 0.40885 0.10185 2 0.40208 0.16667 2 
0 0.52240 0.16019 0.09531 0.11667 0.49427 0.18519 2 0.52917 0.21019 2 0.56719 0.20833 2 
0 0.51458 0.15648 0.13437 0.08981 0.49427 0.18519 2 0.52917 0.12593 2 0.46979 0.12315 2 
0 0.52812 0.21574 0.08073 0.09259 0.49427 0.18519 2 0.52917 0.21019 2 0.56719 0.20833 2 
0 0.43333 0.18981 0.08333 0.13611 0.40313 0.24537 2 0.43229 0.18519 2 0.40208 0.16667 2 
0 0.37552 0.23333 0.06042 0.16944 0.40313 0.24537 2 0.36979 0.23056 2 0.40208 0.16667 2 
0 0.34323 0.27037 0.05521 0.17685 0.35260 0.30741 2 0.36979 0.23056 2 0.32292 0.34907 2 
0 0.32552 0.38241 0.04167 0.18056 0.31094 0.45741 2 0.32969 0.29444 2 0.32292 0.34907 2 
