0.0 0.335940 0.345370 0.062500 0.137040 0.361459 0.291670 2 0.319269 0.314810 2 0.309379 0.400930 2
0.0 0.468230 0.623150 0.066670 0.149070 0.494789 0.559260 2 0.472919 0.603700 2 0.438019 0.685190 2
0.0 0.508330 0.652780 0.116670 0.077780 0.561459 0.625000 2 0.517709 0.660190 2 0.454169 0.681480 2
0.0 0.544790 0.756480 0.033330 0.197220 0.536459 0.850000 2 0.549999 0.767590 2 0.540629 0.671300 2
0.0 0.417190 0.720370 0.090620 0.105560 0.374999 0.677780 2 0.416669 0.752780 2 0.456769 0.731480 2
0.0 0.598960 0.739810 0.085420 0.098150 0.566669 0.774070 2 0.591669 0.742590 2 0.631769 0.696300 2
0.0 0.609380 0.672220 0.073960 0.108330 0.576039 0.719440 2 0.614579 0.685190 2 0.631769 0.696300 2
0.0 0.680210 0.700930 0.072400 0.163890 0.647919 0.770370 2 0.678649 0.709260 2 0.711979 0.631480 2
0.0 0.702600 0.515740 0.042190 0.171300 0.688539 0.587960 2 0.700519 0.516670 2 0.718749 0.447220 2
0.0 0.643750 0.597220 0.075000 0.054630 0.613539 0.583330 2 0.652609 0.611110 2 0.676559 0.598150 2
0.0 0.614580 0.527780 0.068750 0.147220 0.613539 0.583330 2 0.620309 0.531480 2 0.642189 0.470370 2
0.0 0.644270 0.409260 0.103120 0.104630 0.598439 0.416670 2 0.656769 0.439810 2 0.689579 0.382410 2
0.0 0.677080 0.333330 0.036980 0.210190 0.687499 0.423150 2 0.681249 0.321300 2 0.689579 0.382410 2
0.0 0.613020 0.305560 0.042710 0.149070 0.626559 0.364810 2 0.610419 0.285190 2 0.593229 0.253700 2
0.0 0.563020 0.438890 0.039580 0.222220 0.570309 0.338890 2 0.546879 0.411110 2 0.544269 0.542590 2
0.0 0.547920 0.425000 0.034900 0.260190 0.538019 0.308330 2 0.546879 0.411110 2 0.544269 0.542590 2
0.0 0.406770 0.107410 0.091150 0.175000 0.446879 0.033330 2 0.390099 0.081480 2 0.364059 0.182410 2
0.0 0.358850 0.096300 0.066150 0.154630 0.384899 0.030560 2 0.338539 0.089810 2 0.332289 0.168520 2
0.0 0.522920 0.139810 0.081770 0.221300 0.558329 0.235190 2 0.549479 0.102780 2 0.487499 0.076850 2
0.0 0.596870 0.147220 0.065100 0.105560 0.624479 0.114810 2 0.576039 0.122220 2 0.572919 0.188890 2
0.0 0.544790 0.121300 0.125520 0.100930 0.602079 0.159260 2 0.576039 0.122220 2 0.487499 0.076850 2
0.0 0.593750 0.058330 0.105210 0.113890 0.548439 0.006480 2 0.592709 0.061110 2 0.636459 0.109260 2