0.0 0.426112 0.192362 0.089032 0.173947 0.462083 0.152071 2 0.412367 0.152209 2 0.388632 0.234270 2
0.0 0.529552 0.548058 0.095405 0.188487 0.568188 0.497986 2 0.537560 0.531038 2 0.487101 0.594531 2
0.0 0.569077 0.600405 0.139546 0.143733 0.631435 0.601766 2 0.578205 0.613288 2 0.505361 0.599711 2
0.0 0.593522 0.726028 0.066064 0.218953 0.570345 0.816628 2 0.597525 0.740361 2 0.601668 0.637286 2
0.0 0.459044 0.618595 0.115147 0.157533 0.419124 0.552067 2 0.453577 0.651404 2 0.500726 0.651978 2
0.0 0.655403 0.739107 0.108337 0.147119 0.614830 0.756188 2 0.646949 0.738044 2 0.697840 0.713216 2
0.0 0.676944 0.676176 0.097298 0.151115 0.633280 0.705848 2 0.680658 0.692394 2 0.697840 0.713216 2
0.0 0.750295 0.744620 0.103905 0.206728 0.704456 0.797462 2 0.747292 0.752375 2 0.795475 0.691783 2
0.0 0.802564 0.568780 0.071896 0.197516 0.776294 0.634552 2 0.800100 0.568724 2 0.830482 0.508231 2
0.0 0.725851 0.618987 0.090398 0.097104 0.694767 0.588274 2 0.733439 0.638169 2 0.761635 0.638270 2
0.0 0.704268 0.532231 0.097408 0.187760 0.694767 0.588274 2 0.709951 0.539320 2 0.743086 0.489328 2
0.0 0.754560 0.428209 0.128711 0.163517 0.703163 0.410490 2 0.763644 0.466344 2 0.808206 0.426181 2
0.0 0.801895 0.369210 0.072007 0.234161 0.799827 0.466442 2 0.808223 0.359444 2 0.808206 0.426181 2
0.0 0.735826 0.305474 0.069138 0.175207 0.741754 0.373360 2 0.735980 0.283478 2 0.721849 0.241939 2
0.0 0.661052 0.413294 0.076658 0.247831 0.683969 0.315833 2 0.647472 0.376260 2 0.624927 0.508466 2
0.0 0.646578 0.390804 0.077212 0.283834 0.653146 0.266870 2 0.647472 0.376260 2 0.624927 0.508466 2
0.0 0.539385 0.051968 0.126123 0.103936 0.594401 -0.063191 2 0.524947 -0.045718 2 0.481290 0.042447 2
0.0 0.488515 0.024400 0.095667 0.048800 0.526869 -0.100362 2 0.467176 -0.065829 2 0.448541 0.010718 2
0.0 0.661866 0.111092 0.122772 0.222185 0.686360 0.203779 2 0.696481 0.064275 2 0.632416 0.003563 2
0.0 0.741825 0.135566 0.087170 0.143388 0.776900 0.118075 2 0.722688 0.098758 2 0.709286 0.164801 2
0.0 0.688612 0.083218 0.152713 0.166436 0.745689 0.150844 2 0.722688 0.098758 2 0.632416 0.003563 2
0.0 0.751712 0.065261 0.132388 0.130521 0.709757 -0.034193 2 0.750111 0.045878 2 0.790864 0.119074 2