0.0 0.354690 0.625000 0.122920 0.043520 0.297919 0.634260 2 0.354169 0.619440 2 0.408329 0.616670 2
0.0 0.569270 0.677780 0.073960 0.093520 0.541149 0.713890 2 0.583329 0.688890 2 0.598959 0.641670 2
0.0 0.535940 0.695370 0.081770 0.102780 0.499479 0.658330 2 0.527609 0.711110 2 0.568229 0.737960 2
0.0 0.511980 0.791670 0.115100 0.057410 0.457289 0.771300 2 0.502079 0.806480 2 0.544269 0.778700 2
0.0 0.520310 0.858330 0.063540 0.175000 0.493229 0.933330 2 0.531249 0.852780 2 0.544269 0.778700 2
0.0 0.648960 0.802780 0.084900 0.125000 0.684379 0.754630 2 0.639059 0.817590 2 0.610419 0.855560 2
0.0 0.620310 0.766670 0.087500 0.085190 0.585939 0.797220 2 0.626039 0.778700 2 0.659379 0.735190 2
0.0 0.661980 0.668520 0.071350 0.115740 0.630729 0.716670 2 0.655729 0.667590 2 0.691669 0.616670 2
0.0 0.673440 0.496300 0.030730 0.159260 0.666669 0.562960 2 0.678129 0.480560 2 0.680209 0.430560 2
0.0 0.660940 0.184260 0.077600 0.190740 0.633859 0.277780 2 0.663539 0.162040 2 0.629169 0.100000 2
0.0 0.658850 0.309260 0.062500 0.218520 0.633859 0.277780 2 0.668229 0.317590 2 0.629689 0.217590 2
0.0 0.606250 0.228700 0.070830 0.125000 0.633859 0.277780 2 0.604689 0.228700 2 0.575519 0.171300 2
0.0 0.617190 0.331480 0.040630 0.185190 0.633859 0.277780 2 0.624999 0.340740 2 0.599999 0.248150 2
0.0 0.567710 0.271300 0.041670 0.175000 0.551039 0.197220 2 0.572919 0.310190 2 0.582809 0.353700 2
0.0 0.566150 0.327780 0.079170 0.211110 0.593229 0.415740 2 0.604689 0.228700 2 0.599999 0.248150 2
0.0 0.588540 0.517590 0.022920 0.198150 0.598439 0.580560 2 0.586979 0.500930 2 0.587499 0.611110 2
0.0 0.582290 0.507410 0.073440 0.187040 0.593229 0.415740 2 0.586979 0.500930 2 0.611979 0.596300 2
0.0 0.563020 0.557410 0.090620 0.062960 0.598439 0.580560 2 0.556769 0.559260 2 0.521879 0.536110 2
0.0 0.415100 0.317590 0.101040 0.105560 0.456769 0.361110 2 0.404689 0.321300 2 0.369269 0.276850 2
0.0 0.560940 0.055560 0.065100 0.103700 0.536979 0.013890 2 0.549479 0.083330 2 0.590109 0.079630 2
0.0 0.453650 0.061110 0.107290 0.118520 0.494269 0.010190 2 0.443749 0.035190 2 0.406249 0.107410 2