0 0.64948 0.12407 0.09688 0.16111 0.68958 0.19537 2 0.64948 0.09630 2 0.60938 0.04815 2 
0 0.70365 0.25185 0.04375 0.22870 0.68958 0.19537 2 0.71771 0.25833 2 0.68958 0.14907 2 
0 0.64115 0.49815 0.03490 0.22037 0.62917 0.40278 2 0.64062 0.51574 2 0.65260 0.59815 2 
0 0.57396 0.55556 0.05937 0.19259 0.59896 0.46759 2 0.57292 0.56019 2 0.54948 0.63241 2 
0 0.73906 0.51944 0.09375 0.09537 0.77812 0.54907 2 0.72656 0.48611 2 0.69740 0.53426 2 
0 0.49531 0.66852 0.02656 0.17315 0.50313 0.59630 2 0.49635 0.69167 2 0.48854 0.74259 2 
0 0.45573 0.83704 0.07656 0.08519 0.48854 0.86852 2 0.45260 0.81944 2 0.42500 0.80741 2 
0 0.53490 0.91759 0.07969 0.11296 0.56302 0.96574 2 0.53073 0.89722 2 0.50781 0.87593 2 
0 0.38854 0.71667 0.10885 0.16389 0.42812 0.70833 2 0.38021 0.65741 2 0.34375 0.78426 2 
0 0.39427 0.64167 0.08438 0.14907 0.42812 0.70833 2 0.38021 0.65741 2 0.35833 0.59259 2 
0 0.30729 0.70926 0.07812 0.17407 0.27604 0.63241 2 0.32083 0.73148 2 0.34375 0.78426 2 
0 0.28542 0.54074 0.06302 0.20833 0.27604 0.63241 2 0.28229 0.53148 2 0.26302 0.45741 2 
0 0.34271 0.43981 0.12865 0.12130 0.28802 0.40370 2 0.36146 0.42685 2 0.40208 0.48241 2 
0 0.37031 0.43333 0.04635 0.20463 0.38750 0.52130 2 0.36146 0.42685 2 0.35156 0.35093 2 
0 0.33646 0.38611 0.02448 0.18704 0.33385 0.47222 2 0.33802 0.37778 2 0.34427 0.30833 2 
0 0.30365 0.21296 0.06250 0.20278 0.27917 0.30093 2 0.30469 0.21574 2 0.33281 0.13056 2 
0 0.37188 0.11759 0.07917 0.13426 0.33698 0.17130 2 0.38073 0.11296 2 0.33281 0.13056 2 
0 0.46719 0.05648 0.11354 0.09259 0.41615 0.09444 2 0.47708 0.02963 2 0.51667 0.01944 2 
0 0.53958 0.08148 0.06771 0.15000 0.56823 0.01759 2 0.51823 0.05833 2 0.51667 0.01944 2 
0 0.54063 0.20926 0.08281 0.15741 0.50365 0.18148 2 0.56406 0.22222 2 0.57708 0.27222 2 
0 0.55677 0.20463 0.13125 0.04537 0.61615 0.21204 2 0.56406 0.22222 2 0.50729 0.21019 2 
0 0.44531 0.20093 0.08229 0.14630 0.47760 0.14074 2 0.41927 0.21574 2 0.40937 0.26111 2 
0 0.47917 0.31852 0.11302 0.05741 0.42969 0.30463 2 0.49583 0.32130 2 0.52969 0.33056 2 
0 0.47448 0.27407 0.06771 0.21574 0.50365 0.18148 2 0.49583 0.32130 2 0.44583 0.37037 2 
