0.0 0.649480 0.124070 0.096880 0.161110 0.689580 0.195370 2 0.649480 0.096300 2 0.609380 0.048150 2
0.0 0.703650 0.251850 0.043750 0.228700 0.689580 0.195370 2 0.717710 0.258330 2 0.689580 0.149070 2
0.0 0.641150 0.498150 0.034900 0.220370 0.629170 0.402780 2 0.640620 0.515740 2 0.652600 0.598150 2
0.0 0.573960 0.555560 0.059370 0.192590 0.598960 0.467590 2 0.572920 0.560190 2 0.549480 0.632410 2
0.0 0.739060 0.519440 0.093750 0.095370 0.778120 0.549070 2 0.726560 0.486110 2 0.697400 0.534260 2
0.0 0.495310 0.668520 0.026560 0.173150 0.503130 0.596300 2 0.496350 0.691670 2 0.488540 0.742590 2
0.0 0.455730 0.837040 0.076560 0.085190 0.488540 0.868520 2 0.452600 0.819440 2 0.425000 0.807410 2
0.0 0.534900 0.917590 0.079690 0.112960 0.563020 0.965740 2 0.530730 0.897220 2 0.507810 0.875930 2
0.0 0.388540 0.716670 0.108850 0.163890 0.428120 0.708330 2 0.380210 0.657410 2 0.343750 0.784260 2
0.0 0.394270 0.641670 0.084380 0.149070 0.428120 0.708330 2 0.380210 0.657410 2 0.358330 0.592590 2
0.0 0.307290 0.709260 0.078120 0.174070 0.276040 0.632410 2 0.320830 0.731480 2 0.343750 0.784260 2
0.0 0.285420 0.540740 0.063020 0.208330 0.276040 0.632410 2 0.282290 0.531480 2 0.263020 0.457410 2
0.0 0.342710 0.439810 0.128650 0.121300 0.288020 0.403700 2 0.361460 0.426850 2 0.402080 0.482410 2
0.0 0.370310 0.433330 0.046350 0.204630 0.387500 0.521300 2 0.361460 0.426850 2 0.351560 0.350930 2
0.0 0.336460 0.386110 0.024480 0.187040 0.333850 0.472220 2 0.338020 0.377780 2 0.344270 0.308330 2
0.0 0.303650 0.212960 0.062500 0.202780 0.279170 0.300930 2 0.304690 0.215740 2 0.332810 0.130560 2
0.0 0.371880 0.117590 0.079170 0.134260 0.336980 0.171300 2 0.380730 0.112960 2 0.332810 0.130560 2
0.0 0.467190 0.056480 0.113540 0.092590 0.416150 0.094440 2 0.477080 0.029630 2 0.516670 0.019440 2
0.0 0.539580 0.081480 0.067710 0.150000 0.568230 0.017590 2 0.518230 0.058330 2 0.516670 0.019440 2
0.0 0.540630 0.209260 0.082810 0.157410 0.503650 0.181480 2 0.564060 0.222220 2 0.577080 0.272220 2
0.0 0.556770 0.204630 0.131250 0.045370 0.616150 0.212040 2 0.564060 0.222220 2 0.507290 0.210190 2
0.0 0.445310 0.200930 0.082290 0.146300 0.477600 0.140740 2 0.419270 0.215740 2 0.409370 0.261110 2
0.0 0.479170 0.318520 0.113020 0.057410 0.429690 0.304630 2 0.495830 0.321300 2 0.529690 0.330560 2
0.0 0.474480 0.274070 0.067710 0.215740 0.503650 0.181480 2 0.495830 0.321300 2 0.445830 0.370370 2