0.0 0.341270 0.032815 0.109794 0.065630 0.291619 0.012617 2 0.340847 -0.020417 2 0.388006 -0.029781 2
0.0 0.463206 0.129351 0.116852 0.118974 0.510615 0.175522 2 0.455123 0.131148 2 0.411193 0.076403 2
0.0 0.518145 0.287092 0.148352 0.177982 0.582326 0.266794 2 0.511307 0.292487 2 0.451312 0.308614 2
0.0 0.424065 0.369381 0.040562 0.266903 0.431227 0.252876 2 0.416220 0.382533 2 0.417146 0.488346 2
0.0 0.444556 0.471341 0.119503 0.109486 0.493861 0.481477 2 0.484553 0.494865 2 0.417146 0.488346 2
0.0 0.502364 0.458373 0.061736 0.212217 0.493861 0.481477 2 0.484553 0.494865 2 0.476275 0.530196 2
0.0 0.382638 0.531660 0.115243 0.151150 0.433229 0.514727 2 0.379144 0.531344 2 0.331470 0.555840 2
0.0 0.435873 0.602694 0.133507 0.123245 0.494782 0.609804 2 0.409997 0.603989 2 0.373296 0.597388 2
0.0 0.456905 0.629151 0.087903 0.126812 0.494782 0.609804 2 0.469504 0.655210 2 0.486332 0.677811 2
0.0 0.554819 0.728638 0.128494 0.118193 0.502132 0.700987 2 0.566776 0.749302 2 0.603128 0.753708 2
0.0 0.560981 0.770189 0.102594 0.143770 0.514487 0.791253 2 0.566093 0.774596 2 0.603128 0.753708 2
0.0 0.477167 0.862017 0.103222 0.117937 0.520274 0.890981 2 0.457766 0.870191 2 0.436937 0.818233 2
0.0 0.416763 0.854413 0.057683 0.165031 0.430359 0.917753 2 0.402700 0.834192 2 0.400504 0.785142 2
0.0 0.556583 0.036577 0.113659 0.073154 0.516864 -0.106308 2 0.568754 -0.074750 2 0.604254 -0.034887 2
0.0 0.636095 0.240662 0.092447 0.259285 0.603743 0.047792 2 0.555001 0.013489 2 0.504752 -0.020436 2
0.0 0.656251 0.272888 0.037805 0.246378 0.665507 0.356862 2 0.656071 0.252501 2 0.654594 0.169993 2
0.0 0.656933 0.434891 0.045895 0.234400 0.648765 0.385474 2 0.656071 0.252501 2 0.654594 0.169993 2
0.0 0.659676 0.528178 0.047296 0.205997 0.637983 0.526158 2 0.662947 0.418188 2 0.674685 0.345462 2
0.0 0.646591 0.703694 0.079990 0.233612 0.641034 0.607299 2 0.673237 0.509621 2 0.679399 0.453936 2
0.0 0.691954 0.571760 0.035063 0.240363 0.679075 0.623685 2 0.637501 0.713248 2 0.610398 0.771165 2
0.0 0.564139 0.535131 0.080931 0.198245 0.679075 0.623685 2 0.689215 0.522637 2 0.696404 0.466378 2
0.0 0.546548 0.509128 0.080308 0.110970 0.549140 0.499153 2 0.564247 0.495425 2 0.578384 0.491279 2
0.0 0.568490 0.566683 0.063875 0.166727 0.510466 0.522408 2 0.564247 0.495425 2 0.578384 0.491279 2