0 0.68958 0.16111 0.11094 0.10185 0.73958 0.20185 2 0.69010 0.15278 2 0.64115 0.12593 2 
0 0.55156 0.24074 0.12135 0.06574 0.49792 0.26389 2 0.55937 0.24537 2 0.60938 0.21296 2 
0 0.48281 0.36204 0.15208 0.10926 0.41615 0.31852 2 0.48906 0.36944 2 0.55104 0.40741 2 
0 0.57604 0.47315 0.02552 0.23889 0.57604 0.36481 2 0.58281 0.48796 2 0.57448 0.58333 2 
0 0.54740 0.55741 0.12500 0.05556 0.49427 0.54722 2 0.50313 0.56296 2 0.57448 0.58333 2 
0 0.48750 0.52315 0.05312 0.17778 0.49427 0.54722 2 0.50313 0.56296 2 0.50938 0.59815 2 
0 0.60833 0.63611 0.11719 0.09722 0.55573 0.60093 2 0.61146 0.63704 2 0.65990 0.67778 2 
0 0.54740 0.67963 0.13958 0.06296 0.48438 0.66296 2 0.57396 0.69074 2 0.61302 0.69907 2 
0 0.52344 0.69537 0.08854 0.08519 0.48438 0.66296 2 0.50781 0.71389 2 0.48854 0.72778 2 
0 0.41354 0.74722 0.13437 0.06019 0.47031 0.74259 2 0.39896 0.76111 2 0.36042 0.75093 2 
0 0.40417 0.78241 0.10365 0.09537 0.45104 0.81944 2 0.39792 0.78426 2 0.36042 0.75093 2 
0 0.48594 0.89815 0.10625 0.07037 0.43802 0.90741 2 0.50521 0.91296 2 0.53073 0.87407 2 
0 0.55000 0.91481 0.05208 0.13426 0.53073 0.96667 2 0.56563 0.90185 2 0.57135 0.85833 2 
0 0.46354 0.02500 0.11042 0.04630 0.51094 0.00648 2 0.45417 0.01481 2 0.41406 0.03704 2 
0 0.46094 0.10556 0.11875 0.05463 0.40885 0.11204 2 0.46250 0.10000 2 0.51771 0.08889 2 
0 0.36198 0.27407 0.08385 0.21019 0.32240 0.36759 2 0.33958 0.27685 2 0.34687 0.20278 2 
0 0.33854 0.29537 0.02396 0.22037 0.33802 0.40000 2 0.33958 0.27685 2 0.34687 0.20278 2 
0 0.32656 0.44167 0.03385 0.20556 0.33958 0.53148 2 0.32083 0.42407 2 0.31354 0.35370 2 
0 0.31719 0.52500 0.03750 0.17778 0.33073 0.60370 2 0.30365 0.50278 2 0.30104 0.45000 2 
0 0.31875 0.68889 0.07187 0.19074 0.28958 0.60370 2 0.32708 0.70093 2 0.35156 0.76389 2 
0 0.28021 0.55185 0.02135 0.21574 0.28958 0.60370 2 0.28594 0.50833 2 0.28229 0.45463 2 
0 0.41719 0.56852 0.07552 0.15648 0.43490 0.54167 2 0.41927 0.53241 2 0.40469 0.52315 2 
0 0.43750 0.55185 0.08125 0.07315 0.47396 0.57778 2 0.41927 0.53241 2 0.40469 0.52315 2 
0 0.41042 0.59537 0.05885 0.13333 0.43490 0.54167 2 0.41927 0.53241 2 0.38906 0.65556 2 
