0 0.68698 0.09630 0.09948 0.11852 0.73073 0.14259 2 0.68385 0.08333 2 0.64687 0.04630 2 
0 0.74635 0.25926 0.06510 0.18241 0.77552 0.34074 2 0.74479 0.23519 2 0.72188 0.18241 2 
0 0.57344 0.52593 0.06146 0.21574 0.59427 0.58056 2 0.58437 0.56019 2 0.54948 0.62685 2 
0 0.56250 0.63889 0.07656 0.14630 0.59427 0.58056 2 0.55104 0.66204 2 0.53385 0.70463 2 
0 0.51615 0.74537 0.01875 0.18241 0.52083 0.66574 2 0.51615 0.75741 2 0 0 0 
0 0.46979 0.86389 0.10885 0.07778 0.42500 0.84815 2 0.47760 0.88611 2 0.52187 0.89167 2 
0 0.31354 0.63704 0.08281 0.21111 0.27865 0.54444 2 0.30365 0.67037 2 0.32135 0.57870 2 
0 0.29635 0.67222 0.05677 0.20648 0.31979 0.76574 2 0.30365 0.67037 2 0.32135 0.57870 2 
0 0.34948 0.65833 0.07187 0.19352 0.37917 0.74537 2 0.31979 0.65741 2 0.32135 0.57870 2 
0 0.35313 0.62222 0.07552 0.16204 0.32552 0.55741 2 0.31979 0.65741 2 0.38646 0.68889 2 
0 0.41927 0.61574 0.06823 0.16667 0.44427 0.68333 2 0.39375 0.61852 2 0.38646 0.68889 2 
0 0.46563 0.55741 0.10312 0.04259 0.50729 0.56481 2 0.45885 0.55741 2 0.42344 0.54444 2 
0 0.40000 0.46852 0.03125 0.16667 0.39375 0.39815 2 0.40885 0.49352 2 0.40052 0.54444 2 
0 0.45208 0.41574 0.08125 0.13889 0.41823 0.35463 2 0.45521 0.43148 2 0.48438 0.47500 2 
0 0.45833 0.25463 0.13177 0.05370 0.39740 0.25370 2 0.46979 0.24815 2 0.51667 0.27130 2 
0 0.38802 0.35648 0.08177 0.13981 0.41823 0.35463 2 0.39010 0.33148 2 0.42500 0.29537 2 
0 0.33333 0.41389 0.02604 0.20556 0.32969 0.50833 2 0.33594 0.43056 2 0 0 0 
0 0.40000 0.13426 0.12865 0.13611 0.38021 0.17130 2 0.41667 0.11944 2 0.45990 0.07593 2 
0 0.40052 0.23241 0.06510 0.18704 0.38021 0.17130 2 0.38750 0.24907 2 0.42500 0.29537 2 
0 0.37240 0.26019 0.02344 0.19352 0.38021 0.17130 2 0.36198 0.26389 2 0.37292 0.33611 2 
0 0.34271 0.26111 0.02813 0.13981 0.33437 0.32407 2 0.35000 0.25370 2 0.35313 0.21019 2 
