0.0 0.293797 0.218516 0.095893 0.160609 0.255018 0.283726 2 0.295675 0.204811 2 0.328129 0.151765 2
0.0 0.245769 0.401733 0.066881 0.204426 0.221747 0.493193 2 0.245771 0.378276 2 0.264702 0.317146 2
0.0 0.414833 0.570328 0.064856 0.234230 0.397402 0.632302 2 0.405678 0.608195 2 0.440298 0.654388 2
0.0 0.429314 0.672018 0.075968 0.175788 0.397402 0.632302 2 0.440253 0.688481 2 0.457694 0.720473 2
0.0 0.476011 0.750363 0.024377 0.181904 0.468102 0.677307 2 0.476004 0.761871 2 0.919504 -0.206406 0
0.0 0.523191 0.840109 0.102881 0.126569 0.563164 0.803538 2 0.516423 0.865054 2 0.476045 0.891832 2
0.0 0.657544 0.549296 0.084252 0.240218 0.685412 0.444727 2 0.667445 0.576166 2 0.647604 0.497929 2
0.0 0.674693 0.574269 0.060190 0.223179 0.656400 0.674351 2 0.667445 0.576166 2 0.647604 0.497929 2
0.0 0.625425 0.586927 0.073527 0.218240 0.601144 0.683907 2 0.652134 0.571732 2 0.647604 0.497929 2
0.0 0.620656 0.554494 0.075635 0.190193 0.642942 0.479788 2 0.652134 0.571732 2 0.592235 0.633947 2
0.0 0.559748 0.580493 0.069132 0.191036 0.539003 0.656770 2 0.582779 0.570829 2 0.592235 0.633947 2
0.0 0.514938 0.547764 0.096241 0.090450 0.476545 0.575119 2 0.520674 0.544572 2 0.552636 0.515080 2
0.0 0.571622 0.431671 0.035220 0.173068 0.574102 0.362076 2 0.564010 0.459755 2 0.573654 0.503943 2
0.0 0.521785 0.406979 0.079978 0.171047 0.549939 0.332745 2 0.519054 0.423512 2 0.494018 0.478911 2
0.0 0.509710 0.257399 0.122951 0.114896 0.565067 0.227014 2 0.498464 0.256931 2 0.456386 0.301640 2
0.0 0.578197 0.319716 0.080491 0.172171 0.549939 0.332745 2 0.574824 0.297147 2 0.541398 0.279898 2
0.0 0.630609 0.347526 0.031974 0.207376 0.637185 0.435321 2 0.628391 0.364688 2 0.919504 -0.206406 0
0.0 0.558460 0.115032 0.123335 0.191445 0.577586 0.140606 2 0.542109 0.109196 2 0.500753 0.088985 2
0.0 0.561848 0.208261 0.067064 0.208812 0.577586 0.140606 2 0.573963 0.217818 2 0.541398 0.279898 2
0.0 0.588729 0.220913 0.029115 0.194708 0.577586 0.140606 2 0.597949 0.219457 2 0.590761 0.293185 2
0.0 0.615992 0.207358 0.031301 0.146108 0.625638 0.263049 2 0.608534 0.203983 2 0.603950 0.164288 2