0.0 0.488981 0.073496 0.102799 0.146993 0.447846 -0.070700 2 0.505513 -0.037704 2 0.533087 0.078506 2
0.0 0.375120 0.060363 0.114924 0.120727 0.426708 0.039427 2 0.362906 -0.003293 2 0.328984 0.104652 2
0.0 0.483575 0.175640 0.112088 0.224643 0.437794 0.138970 2 0.484156 0.183617 2 0.529914 0.219133 2
0.0 0.679047 0.047914 0.083576 0.095827 0.699981 -0.068112 2 0.701658 0.030209 2 0.652141 0.077530 2
0.0 0.598894 0.355856 0.081987 0.285246 0.616831 0.238210 2 0.597959 0.365891 2 0.579144 0.486121 2
0.0 0.696186 0.218987 0.101342 0.124647 0.652566 0.239073 2 0.694337 0.231735 2 0.738498 0.169953 2
0.0 0.689657 0.301541 0.112826 0.205772 0.733610 0.219698 2 0.704791 0.313715 2 0.650920 0.386100 2
0.0 0.503505 0.431187 0.071641 0.213579 0.490236 0.486342 2 0.513797 0.428561 2 0.485465 0.529660 2
0.0 0.312313 0.257436 0.095785 0.183926 0.313778 0.245791 2 0.295970 0.291330 2 0.274363 0.337251 2
0.0 0.320258 0.334712 0.043423 0.234742 0.313778 0.245791 2 0.318049 0.333944 2 0.313142 0.375238 2
0.0 0.367163 0.354672 0.074051 0.204506 0.338200 0.306959 2 0.364245 0.359658 2 0.398251 0.408192 2
0.0 0.274234 0.442140 0.104446 0.185745 0.236731 0.520600 2 0.302462 0.453117 2 0.282338 0.431424 2
0.0 0.311690 0.476769 0.073486 0.188649 0.341301 0.516456 2 0.297496 0.501851 2 0.282338 0.431424 2
0.0 0.301882 0.477922 0.042415 0.279587 0.311402 0.594254 2 0.297496 0.501851 2 0.295877 0.363308 2
0.0 0.440001 0.523662 0.125624 0.127030 0.490236 0.486342 2 0.424115 0.523412 2 0.383006 0.565212 2
0.0 0.467183 0.552348 0.077816 0.267983 0.490236 0.486342 2 0.470525 0.560626 2 0.485465 0.529660 2
0.0 0.258797 0.661698 0.093972 0.276657 0.264393 0.646279 2 0.261401 0.691604 2 0.285439 0.640922 2
0.0 0.316322 0.782559 0.081465 0.150315 0.284405 0.764291 2 0.324924 0.811712 2 0.349175 0.739736 2
0.0 0.406166 0.812404 0.113457 0.192624 0.360688 0.796691 2 0.410140 0.838245 2 0.442412 0.787445 2
0.0 0.477164 0.717131 0.099866 0.162399 0.515090 0.651925 2 0.473788 0.723469 2 0.442412 0.787445 2
0.0 0.505689 0.790419 0.108876 0.147016 0.550819 0.734235 2 0.509391 0.812202 2 0.469031 0.832367 2
0.0 0.327214 0.650615 0.096318 0.162004 0.367408 0.651609 2 0.305214 0.681874 2 0.285439 0.640922 2
0.0 0.243676 0.551052 0.056537 0.257878 0.236731 0.520600 2 0.239803 0.541850 2 0.222711 0.458953 2