0.0 0.663020 0.311110 0.113020 0.126850 0.614580 0.361110 2 0.667190 0.323150 2 0.717710 0.261110 2
0.0 0.640100 0.548150 0.086460 0.146300 0.678650 0.487960 2 0.630730 0.542590 2 0.604690 0.612040 2
0.0 0.531770 0.574070 0.121870 0.070370 0.584370 0.592590 2 0.521870 0.565740 2 0.477080 0.549070 2
0.0 0.502080 0.705560 0.093750 0.114810 0.544270 0.732410 2 0.482810 0.739810 2 0.467190 0.664810 2
0.0 0.476560 0.775930 0.123960 0.088890 0.531250 0.807410 2 0.482810 0.739810 2 0.422400 0.750000 2
0.0 0.591150 0.712960 0.101040 0.141670 0.544270 0.732410 2 0.592710 0.726850 2 0.548440 0.781480 2
0.0 0.681770 0.710190 0.111980 0.137040 0.634900 0.762960 2 0.702600 0.694440 2 0.732290 0.654630 2
0.0 0.414580 0.528700 0.034380 0.210190 0.397920 0.447220 2 0.419270 0.569440 2 0.403130 0.624070 2
0.0 0.390620 0.537960 0.024480 0.209260 0.397920 0.447220 2 0.384900 0.560190 2 0.389060 0.631480 2
0.0 0.370310 0.732410 0.085420 0.133330 0.335940 0.680560 2 0.390620 0.747220 2 0.407810 0.781480 2
0.0 0.316670 0.570370 0.096880 0.196300 0.338540 0.532410 2 0.322920 0.595370 2 0.361460 0.657410 2
0.0 0.313540 0.337040 0.041670 0.212960 0.331250 0.276850 2 0.315100 0.294440 2 0.326560 0.243520 2
0.0 0.671880 0.075930 0.110420 0.137960 0.623440 0.016670 2 0.677080 0.060190 2 0.724480 0.132410 2
0.0 0.488020 0.315740 0.058330 0.182410 0.510420 0.238890 2 0.493230 0.330560 2 0.464580 0.392590 2
0.0 0.402600 0.263890 0.034900 0.175930 0.414060 0.185190 2 0.401040 0.263890 2 0.392190 0.333330 2
0.0 0.452600 0.212040 0.071350 0.079630 0.485940 0.238890 2 0.448440 0.187040 2 0.423440 0.237960 2
0.0 0.478650 0.149070 0.140620 0.053700 0.414060 0.155560 2 0.474480 0.143520 2 0.545310 0.140740 2
0.0 0.473960 0.082410 0.101040 0.084260 0.521870 0.050000 2 0.469790 0.088890 2 0.429170 0.112960 2
0.0 0.455210 0.037040 0.115630 0.059260 0.407810 0.055560 2 0.458330 0.030560 2 0.507290 0.016670 2
0.0 0.356770 0.112040 0.091150 0.163890 0.394790 0.039810 2 0.380730 0.182410 2 0.315100 0.184260 2
0.0 0.366150 0.181480 0.079170 0.220370 0.331250 0.276850 2 0.401040 0.263890 2 0.403130 0.096300 2
0.0 0.328120 0.473150 0.039580 0.211110 0.338540 0.532410 2 0.328120 0.450000 2 0.344270 0.377780 2
0.0 0.360940 0.454630 0.055210 0.182410 0.338540 0.532410 2 0.364580 0.430560 2 0.382810 0.374070 2