0 0.52656 0.05370 0.11354 0.04352 0.57604 0.05093 2 0.51615 0.05833 2 0.47708 0.05648 2 
0 0.49792 0.19167 0.07396 0.14907 0.46875 0.13519 2 0.50938 0.18241 2 0.53073 0.25093 2 
0 0.46771 0.25370 0.06354 0.14907 0.44010 0.32315 2 0.47448 0.26852 2 0.49427 0.20463 2 
0 0.54323 0.36111 0.13333 0.06481 0.48594 0.35185 2 0.54792 0.36944 2 0.60885 0.36759 2 
0 0.56510 0.57222 0.11094 0.08704 0.61198 0.54444 2 0.56250 0.59815 2 0.51667 0.60556 2 
0 0.65677 0.58889 0.05052 0.21111 0.67656 0.49815 2 0.65417 0.59352 2 0.63906 0.68519 2 
0 0.68646 0.49352 0.10417 0.06389 0.67656 0.49815 2 0.68542 0.48241 2 0.64062 0.47685 2 
0 0.53750 0.69815 0.08646 0.13426 0.57448 0.64167 2 0.54792 0.72407 2 0.49792 0.75463 2 
0 0.54740 0.76111 0.08073 0.16759 0.58542 0.69167 2 0.55260 0.81667 2 0.51510 0.83981 2 
0 0.54010 0.80000 0.13021 0.05926 0.48177 0.78611 2 0.55260 0.81667 2 0.60156 0.81944 2 
0 0.35469 0.69630 0.10417 0.12778 0.31354 0.65000 2 0.36406 0.71481 2 0.39896 0.74444 2 
0 0.30469 0.56204 0.09271 0.21204 0.31771 0.56019 2 0.30521 0.55926 2 0.34687 0.65000 2 
0 0.30573 0.49259 0.03229 0.17963 0.31771 0.56019 2 0.30521 0.55926 2 0.29531 0.41574 2 
0 0.34010 0.54167 0.04010 0.19537 0.35260 0.62685 2 0.33542 0.52870 2 0.32708 0.45370 2 
0 0.32396 0.27315 0.09062 0.18704 0.28750 0.35370 2 0.32552 0.23611 2 0.36302 0.18889 2 
0 0.34115 0.29630 0.09948 0.21296 0.29531 0.39074 2 0.32552 0.23611 2 0.38646 0.20463 2 
0 0.39219 0.39815 0.03177 0.22130 0.40313 0.30000 2 0.39010 0.42130 2 0.37760 0.50370 2 
0 0.38490 0.47315 0.03854 0.20556 0.37604 0.38056 2 0.39010 0.42130 2 0.37760 0.50370 2 
0 0.41354 0.45926 0.02500 0.22130 0.41354 0.36481 2 0.41250 0.46019 2 0.42083 0.56296 2 
0 0.41719 0.17685 0.05729 0.15926 0.43854 0.10741 2 0.40937 0.18426 2 0.39948 0.24537 2 
0 0.39896 0.08889 0.09635 0.10278 0.43854 0.10741 2 0.41042 0.07963 2 0.44271 0.05093 2 
0 0.40677 0.04630 0.10469 0.08981 0.45521 0.00648 2 0.41042 0.07963 2 0.44271 0.05093 2 
0 0.56094 0.01574 0.12604 0.03241 0.50365 0.01389 2 0.56250 0.00463 2 0.61927 0.01944 2 
