0.0 0.390424 0.130248 0.119434 0.083877 0.336315 0.156544 2 0.388315 0.128757 2 0.443983 0.109094 2
0.0 0.534089 0.087487 0.077205 0.132389 0.511968 0.048824 2 0.517559 0.126141 2 0.561506 0.131777 2
0.0 0.561973 0.324607 0.030951 0.248527 0.549038 0.398689 2 0.557174 0.334939 2 0.569582 0.434707 2
0.0 0.541198 0.190664 0.095128 0.103755 0.567605 0.216030 2 0.548128 0.176699 2 0.506289 0.173543 2
0.0 0.612106 0.212459 0.040675 0.138956 0.624664 0.263682 2 0.619005 0.208604 2 0.598472 0.168535 2
0.0 0.518968 0.357113 0.078839 0.147970 0.549038 0.398689 2 0.557174 0.334939 2 0.485199 0.316457 2
0.0 0.598576 0.480654 0.034080 0.234196 0.602047 0.383760 2 0.596412 0.497363 2 0.587127 0.587672 2
0.0 0.647310 0.476960 0.053804 0.275733 0.625244 0.593834 2 0.668591 0.449126 2 0.658263 0.360921 2
0.0 0.670837 0.578860 0.094442 0.225800 0.676936 0.664102 2 0.653268 0.611733 2 0.630885 0.654983 2
0.0 0.680643 0.491436 0.031573 0.278996 0.672299 0.623909 2 0.668591 0.449126 2 0.681529 0.375017 2
0.0 0.645494 0.725912 0.092121 0.161558 0.676936 0.664102 2 0.613303 0.687874 2 0.607166 0.789488 2
0.0 0.608432 0.720499 0.041371 0.193684 0.596559 0.796309 2 0.613303 0.687874 2 0.607166 0.789488 2
0.0 0.529889 0.771410 0.078615 0.247904 0.502348 0.772558 2 0.565839 0.795285 2 0.496697 0.888183 2
0.0 0.547341 0.780978 0.102538 0.102667 0.502348 0.772558 2 0.565839 0.795285 2 0.588157 0.770238 2
0.0 0.490184 0.765675 0.028815 0.244934 0.489442 0.662808 2 0.484828 0.785241 2 0.489352 0.865871 2
0.0 0.383337 0.716954 0.056789 0.210866 0.362718 0.706173 2 0.381702 0.733513 2 0.405328 0.803075 2
0.0 0.351175 0.668833 0.112230 0.152688 0.301498 0.632352 2 0.344305 0.664544 2 0.398727 0.709855 2
0.0 0.381540 0.786109 0.044692 0.239000 0.362718 0.706173 2 0.386199 0.823249 2 0.391818 0.891472 2
0.0 0.270062 0.692142 0.036198 0.231719 0.274542 0.787910 2 0.258457 0.680009 2 0.279916 0.589526 2
0.0 0.244753 0.654342 0.057851 0.212159 0.224878 0.746401 2 0.258457 0.680009 2 0.261984 0.563927 2