0.0 0.645356 0.114169 0.137931 0.078495 0.706434 0.109803 2 0.647051 0.111882 2 0.584256 0.122864 2
0.0 0.483911 0.149444 0.095172 0.118486 0.504780 0.104792 2 0.504569 0.174748 2 0.456623 0.201791 2
0.0 0.471447 0.369398 0.053183 0.216891 0.490872 0.427277 2 0.477012 0.376021 2 0.471024 0.468907 2
0.0 0.484018 0.242620 0.112702 0.094541 0.456387 0.278025 2 0.474804 0.234056 2 0.520621 0.210229 2
0.0 0.407634 0.297282 0.055462 0.122403 0.397236 0.348160 2 0.399231 0.297482 2 0.418754 0.252340 2
0.0 0.521289 0.375950 0.098169 0.132069 0.490872 0.427277 2 0.477012 0.376021 2 0.554827 0.323697 2
0.0 0.443150 0.523347 0.055526 0.204623 0.431368 0.441030 2 0.446305 0.536836 2 0.463472 0.610575 2
0.0 0.389216 0.544701 0.080433 0.241579 0.421983 0.635137 2 0.363137 0.531327 2 0.367725 0.449530 2
0.0 0.371151 0.645043 0.121331 0.200279 0.370480 0.722206 2 0.392509 0.664803 2 0.420475 0.691077 2
0.0 0.353634 0.574071 0.056210 0.243327 0.372494 0.684967 2 0.363137 0.531327 2 0.343196 0.473497 2
0.0 0.410358 0.759961 0.113836 0.144491 0.370480 0.722206 2 0.442359 0.710777 2 0.456929 0.795920 2
0.0 0.450742 0.736581 0.060436 0.169867 0.469130 0.796496 2 0.442359 0.710777 2 0.456929 0.795920 2
0.0 0.541122 0.741204 0.105606 0.218666 0.571018 0.728391 2 0.502870 0.780125 2 0.586129 0.825945 2
0.0 0.522645 0.758308 0.120776 0.093959 0.571018 0.728391 2 0.502870 0.780125 2 0.476375 0.769623 2
0.0 0.584392 0.716213 0.050555 0.213673 0.576787 0.626586 2 0.591281 0.730574 2 0.592500 0.802868 2
0.0 0.698270 0.620057 0.078731 0.185507 0.719629 0.600373 2 0.700831 0.633682 2 0.680171 0.705993 2
0.0 0.729976 0.562062 0.135291 0.137780 0.781348 0.505417 2 0.736698 0.554946 2 0.680270 0.621720 2
0.0 0.705566 0.679201 0.067577 0.209301 0.719629 0.600373 2 0.702781 0.713869 2 0.701841 0.775942 2
0.0 0.821064 0.541422 0.057667 0.202579 0.822984 0.626909 2 0.832395 0.525108 2 0.801814 0.457352 2
0.0 0.846019 0.495843 0.080000 0.186679 0.874466 0.565835 2 0.832395 0.525108 2 0.819587 0.426087 2