0.0 0.248742 0.713870 0.030681 0.216685 0.248936 0.800765 2 0.242051 0.705131 2 0.253174 0.623380 2
0.0 0.310960 0.615424 0.086457 0.077692 0.272852 0.642655 2 0.327031 0.599248 2 0.347849 0.611231 2
0.0 0.309128 0.789065 0.098855 0.187540 0.345996 0.849145 2 0.295705 0.790429 2 0.268646 0.739948 2
0.0 0.362057 0.567087 0.048515 0.244265 0.351854 0.473466 2 0.363694 0.604078 2 0.347849 0.611231 2
0.0 0.488497 0.570274 0.059395 0.286382 0.503954 0.448491 2 0.481342 0.609145 2 0.465921 0.696251 2
0.0 0.452611 0.728344 0.083698 0.204341 0.424641 0.660295 2 0.462470 0.735941 2 0.480939 0.797141 2
0.0 0.553386 0.633116 0.102690 0.192745 0.509384 0.704797 2 0.582286 0.650318 2 0.597156 0.566360 2
0.0 0.546097 0.788763 0.078992 0.169186 0.573144 0.727471 2 0.537869 0.817113 2 0.511774 0.860239 2
0.0 0.617436 0.645807 0.069736 0.135513 0.639681 0.606853 2 0.603799 0.685813 2 0.606592 0.637432 2
0.0 0.638133 0.535223 0.071247 0.250699 0.665115 0.428469 2 0.622989 0.563846 2 0.606592 0.637432 2
0.0 0.546416 0.493011 0.059480 0.241910 0.524890 0.409016 2 0.549273 0.424788 2 0.560512 0.592173 2
0.0 0.585698 0.439638 0.021860 0.213803 0.586025 0.347521 2 0.583211 0.444348 2 0.579092 0.522818 2
0.0 0.590254 0.267082 0.036081 0.212512 0.586025 0.347521 2 0.587042 0.265109 2 0.581413 0.189825 2
0.0 0.567345 0.076570 0.098014 0.153141 0.605654 0.115652 2 0.560676 0.064106 2 0.526101 0.034854 2
0.0 0.539529 0.175883 0.066946 0.197875 0.520818 0.264011 2 0.554760 0.141187 2 0.561992 0.240670 2
0.0 0.555674 0.111276 0.074239 0.163682 0.582631 0.163723 2 0.560676 0.064106 2 0.526332 0.058518 2
0.0 0.508838 0.139436 0.060385 0.162113 0.512544 0.105536 2 0.535566 0.089119 2 0.525931 0.199057 2
0.0 0.444363 0.125892 0.082187 0.073328 0.409415 0.139232 2 0.457989 0.130281 2 0.478315 0.127602 2
0.0 0.371888 0.133756 0.099491 0.114575 0.409415 0.139232 2 0.379631 0.135124 2 0.416701 0.094339 2
0.0 0.546177 0.421892 0.057218 0.179873 0.524890 0.409016 2 0.549273 0.424788 2 0.528108 0.361500 2
0.0 0.542460 0.344007 0.056987 0.219342 0.524890 0.409016 2 0.549273 0.424788 2 0.528108 0.361500 2
0.0 0.536307 0.318326 0.083501 0.102431 0.500413 0.301327 2 0.536437 0.328119 2 0.563149 0.343120 2