0.0 0.836149 0.531346 0.029800 0.207205 0.832799 0.616850 2 0.843704 0.519163 2 0.832995 0.445178 2
0.0 0.765748 0.469583 0.099556 0.068499 0.809253 0.475106 2 0.746712 0.462845 2 0.721842 0.486255 2
0.0 0.762828 0.638928 0.110947 0.173784 0.717068 0.718651 2 0.778018 0.632889 2 0.811363 0.568212 2
0.0 0.706979 0.450760 0.049998 0.232509 0.721154 0.353327 2 0.703389 0.488107 2 0.721842 0.486255 2
0.0 0.557967 0.524666 0.061581 0.272406 0.542742 0.413966 2 0.564677 0.558936 2 0.580293 0.635769 2
0.0 0.595610 0.659670 0.092604 0.191196 0.629962 0.577383 2 0.583196 0.672779 2 0.559654 0.743166 2
0.0 0.479703 0.622648 0.115312 0.178522 0.528852 0.668484 2 0.444582 0.655840 2 0.429523 0.581787 2
0.0 0.483738 0.771283 0.088090 0.157558 0.453094 0.726422 2 0.492018 0.794630 2 0.521492 0.822336 2
0.0 0.403895 0.670953 0.078172 0.125703 0.378253 0.645323 2 0.418206 0.702709 2 0.416331 0.656803 2
0.0 0.382751 0.574038 0.076583 0.236986 0.353514 0.484537 2 0.399170 0.593782 2 0.416331 0.656803 2
0.0 0.492010 0.481279 0.062982 0.229390 0.519238 0.386954 2 0.490059 0.416079 2 0.471927 0.586602 2
0.0 0.447304 0.450902 0.019495 0.205095 0.449031 0.360840 2 0.449515 0.454268 2 0.452071 0.528954 2
0.0 0.446983 0.284147 0.036282 0.202755 0.449031 0.360840 2 0.450243 0.280550 2 0.459075 0.203532 2
0.0 0.479615 0.081725 0.110802 0.145852 0.432693 0.144326 2 0.487175 0.068573 2 0.528752 0.020518 2
0.0 0.509394 0.166271 0.073063 0.186228 0.528274 0.242402 2 0.491888 0.140891 2 0.480461 0.242548 2
0.0 0.492267 0.111918 0.082652 0.152600 0.458404 0.178604 2 0.487175 0.068573 2 0.527788 0.043866 2
0.0 0.546606 0.113330 0.066381 0.152147 0.542652 0.082280 2 0.516017 0.079059 2 0.524151 0.181533 2
0.0 0.622941 0.063948 0.094655 0.064607 0.663131 0.057612 2 0.606183 0.076020 2 0.582321 0.084770 2
0.0 0.708071 0.041339 0.113829 0.082679 0.663131 0.057612 2 0.698331 0.036908 2 0.655863 0.017642 2
0.0 0.494370 0.411366 0.062131 0.169566 0.519238 0.386954 2 0.490059 0.416079 2 0.516837 0.342135 2
0.0 0.501025 0.332868 0.060705 0.207755 0.519238 0.386954 2 0.490059 0.416079 2 0.516837 0.342135 2
0.0 0.509023 0.304227 0.095352 0.092651 0.551215 0.267592 2 0.508003 0.314045 2 0.476104 0.343716 2