0.0 0.704170 0.485190 0.056770 0.153700 0.724480 0.424070 2 0.717190 0.526850 2 0.682290 0.546300 2
0.0 0.715620 0.637960 0.053650 0.187040 0.695830 0.717590 2 0.723440 0.635190 2 0.738020 0.562040 2
0.0 0.598440 0.709260 0.128650 0.066670 0.546350 0.724070 2 0.615100 0.717590 2 0.659380 0.698150 2
0.0 0.488020 0.618520 0.144270 0.093520 0.552080 0.593520 2 0.468230 0.642590 2 0.421880 0.631480 2
0.0 0.568750 0.490740 0.072400 0.162040 0.598960 0.426850 2 0.568230 0.511110 2 0.540630 0.564810 2
0.0 0.622920 0.428700 0.081250 0.175930 0.598960 0.426850 2 0.615100 0.444440 2 0.590100 0.505560 2
0.0 0.624480 0.323150 0.029170 0.184260 0.628130 0.246300 2 0.624480 0.336110 2 0.616150 0.405560 2
0.0 0.530730 0.227780 0.146350 0.062040 0.595830 0.208330 2 0.529170 0.238890 2 0.465630 0.250930 2
0.0 0.539060 0.164810 0.092710 0.099070 0.578120 0.130560 2 0.527600 0.161110 2 0.497920 0.208330 2
0.0 0.590620 0.094440 0.130210 0.066670 0.648440 0.117590 2 0.589060 0.086110 2 0.531250 0.087040 2
0.0 0.650000 0.084260 0.095310 0.115740 0.648440 0.117590 2 0.646350 0.081480 2 0.608850 0.039810 2
0.0 0.516670 0.046300 0.118230 0.032410 0.569790 0.048150 2 0.511980 0.050000 2 0.467190 0.056480 2
0.0 0.476040 0.089810 0.064580 0.133330 0.454170 0.039810 2 0.469790 0.120370 2 0.504690 0.142590 2
0.0 0.434380 0.330560 0.038020 0.225000 0.429170 0.235190 2 0.435420 0.364810 2 0.446880 0.428700 2
0.0 0.416150 0.262960 0.096880 0.172220 0.451560 0.195370 2 0.400520 0.289810 2 0.373440 0.336110 2
0.0 0.357810 0.188890 0.060940 0.180560 0.334370 0.263890 2 0.364060 0.171300 2 0.330730 0.143520 2
0.0 0.344270 0.384260 0.023960 0.180560 0.339580 0.457410 2 0.345310 0.390740 2 0.351040 0.314810 2
0.0 0.367710 0.473150 0.033330 0.197220 0.358330 0.554630 2 0.368750 0.460190 2 0.380730 0.393520 2
0.0 0.398440 0.687960 0.094790 0.082410 0.438540 0.709260 2 0.375000 0.685190 2 0.357290 0.664810 2
0.0 0.369270 0.752780 0.104690 0.112960 0.414060 0.799070 2 0.358330 0.752780 2 0.326560 0.711110 2
0.0 0.469270 0.779630 0.101040 0.049070 0.513540 0.771300 2 0.464060 0.791670 2 0.435420 0.790740 2
0.0 0.315620 0.605560 0.066150 0.137960 0.291670 0.554630 2 0.322400 0.625000 2 0.319270 0.569440 2
0.0 0.294270 0.459260 0.066670 0.241670 0.274480 0.369440 2 0.290630 0.500930 2 0.319270 0.569440 2
0.0 0.302080 0.227780 0.070830 0.191670 0.277600 0.317590 2 0.306250 0.218520 2 0.330730 0.143520 2