0.0 0.629690 0.305560 0.086980 0.219440 0.597400 0.399070 2 0.627600 0.414810 2 0.670310 0.213890 2
0.0 0.627080 0.412960 0.107810 0.051850 0.678650 0.400930 2 0.627600 0.414810 2 0.581250 0.431480 2
0.0 0.547920 0.562040 0.121350 0.086110 0.601560 0.536110 2 0.550520 0.571300 2 0.494790 0.598150 2
0.0 0.570830 0.775000 0.118230 0.071300 0.622920 0.751850 2 0.564060 0.792590 2 0.516150 0.797220 2
0.0 0.361980 0.480560 0.034380 0.216670 0.369790 0.389810 2 0.357810 0.484260 2 0.371880 0.576850 2
0.0 0.365620 0.323150 0.105210 0.115740 0.411980 0.361110 2 0.368750 0.287040 2 0.319270 0.306480 2
0.0 0.306250 0.325000 0.053120 0.180560 0.284370 0.402780 2 0.296880 0.312960 2 0.327600 0.242590 2
0.0 0.319790 0.374070 0.032810 0.244440 0.315100 0.479630 2 0.323440 0.362960 2 0.331770 0.262960 2
0.0 0.459900 0.363890 0.089060 0.035190 0.425000 0.364810 2 0.461980 0.358330 2 0.495830 0.360190 2
0.0 0.476560 0.301850 0.120310 0.045370 0.455730 0.305560 2 0.483850 0.294440 2 0.532810 0.294440 2
0.0 0.406250 0.063890 0.072920 0.127780 0.433330 0.024070 2 0.413020 0.112040 2 0.377080 0.115740 2
0.0 0.496880 0.045370 0.111980 0.057410 0.448960 0.050000 2 0.506250 0.040740 2 0.546350 0.028700 2
0.0 0.511460 0.115740 0.120310 0.067590 0.562500 0.137040 2 0.502080 0.094440 2 0.511980 0.139810 2
0.0 0.414060 0.187960 0.047400 0.193520 0.432810 0.104630 2 0.413020 0.112040 2 0.430210 0.268520 2
0.0 0.440620 0.212960 0.033330 0.127780 0.454170 0.163890 2 0.442190 0.230560 2 0.430210 0.268520 2
0.0 0.483330 0.220370 0.079690 0.189810 0.454170 0.163890 2 0.483850 0.294440 2 0.511980 0.139810 2
0.0 0.448960 0.633330 0.088020 0.099070 0.417190 0.596300 2 0.448960 0.636110 2 0.485420 0.672220 2