0.0 0.683118 0.234579 0.036254 0.234736 0.687378 0.339851 2 0.683908 0.223890 2 0.677620 0.136167 2
0.0 0.645070 0.287604 0.099438 0.101993 0.604076 0.316593 2 0.651109 0.300342 2 0.691559 0.270342 2
0.0 0.607304 0.473924 0.048633 0.289454 0.594663 0.598596 2 0.622148 0.473061 2 0.627502 0.342510 2
0.0 0.708889 0.494752 0.130299 0.144514 0.764835 0.548878 2 0.725321 0.470418 2 0.654171 0.436971 2
0.0 0.787812 0.478915 0.056880 0.216936 0.808150 0.577510 2 0.791242 0.479451 2 0.772488 0.388036 2
0.0 0.666497 0.713997 0.111167 0.181172 0.717706 0.658887 2 0.670948 0.720590 2 0.621815 0.786903 2
0.0 0.462962 0.394916 0.051897 0.282044 0.473189 0.515824 2 0.474515 0.387685 2 0.464622 0.309329 2
0.0 0.500330 0.229265 0.059585 0.239894 0.503588 0.327503 2 0.487709 0.204906 2 0.513284 0.119576 2
0.0 0.471174 0.039629 0.093263 0.079258 0.483067 0.031527 2 0.511346 -0.016909 2 0.433556 0.058302 2
0.0 0.496389 0.021530 0.124463 0.043059 0.483067 0.031527 2 0.511346 -0.016909 2 0.551636 -0.038040 2
0.0 0.454471 0.096738 0.073468 0.193475 0.483067 0.031527 2 0.462553 0.031680 2 0.433556 0.058302 2
0.0 0.472318 0.175088 0.098966 0.165757 0.434757 0.233182 2 0.487709 0.204906 2 0.425563 0.177639 2
0.0 0.434836 0.317035 0.082830 0.063386 0.402741 0.327501 2 0.436514 0.319304 2 0.464622 0.309329 2
0.0 0.384285 0.338732 0.050024 0.243494 0.402741 0.327501 2 0.375465 0.353378 2 0.366224 0.448846 2
0.0 0.313115 0.365503 0.032120 0.226311 0.306320 0.453473 2 0.311371 0.368284 2 0.324688 0.268439 2
0.0 0.411445 0.526049 0.049020 0.132402 0.396422 0.478654 2 0.415479 0.554311 2 -0.000604 -0.148260 0
0.0 0.357045 0.481081 0.055840 0.192244 0.370545 0.550126 2 0.346666 0.488616 2 0.339818 0.399824 2
0.0 0.537333 0.794013 0.053513 0.130069 0.559734 0.755701 2 0.538171 0.810984 2 0.518263 0.838852 2
0.0 0.506879 0.866841 0.123064 0.092473 0.561029 0.896043 2 0.509087 0.871154 2 0.458556 0.832643 2