0.0 0.664666 0.537445 0.053190 0.194815 0.657259 0.619779 2 0.675478 0.521889 2 0.671322 0.455803 2
0.0 0.579259 0.597488 0.108871 0.160172 0.622073 0.558673 2 0.574235 0.609638 2 0.536920 0.647470 2
0.0 0.528340 0.300128 0.115663 0.073881 0.483070 0.302067 2 0.526725 0.307312 2 0.581715 0.301322 2
0.0 0.451852 0.278292 0.109269 0.173543 0.483070 0.302067 2 0.430673 0.293594 2 0.426155 0.214757 2
0.0 0.427594 0.124882 0.059460 0.182491 0.452449 0.060041 2 0.426723 0.115391 2 0.410914 0.196236 2
0.0 0.440841 0.044023 0.103337 0.088047 0.484410 -0.008773 2 0.450053 0.027339 2 0.430430 0.032071 2
0.0 0.386166 0.062053 0.105087 0.119348 0.343692 0.090064 2 0.382341 0.061880 2 0.430430 0.032071 2
0.0 0.292157 0.403972 0.086332 0.174264 0.275021 0.333515 2 0.297948 0.404745 2 0.311077 0.480044 2
0.0 0.230781 0.393872 0.052149 0.194529 0.224587 0.471475 2 0.229910 0.384381 2 0.245782 0.314521 2
0.0 0.367818 0.488841 0.050358 0.118360 0.383081 0.453421 2 0.362436 0.495829 2 0.352391 0.520898 2
0.0 0.380326 0.572396 0.092538 0.083911 0.356233 0.554844 2 0.377957 0.573461 2 0.415430 0.603149 2
0.0 0.396905 0.608153 0.066698 0.180577 0.420880 0.538016 2 0.386093 0.622932 2 0.373161 0.675883 2
0.0 0.411404 0.723460 0.071064 0.144333 0.401409 0.675203 2 0.419855 0.728343 2 0.422213 0.780436 2
0.0 0.449229 0.590474 0.073623 0.208227 0.431051 0.672383 2 0.442342 0.592831 2 0.475278 0.505721 2
0.0 0.516495 0.509419 0.133857 0.128022 0.469796 0.525303 2 0.523853 0.503034 2 0.475278 0.505721 2
0.0 0.285902 0.322135 0.052607 0.204799 0.302926 0.239960 2 0.288377 0.296693 2 0.267959 0.410011 2