0.0 0.483210 0.395997 0.107236 0.113987 0.520246 0.353928 2 0.483216 0.399948 2 0.446301 0.446931 2
0.0 0.485848 0.457311 0.133301 0.120565 0.427145 0.486322 2 0.481069 0.460281 2 0.446301 0.446931 2
0.0 0.414163 0.708445 0.067345 0.187922 0.419795 0.633470 2 0.406727 0.719608 2 0.403532 0.788446 2
0.0 0.332249 0.691053 0.103426 0.172400 0.299443 0.763390 2 0.319262 0.651205 2 0.363394 0.634379 2
0.0 0.488131 0.802751 0.123170 0.106240 0.533823 0.768080 2 0.477133 0.814433 2 0.435421 0.821156 2
0.0 0.557231 0.864897 0.090751 0.164259 0.529698 0.924923 2 0.580688 0.869920 2 0.576202 0.823502 2
0.0 0.580216 0.701015 0.071823 0.186189 0.590368 0.629135 2 0.573879 0.712709 2 0.566470 0.785359 2
0.0 0.557616 0.550533 0.083428 0.275730 0.559550 0.435840 2 0.555496 0.545331 2 0.953023 -0.156078 0
0.0 0.538828 0.223210 0.071919 0.238077 0.509084 0.134123 2 0.541034 0.228245 2 0.568279 0.313293 2
0.0 0.520493 0.091062 0.111495 0.157652 0.472928 0.056914 2 0.522134 0.104386 2 0.561880 0.124682 2
0.0 0.624704 0.169435 0.094626 0.185009 0.615875 0.199312 2 0.611529 0.149810 2 0.584460 0.114031 2
0.0 0.647968 0.286395 0.078753 0.248273 0.615875 0.199312 2 0.626952 0.292272 2 0.654484 0.344972 2
0.0 0.618025 0.296154 0.095118 0.185219 0.576154 0.244468 2 0.626952 0.292272 2 0.654484 0.344972 2
0.0 0.695486 0.384944 0.107626 0.148721 0.728151 0.336681 2 0.700210 0.424143 2 0.653001 0.428176 2
0.0 0.681373 0.518860 0.052511 0.197052 0.683603 0.589337 2 0.682018 0.493336 2 0.683028 0.449607 2
0.0 0.738898 0.583935 0.057493 0.231016 0.740456 0.674841 2 0.736359 0.557758 2 0.735235 0.491774 2
0.0 0.606745 0.593013 0.052182 0.217825 0.594696 0.517516 2 0.607557 0.616762 2 0.621357 0.680359 2