0.0 0.707047 0.357310 0.122608 0.088476 0.760469 0.324409 2 0.712261 0.358627 2 0.655046 0.384154 2
0.0 0.807453 0.521892 0.092025 0.153005 0.774042 0.588285 2 0.841178 0.526768 2 0.848941 0.467319 2
0.0 0.599629 0.340285 0.092690 0.079875 0.560815 0.337698 2 0.600211 0.322576 2 0.639794 0.354327 2
0.0 0.619439 0.267515 0.075901 0.162666 0.587853 0.204777 2 0.600211 0.322576 2 0.654531 0.324614 2
0.0 0.565108 0.224932 0.058719 0.171353 0.587853 0.204777 2 0.556571 0.214447 2 0.558257 0.299207 2
0.0 0.575499 0.107758 0.092259 0.082952 0.613999 0.077582 2 0.564230 0.111285 2 0.542231 0.139933 2
0.0 0.502102 0.286487 0.102089 0.146169 0.543282 0.259799 2 0.512071 0.291712 2 0.547751 0.332125 2
0.0 0.500089 0.288442 0.107275 0.089623 0.543282 0.259799 2 0.450038 0.291086 2 0.452874 0.320777 2
0.0 0.462355 0.288158 0.085586 0.161282 0.495616 0.215204 2 0.450038 0.291086 2 0.460163 0.223247 2
0.0 0.431308 0.286657 0.074535 0.149821 0.458993 0.237773 2 0.450038 0.291086 2 0.460163 0.223247 2
0.0 0.387590 0.393996 0.035118 0.189104 0.398913 0.312310 2 0.385163 0.399889 2 0.382854 0.470272 2
0.0 0.404868 0.541905 0.031687 0.155409 0.399215 0.483196 2 0.408901 0.557759 2 0.415856 0.606578 2
0.0 0.424349 0.476347 0.032674 0.193388 0.430034 0.396486 2 0.419253 0.498628 2 0.427665 0.563883 2
0.0 0.511278 0.540026 0.103652 0.206308 0.468611 0.468975 2 0.525665 0.576251 2 0.535523 0.537886 2
0.0 0.510209 0.479007 0.072481 0.169129 0.483964 0.423248 2 0.511593 0.492157 2 0.535523 0.537886 2
0.0 0.555597 0.634524 0.110531 0.116201 0.507477 0.612165 2 0.556385 0.664476 2 0.603762 0.658238 2
0.0 0.686792 0.711612 0.102418 0.158826 0.730569 0.645493 2 0.680853 0.721330 2 0.646540 0.772887 2
0.0 0.716588 0.823858 0.126017 0.082003 0.773194 0.794353 2 0.715415 0.838264 2 0.663098 0.853360 2