0.0 0.687500 0.343520 0.118750 0.086110 0.741670 0.314810 2 0.693230 0.367590 2 0.637500 0.373150 2
0.0 0.656770 0.535190 0.033330 0.201850 0.649480 0.453700 2 0.664060 0.552780 2 0.646870 0.628700 2
0.0 0.642190 0.671300 0.118750 0.076850 0.591670 0.697220 2 0.653650 0.648150 2 0.695830 0.638890 2
0.0 0.728650 0.803700 0.097920 0.162960 0.772400 0.735190 2 0.730730 0.806480 2 0.693750 0.873150 2
0.0 0.295310 0.526850 0.034900 0.165740 0.287500 0.457410 2 0.296880 0.520370 2 0.305730 0.598150 2
0.0 0.308330 0.464810 0.029690 0.204630 0.301040 0.379630 2 0.296880 0.520370 2 0.319790 0.555560 2
0.0 0.344790 0.514810 0.054170 0.217590 0.328650 0.425000 2 0.340630 0.498150 2 0.319790 0.555560 2
0.0 0.359900 0.408330 0.046880 0.239810 0.363540 0.373150 2 0.340630 0.498150 2 0.355730 0.301850 2
0.0 0.392190 0.435190 0.067710 0.174070 0.363540 0.373150 2 0.385940 0.444440 2 0.379170 0.519440 2
0.0 0.465630 0.453700 0.065630 0.209260 0.494270 0.365740 2 0.465100 0.453700 2 0.441150 0.543520 2
0.0 0.480210 0.319440 0.107810 0.052780 0.435940 0.331480 2 0.485420 0.322220 2 0.529170 0.303700 2
0.0 0.453120 0.247220 0.085420 0.121300 0.490100 0.291670 2 0.447920 0.203700 2 0.417190 0.218520 2
0.0 0.502080 0.153700 0.076040 0.134260 0.535940 0.100000 2 0.478130 0.147220 2 0.470310 0.203700 2
0.0 0.546880 0.050000 0.075520 0.048150 0.577080 0.051850 2 0.546350 0.044440 2 0.521350 0.035190 2
0.0 0.448440 0.106480 0.088020 0.100000 0.463540 0.133330 2 0.405210 0.083330 2 0.410420 0.146300 2
0.0 0.397400 0.097220 0.108330 0.124070 0.351560 0.139810 2 0.405210 0.083330 2 0.410420 0.146300 2
0.0 0.335420 0.214810 0.101040 0.164810 0.333850 0.197220 2 0.366150 0.259260 2 0.366150 0.196300 2
0.0 0.311980 0.288890 0.054690 0.217590 0.301040 0.379630 2 0.313020 0.282410 2 0.288540 0.358330 2
0.0 0.337500 0.269440 0.064060 0.168520 0.344790 0.303700 2 0.366150 0.259260 2 0.355730 0.301850 2
0.0 0.377080 0.244440 0.049480 0.147220 0.393230 0.199070 2 0.366150 0.259260 2 0.355730 0.301850 2
0.0 0.411980 0.176850 0.113020 0.098150 0.463540 0.133330 2 0.415630 0.171300 2 0.366150 0.196300 2