0.0 0.808678 0.264319 0.066706 0.231288 0.824259 0.166448 2 0.815494 0.285209 2 0.782708 0.364039 2
0.0 0.639577 0.206885 0.124003 0.245504 0.609841 0.099449 2 0.643801 0.181490 2 0.673506 0.314072 2
0.0 0.567588 0.268657 0.089181 0.243594 0.605311 0.172896 2 0.569158 0.253322 2 0.530583 0.372026 2
0.0 0.545523 0.245696 0.085031 0.223764 0.512002 0.341209 2 0.569158 0.253322 2 0.582606 0.150881 2
0.0 0.488123 0.275100 0.103339 0.049125 0.446213 0.268201 2 0.489208 0.279531 2 0.529403 0.282112 2
0.0 0.452598 0.658259 0.078104 0.221762 0.477274 0.570031 2 0.462915 0.666076 2 0.425697 0.751579 2
0.0 0.559280 0.641068 0.121556 0.138815 0.512153 0.592729 2 0.548675 0.660529 2 0.601445 0.700388 2
0.0 0.599588 0.839860 0.114399 0.065890 0.644860 0.844307 2 0.592502 0.841034 2 0.556432 0.829651 2
0.0 0.321911 0.331828 0.063210 0.286488 0.306565 0.457053 2 0.323084 0.310170 2 0.345534 0.213190 2
0.0 0.347488 0.407471 0.076121 0.158695 0.378403 0.371265 2 0.328389 0.391282 2 0.338235 0.464689 2
0.0 0.356213 0.304348 0.049429 0.238960 0.366005 0.210882 2 0.354432 0.285414 2 0.345939 0.416735 2
0.0 0.381587 0.245348 0.048345 0.194244 0.370069 0.318946 2 0.379765 0.242051 2 0.400583 0.160483 2
0.0 0.414646 0.087132 0.102438 0.174264 0.371341 0.150071 2 0.410104 0.070005 2 0.456898 0.009869 2
0.0 0.446150 0.173131 0.090044 0.217389 0.446213 0.268201 2 0.435877 0.184288 2 0.409205 0.255625 2
0.0 0.547418 0.075861 0.105503 0.069690 0.589855 0.081990 2 0.540171 0.093714 2 0.507561 0.084908 2
0.0 0.567865 0.015634 0.105272 0.031267 0.606695 -0.032490 2 0.567437 0.001578 2 0.523018 0.008833 2
0.0 0.612736 0.034850 0.096814 0.069699 0.652886 0.029380 2 0.611302 0.034953 2 0.571806 0.046029 2
0.0 0.664880 0.022345 0.097896 0.044689 0.701170 0.025808 2 0.662626 0.002589 2 0.629460 -0.031339 2
0.0 0.825742 0.613209 0.064433 0.273503 0.851750 0.502213 2 0.828757 0.604345 2 0.800882 0.722475 2