0.0 0.697400 0.448150 0.069270 0.189810 0.669270 0.370370 2 0.706770 0.450930 2 0.728130 0.538890 2
0.0 0.651560 0.342590 0.120310 0.059260 0.596880 0.360190 2 0.653650 0.356480 2 0.710940 0.325000 2
0.0 0.651560 0.055560 0.113540 0.106480 0.606770 0.012040 2 0.667710 0.057410 2 0.700000 0.103700 2
0.0 0.623960 0.205560 0.096350 0.089810 0.586460 0.241670 2 0.630730 0.221300 2 0.668230 0.173150 2
0.0 0.586980 0.350000 0.092190 0.159260 0.550520 0.408330 2 0.610940 0.384260 2 0.627600 0.280560 2
0.0 0.485420 0.514810 0.056770 0.141670 0.506250 0.462040 2 0.498440 0.560190 2 0.466670 0.572220 2
0.0 0.455210 0.637040 0.062500 0.060190 0.426560 0.626850 2 0.461980 0.650930 2 0.478130 0.659260 2
0.0 0.522920 0.625000 0.094270 0.145370 0.484900 0.687960 2 0.542190 0.637960 2 0.563540 0.583330 2
0.0 0.600520 0.920370 0.111460 0.047220 0.000000 0.000000 0 0.000000 0.000000 0 0.000000 0.000000 0
0.0 0.378120 0.426850 0.071870 0.199070 0.347400 0.517590 2 0.411980 0.460190 2 0.379170 0.507410 2
0.0 0.428650 0.330560 0.099480 0.087960 0.385940 0.308330 2 0.451560 0.323150 2 0.473960 0.369440 2
0.0 0.424480 0.438890 0.025000 0.204630 0.419790 0.344440 2 0.423960 0.474070 2 0.431250 0.534260 2
0.0 0.409370 0.447220 0.078650 0.138890 0.446350 0.391670 2 0.411980 0.460190 2 0.379170 0.507410 2
0.0 0.531250 0.051850 0.125520 0.048150 0.478130 0.061110 2 0.542710 0.047220 2 0.589580 0.050000 2
0.0 0.343230 0.173150 0.085940 0.203700 0.307810 0.265740 2 0.345830 0.147220 2 0.379690 0.087960 2
0.0 0.390100 0.162040 0.083330 0.168520 0.427600 0.089810 2 0.390100 0.185190 2 0.379690 0.087960 2
0.0 0.402080 0.189810 0.085940 0.157410 0.442710 0.242590 2 0.390100 0.185190 2 0.368750 0.261110 2
0.0 0.477600 0.236110 0.091670 0.035190 0.442710 0.242590 2 0.493230 0.235190 2 0.521350 0.242590 2
0.0 0.524480 0.261110 0.115630 0.080560 0.475520 0.287040 2 0.535940 0.259260 2 0.521350 0.242590 2