0.0 0.554690 0.230560 0.157290 0.045370 0.487500 0.225000 2 0.562500 0.227780 2 0.619790 0.241670 2
0.0 0.594790 0.023150 0.124480 0.043520 0.540100 0.007410 2 0.601040 0.009260 2 0.647920 0.033330 2
0.0 0.616150 0.358330 0.128120 0.051850 0.564060 0.358330 2 0.634900 0.365740 2 0.678650 0.348150 2
0.0 0.532810 0.367590 0.098960 0.180560 0.564060 0.358330 2 0.530210 0.361110 2 0.575520 0.444440 2
0.0 0.485420 0.341670 0.054690 0.188890 0.490620 0.297220 2 0.483330 0.353700 2 0.509380 0.429630 2
0.0 0.461980 0.308330 0.118750 0.062040 0.490620 0.297220 2 0.452600 0.303700 2 0.514580 0.282410 2
0.0 0.395830 0.413890 0.023960 0.154630 0.394270 0.469440 2 0.395310 0.384260 2 0.402600 0.348150 2
0.0 0.456770 0.076850 0.115100 0.078700 0.454690 0.112040 2 0.428650 0.109260 2 0.507810 0.051850 2
0.0 0.406770 0.130560 0.089580 0.090740 0.367190 0.125930 2 0.428650 0.109260 2 0.444790 0.165740 2
0.0 0.416150 0.179630 0.084380 0.159260 0.454690 0.112040 2 0.401040 0.250930 2 0.444790 0.165740 2
0.0 0.397920 0.259260 0.085420 0.063890 0.364580 0.282410 2 0.401040 0.250930 2 0.379170 0.246300 2
0.0 0.343230 0.363890 0.048440 0.150000 0.329170 0.426850 2 0.347400 0.332410 2 0.365100 0.301850 2
0.0 0.293230 0.448150 0.025000 0.228700 0.300520 0.554630 2 0.288540 0.424070 2 0.288540 0.348150 2
0.0 0.458850 0.687960 0.089060 0.075000 0.426560 0.701850 2 0.455730 0.666670 2 0.494270 0.712040 2
0.0 0.489060 0.726850 0.047920 0.093520 0.511980 0.697220 2 0.484900 0.739810 2 0.494270 0.712040 2
0.0 0.658330 0.813890 0.045310 0.209260 0.646870 0.725930 2 0.665100 0.807410 2 0.662500 0.904630 2