0.0 0.595830 0.364810 0.130730 0.065740 0.538540 0.346300 2 0.596880 0.377780 2 0.655730 0.386110 2
0.0 0.514060 0.649070 0.043230 0.216670 0.526040 0.562040 2 0.508850 0.664810 2 0.504690 0.739810 2
0.0 0.416670 0.515740 0.128120 0.063890 0.361980 0.503700 2 0.438020 0.528700 2 0.474480 0.545370 2
0.0 0.398960 0.503700 0.058850 0.177780 0.425000 0.579630 2 0.390620 0.475000 2 0.379170 0.436110 2
0.0 0.346870 0.534260 0.033330 0.151850 0.361980 0.503700 2 0.343750 0.548150 2 0.358330 0.593520 2
0.0 0.320310 0.488890 0.021350 0.189810 0.316670 0.564810 2 0.320830 0.469440 2 0.324480 0.411110 2
0.0 0.309900 0.282410 0.056770 0.200000 0.287500 0.370370 2 0.311460 0.242590 2 0.330210 0.191670 2
0.0 0.380730 0.162040 0.085420 0.173150 0.346350 0.230560 2 0.398440 0.125930 2 0.416670 0.089810 2
0.0 0.435420 0.162960 0.093750 0.135190 0.476040 0.109260 2 0.398440 0.125930 2 0.415630 0.220370 2
0.0 0.376560 0.304630 0.098960 0.191670 0.350520 0.393520 2 0.393230 0.351850 2 0.415630 0.220370 2
0.0 0.392190 0.352780 0.100000 0.101850 0.350520 0.393520 2 0.393230 0.351850 2 0.435940 0.310190 2
0.0 0.481770 0.274070 0.123960 0.071300 0.431250 0.289810 2 0.491670 0.256480 2 0.538540 0.291670 2
0.0 0.527600 0.217590 0.103650 0.062040 0.521350 0.197220 2 0.545310 0.232410 2 0.572920 0.234260 2
0.0 0.519270 0.177780 0.113540 0.080560 0.521350 0.197220 2 0.502600 0.170370 2 0.469270 0.192590 2
0.0 0.496350 0.249070 0.059900 0.151850 0.521350 0.197220 2 0.491670 0.256480 2 0.469270 0.192590 2
0.0 0.596350 0.712960 0.070310 0.125000 0.623960 0.662040 2 0.590620 0.726850 2 0.570310 0.766670 2
0.0 0.530210 0.831480 0.067190 0.126850 0.509380 0.882410 2 0.549480 0.845370 2 0.558850 0.786110 2