0.0 0.659540 0.138453 0.071976 0.161397 0.687819 0.187927 2 0.665918 0.112178 2 0.631083 0.081963 2
0.0 0.615335 0.319939 0.118793 0.105729 0.567861 0.305855 2 0.621525 0.347897 2 0.664344 0.335275 2
0.0 0.690199 0.470548 0.054140 0.183486 0.710320 0.390851 2 0.694716 0.491084 2 0.678691 0.553551 2
0.0 0.624473 0.612339 0.064908 0.156610 0.648583 0.552518 2 0.628399 0.629561 2 0.607078 0.680154 2
0.0 0.539501 0.664124 0.112327 0.105328 0.494434 0.646126 2 0.556066 0.665123 2 0.591813 0.691723 2
0.0 0.473269 0.621078 0.049026 0.136481 0.494434 0.646126 2 0.477950 0.627833 2 0.491988 0.668972 2
0.0 0.513581 0.567659 0.089684 0.052359 0.548970 0.558980 2 0.507759 0.575590 2 0.476801 0.580742 2
0.0 0.555656 0.504430 0.052049 0.219723 0.535891 0.413569 2 0.559571 0.520791 2 0.576521 0.599212 2
0.0 0.564599 0.151737 0.030333 0.184823 0.559740 0.076039 2 0.569715 0.155824 2 0.573028 0.230011 2
0.0 0.495914 0.152180 0.096135 0.092814 0.538402 0.146423 2 0.506288 0.125137 2 0.461077 0.182955 2
0.0 0.506590 0.199138 0.105697 0.057173 0.460095 0.204652 2 0.509961 0.193234 2 0.550044 0.192329 2
0.0 0.450764 0.068918 0.105614 0.115104 0.406859 0.118650 2 0.464722 0.065258 2 0.493257 0.022730 2
0.0 0.384376 0.224605 0.090985 0.146337 0.346826 0.288589 2 0.401884 0.222838 2 0.417086 0.270635 2
0.0 0.423102 0.373634 0.026139 0.236838 0.425734 0.481425 2 0.425560 0.371354 2 0.417086 0.270635 2
0.0 0.400865 0.407200 0.096117 0.173754 0.363088 0.482413 2 0.399085 0.375635 2 0.440084 0.329821 2
0.0 0.373407 0.494250 0.083598 0.087820 0.340919 0.478118 2 0.380561 0.520302 2 0.405549 0.496523 2
0.0 0.332841 0.516764 0.038184 0.221290 0.342973 0.603310 2 0.327431 0.500527 2 0.321659 0.428527 2