0.0 0.377080 0.171300 0.071350 0.160190 0.348439 0.230560 2 0.369269 0.144440 2 0.404689 0.104630 2
0.0 0.427600 0.357410 0.121870 0.089810 0.476039 0.332410 2 0.421359 0.388890 2 0.376559 0.384260 2
0.0 0.353650 0.535190 0.052080 0.187960 0.330209 0.453700 2 0.348959 0.558330 2 0.367189 0.622220 2
0.0 0.425520 0.674070 0.064060 0.156480 0.398439 0.614810 2 0.421359 0.693520 2 0.444789 0.743520 2
0.0 0.515100 0.712040 0.115100 0.090740 0.560939 0.683330 2 0.497399 0.716670 2 0.460939 0.752780 2
0.0 0.582810 0.651850 0.047920 0.137960 0.560939 0.683330 2 0.577599 0.660190 2 0.564059 0.707410 2
0.0 0.539580 0.602780 0.092710 0.037960 0.502079 0.600930 2 0.545309 0.610190 2 0.577599 0.609260 2
0.0 0.494270 0.543520 0.048960 0.227780 0.511979 0.441670 2 0.490099 0.562040 2 0.474479 0.650000 2
0.0 0.476040 0.165740 0.027080 0.194440 0.478649 0.083330 2 0.470309 0.171300 2 0.468749 0.251850 2
0.0 0.547400 0.151850 0.098440 0.080560 0.502599 0.154630 2 0.535419 0.125000 2 0.583849 0.177780 2
0.0 0.537500 0.204630 0.109380 0.039810 0.585419 0.200930 2 0.533329 0.199070 2 0.491669 0.206480 2
0.0 0.592190 0.052780 0.107810 0.102780 0.638539 0.097220 2 0.577079 0.051850 2 0.546359 0.012040 2
0.0 0.665100 0.206480 0.091670 0.139810 0.705209 0.267590 2 0.646349 0.208330 2 0.631769 0.262960 2
0.0 0.628650 0.375000 0.021350 0.251850 0.628129 0.491670 2 0.625519 0.373150 2 0.631769 0.262960 2
0.0 0.652600 0.406480 0.096350 0.168520 0.693229 0.479630 2 0.653129 0.372220 2 0.609379 0.331480 2
0.0 0.683330 0.494440 0.085420 0.077780 0.716149 0.470370 2 0.676039 0.524070 2 0.649479 0.503700 2
0.0 0.726040 0.510190 0.034380 0.232410 0.717189 0.605560 2 0.730729 0.491670 2 0.734899 0.412960 2