0 0.54531 0.26389 0.08385 0.10185 0.51302 0.22778 2 0.54948 0.27685 2 0.57969 0.31019 2 
0 0.63490 0.23981 0.08542 0.14259 0.60000 0.30093 2 0.63958 0.25370 2 0.67448 0.18426 2 
0 0.67396 0.34630 0.04896 0.21389 0.65052 0.34630 2 0.67708 0.36481 2 0.69167 0.44074 2 
0 0.63073 0.44630 0.05312 0.23056 0.65052 0.34630 2 0.64010 0.46574 2 0.61042 0.55278 2 
0 0.51979 0.56944 0.09635 0.07222 0.56354 0.54167 2 0.51198 0.56667 2 0.47604 0.59352 2 
0 0.46302 0.40278 0.09271 0.15926 0.42240 0.33981 2 0.47187 0.41111 2 0.49948 0.46574 2 
0 0.46458 0.29537 0.10990 0.06296 0.41823 0.28426 2 0.47708 0.29167 2 0.51198 0.31574 2 
0 0.47969 0.20278 0.05052 0.15000 0.46250 0.26759 2 0.49167 0.20926 2 0.50000 0.14444 2 
0 0.53490 0.10000 0.07083 0.12130 0.56146 0.05370 2 0.53021 0.10370 2 0.50000 0.14444 2 
0 0.54375 0.77222 0.09323 0.12037 0.58490 0.72870 2 0.55156 0.76852 2 0.51406 0.82130 2 
0 0.34844 0.14167 0.09635 0.16852 0.30781 0.20926 2 0.35000 0.13519 2 0.33854 0.21389 2 
0 0.40469 0.20463 0.09635 0.10185 0.36198 0.24907 2 0.40990 0.19907 2 0.44375 0.16852 2 
0 0.30833 0.27870 0.07240 0.16481 0.28073 0.35370 2 0.30104 0.28056 2 0.33854 0.21389 2 
0 0.29323 0.46204 0.05156 0.20185 0.27500 0.37315 2 0.28073 0.46296 2 0.31562 0.55833 2 
0 0.32396 0.47593 0.05990 0.20648 0.30573 0.56944 2 0.34323 0.41111 2 0.31562 0.55833 2 
0 0.37917 0.54907 0.03698 0.14537 0.36615 0.48889 2 0.36875 0.57500 2 0.39062 0.49630 2 
0 0.35833 0.56389 0.07344 0.16574 0.36615 0.48889 2 0.36875 0.57500 2 0.39062 0.49630 2 
