0 0.63281 0.18148 0.10156 0.12130 0.58802 0.13519 2 0.62760 0.16852 2 0.67500 0.23519 2 
0 0.59427 0.07963 0.10938 0.05000 0.64010 0.08056 2 0.59479 0.08241 2 0.54479 0.08796 2 
0 0.62917 0.25833 0.11510 0.15185 0.57708 0.19444 2 0.60938 0.28241 2 0.67500 0.23519 2 
0 0.60260 0.28611 0.11458 0.05926 0.55573 0.30093 2 0.60938 0.28241 2 0.65365 0.26389 2 
0 0.57760 0.47778 0.04427 0.17685 0.59167 0.41481 2 0.58229 0.49630 2 0.56406 0.54630 2 
0 0.60729 0.65370 0.04010 0.22593 0.62135 0.55833 2 0.61094 0.65926 2 0.59583 0.75648 2 
0 0.42969 0.49815 0.10000 0.19074 0.39167 0.41944 2 0.47031 0.40833 2 0.47396 0.58796 2 
0 0.46042 0.40000 0.03594 0.22315 0.45937 0.31111 2 0.47031 0.40833 2 0.45990 0.50370 2 
0 0.41771 0.31019 0.02656 0.25648 0.41146 0.19444 2 0.41406 0.30556 2 0.42396 0.42963 2 
0 0.43542 0.33056 0.08802 0.16389 0.39948 0.39630 2 0.43542 0.33889 2 0.47604 0.25833 2 
0 0.31250 0.20463 0.08021 0.20648 0.32500 0.29444 2 0.32188 0.19722 2 0.34740 0.12130 2 
0 0.28802 0.33148 0.05521 0.17130 0.27031 0.40278 2 0.28906 0.32778 2 0.30885 0.27500 2 
0 0.29479 0.43981 0.06771 0.16852 0.32240 0.47870 2 0.27135 0.44630 2 0.28333 0.51944 2 
0 0.31198 0.52963 0.02813 0.22130 0.31562 0.62685 2 0.31562 0.53148 2 0.30625 0.43611 2 
0 0.36510 0.51944 0.05781 0.21296 0.39167 0.41944 2 0.36250 0.52500 2 0.38385 0.60556 2 
0 0.35156 0.24352 0.07760 0.13241 0.32500 0.29444 2 0.32188 0.19722 2 0.38490 0.19167 2 
0 0.34063 0.40741 0.04844 0.16204 0.34323 0.43426 2 0.34219 0.39444 2 0.35938 0.34167 2 
