0.0 0.380710 0.272722 0.094190 0.123620 0.421535 0.225209 2 0.385232 0.259832 2 0.340980 0.327305 2
0.0 0.418073 0.171547 0.099103 0.054747 0.376623 0.175026 2 0.417021 0.174280 2 0.461500 0.176869 2
0.0 0.381731 0.347225 0.107164 0.154079 0.429583 0.282194 2 0.398194 0.369525 2 0.340980 0.327305 2
0.0 0.404646 0.372740 0.104014 0.064040 0.445555 0.384517 2 0.398194 0.369525 2 0.359208 0.354006 2
0.0 0.421406 0.557664 0.044653 0.174406 0.410165 0.497241 2 0.416176 0.575933 2 0.431001 0.623516 2
0.0 0.389797 0.730348 0.042354 0.221884 0.379504 0.638427 2 0.385870 0.735959 2 0.396540 0.829621 2
0.0 0.552867 0.569163 0.094811 0.191037 0.588587 0.490514 2 0.518701 0.484129 2 0.510232 0.658957 2
0.0 0.528279 0.475474 0.038560 0.218948 0.531288 0.389004 2 0.518701 0.484129 2 0.525229 0.576256 2
0.0 0.569015 0.385770 0.031152 0.250822 0.577446 0.272897 2 0.571901 0.381065 2 0.559464 0.502233 2
0.0 0.552612 0.406566 0.083337 0.164263 0.582286 0.468458 2 0.551864 0.414665 2 0.517936 0.338631 2
0.0 0.666006 0.277246 0.077599 0.205228 0.651735 0.365256 2 0.657340 0.270570 2 0.636759 0.198199 2
0.0 0.684182 0.399186 0.054259 0.169625 0.697419 0.467506 2 0.682854 0.395649 2 0.666717 0.345451 2
0.0 0.674995 0.504876 0.065339 0.167624 0.648711 0.544234 2 0.695228 0.509871 2 0.682411 0.581645 2
0.0 0.657043 0.593158 0.031533 0.216711 0.650467 0.687874 2 0.653233 0.595163 2 0.664365 0.501925 2
0.0 0.609914 0.586234 0.057789 0.210270 0.588587 0.490514 2 0.611568 0.591495 2 0.590170 0.671008 2
0.0 0.630006 0.317244 0.073121 0.133076 0.651735 0.365256 2 0.657340 0.270570 2 0.601238 0.268713 2
0.0 0.635010 0.475953 0.047947 0.160243 0.631404 0.502202 2 0.633487 0.463434 2 0.619671 0.413099 2