0.0 0.645830 0.103700 0.031250 0.160190 0.634900 0.037960 2 0.653650 0.108330 2 0.644270 0.179630 2
0.0 0.546350 0.128700 0.117710 0.030560 0.495830 0.127780 2 0.544790 0.132410 2 0.601040 0.127780 2
0.0 0.552600 0.178700 0.120310 0.106480 0.495830 0.127780 2 0.544790 0.132410 2 0.609380 0.221300 2
0.0 0.567710 0.288890 0.119790 0.052780 0.519790 0.303700 2 0.571880 0.289810 2 0.625520 0.275000 2
0.0 0.582290 0.380560 0.042190 0.182410 0.568230 0.305560 2 0.589060 0.365740 2 0.595830 0.452780 2
0.0 0.615100 0.486110 0.032810 0.209260 0.605210 0.402780 2 0.626560 0.486110 2 0.620310 0.566670 2
0.0 0.607290 0.654630 0.049480 0.175930 0.625520 0.598150 2 0.618230 0.671300 2 0.597400 0.737960 2
0.0 0.448960 0.662040 0.029690 0.209260 0.444790 0.574070 2 0.452600 0.655560 2 0.455730 0.750000 2
0.0 0.457290 0.837960 0.131770 0.071300 0.514580 0.850000 2 0.452600 0.857410 2 0.399480 0.827780 2
0.0 0.384380 0.498150 0.034900 0.212960 0.396870 0.578700 2 0.384900 0.482410 2 0.369790 0.398150 2
0.0 0.420310 0.204630 0.048960 0.236110 0.434380 0.094440 2 0.410420 0.197220 2 0.404690 0.310190 2
0.0 0.280730 0.337960 0.044790 0.212040 0.265620 0.426850 2 0.279690 0.348150 2 0.270310 0.438890 2
0.0 0.279170 0.512960 0.031770 0.197220 0.284900 0.598150 2 0.272400 0.503700 2 0.270310 0.438890 2
0.0 0.363540 0.287040 0.080210 0.148150 0.336980 0.343520 2 0.367710 0.341670 2 0.393230 0.229630 2
0.0 0.366150 0.356480 0.016670 0.206480 0.368750 0.276850 2 0.367710 0.341670 2 0.369790 0.398150 2
0.0 0.345830 0.456480 0.037500 0.201850 0.336980 0.370370 2 0.341150 0.427780 2 0.356770 0.552780 2