0.0 0.455419 0.172074 0.115227 0.110786 0.502099 0.210814 2 0.458564 0.144664 2 0.410876 0.143487 2
0.0 0.419202 0.104274 0.125331 0.052490 0.364554 0.121259 2 0.424768 0.094336 2 0.470260 0.085372 2
0.0 0.372588 0.284609 0.118082 0.091641 0.424951 0.284982 2 0.367769 0.313812 2 0.317603 0.309832 2
0.0 0.361867 0.319168 0.087883 0.139384 0.399531 0.363179 2 0.367769 0.313812 2 0.395027 0.267742 2
0.0 0.450971 0.361696 0.115930 0.037627 0.399531 0.363179 2 0.444805 0.359714 2 0.501818 0.361121 2
0.0 0.453808 0.394758 0.095005 0.058144 0.417146 0.415860 2 0.452773 0.380995 2 0.495283 0.394873 2
0.0 0.353887 0.467454 0.080439 0.147430 0.327024 0.529116 2 0.358382 0.458400 2 0.388299 0.410565 2
0.0 0.317742 0.254835 0.040648 0.188524 0.332082 0.180950 2 0.306112 0.285712 2 0.317603 0.309832 2
0.0 0.269500 0.449790 0.034518 0.229540 0.277053 0.350990 2 0.269510 0.436043 2 0.268880 0.556100 2
0.0 0.285834 0.456608 0.037630 0.164670 0.272599 0.527773 2 0.289855 0.459461 2 0.299657 0.382710 2
0.0 0.400998 0.691341 0.070669 0.201160 0.383344 0.600164 2 0.411786 0.680611 2 0.421503 0.775257 2
0.0 0.367925 0.662115 0.066579 0.176360 0.383344 0.600164 2 0.368248 0.679537 2 0.347144 0.740428 2
0.0 0.453769 0.708224 0.028239 0.201940 0.461398 0.633262 2 0.455272 0.722013 2 0.447460 0.787815 2
0.0 0.302192 0.632073 0.043428 0.193167 0.308249 0.713801 2 0.294436 0.630973 2 0.294131 0.560386 2
0.0 0.287838 0.718799 0.099065 0.211928 0.308249 0.713801 2 0.276743 0.762517 2 0.252231 0.635425 2
0.0 0.230583 0.749458 0.081905 0.171256 0.257971 0.829881 2 0.228603 0.746669 2 0.200320 0.688221 2
0.0 0.237151 0.584646 0.028945 0.193728 0.236853 0.669879 2 0.239244 0.596607 2 0.239795 0.517796 2
0.0 0.432154 0.966628 0.110682 0.066744 0.475832 1.000242 2 0.436431 0.973602 2 0.397390 0.950643 2