0 0.50313 0.09444 0.11146 0.10926 0.55156 0.13241 2 0.50521 0.06667 2 0.45729 0.06667 2 
0 0.46406 0.02685 0.12396 0.05000 0.40990 0.04537 2 0.46927 0.01667 2 0.51458 0.00648 2 
0 0.42448 0.21019 0.11510 0.08981 0.47708 0.20926 2 0.42083 0.23981 2 0.37031 0.23704 2 
0 0.41510 0.24537 0.08281 0.13889 0.45469 0.28889 2 0.42083 0.23981 2 0.44635 0.19259 2 
0 0.50625 0.28611 0.11510 0.03519 0.45469 0.28889 2 0.50000 0.28426 2 0.55729 0.28426 2 
0 0.51042 0.31944 0.09323 0.05648 0.47448 0.34167 2 0.50885 0.30556 2 0.55208 0.31852 2 
0 0.41302 0.39537 0.07500 0.14722 0.38854 0.45833 2 0.41719 0.38611 2 0.44531 0.33704 2 
0 0.36823 0.18148 0.03333 0.18981 0.37969 0.10648 2 0.35781 0.21296 2 0.37031 0.23704 2 
0 0.32760 0.37963 0.02552 0.23148 0.33125 0.27963 2 0.32708 0.36574 2 0.33125 0.48704 2 
0 0.34427 0.38611 0.03125 0.16574 0.33385 0.45833 2 0.34844 0.38889 2 0.35521 0.31111 2 
0 0.46927 0.62037 0.06302 0.20185 0.44792 0.52870 2 0.47969 0.60926 2 0.49323 0.70463 2 
0 0.43490 0.59167 0.05990 0.17685 0.44792 0.52870 2 0.43594 0.60926 2 0.41719 0.67130 2 
0 0.52292 0.63611 0.02031 0.20370 0.52760 0.56019 2 0.52500 0.65000 2 0.51979 0.71667 2 
0 0.36771 0.56296 0.03594 0.19444 0.37708 0.64537 2 0.35990 0.56204 2 0.35677 0.49074 2 
0 0.35677 0.65093 0.09115 0.21204 0.37708 0.64537 2 0.34740 0.69537 2 0.31771 0.56759 2 
0 0.30052 0.68333 0.07552 0.17130 0.33125 0.76389 2 0.29844 0.68056 2 0.26771 0.62222 2 
0 0.30052 0.51667 0.02135 0.19537 0.30365 0.60278 2 0.30312 0.52870 2 0.30052 0.44907 2 
0 0.51198 0.90833 0.10781 0.08611 0.55677 0.93056 2 0.51615 0.90463 2 0.47604 0.88241 2 
