0.0 0.404462 0.747594 0.065750 0.148806 0.378406 0.704979 2 0.407276 0.752833 2 0.424722 0.790023 2
0.0 0.379915 0.893460 0.075972 0.081029 0.347138 0.927392 2 0.382795 0.896907 2 0.407094 0.877905 2
0.0 0.349206 0.969368 0.107107 0.061263 0.301490 1.028336 2 0.345161 1.006031 2 0.395076 0.956074 2
0.0 0.572111 0.574505 0.036089 0.246955 0.577407 0.475249 2 0.569560 0.570758 2 0.562999 0.679170 2
0.0 0.510438 0.490647 0.090568 0.145810 0.473638 0.454893 2 0.515283 0.512103 2 0.470591 0.550694 2
0.0 0.566499 0.343944 0.063777 0.238629 0.543885 0.435033 2 0.575604 0.368521 2 0.547282 0.257550 2
0.0 0.558466 0.384537 0.032361 0.240484 0.555234 0.291449 2 0.556273 0.370931 2 0.554791 0.483985 2
0.0 0.505482 0.133986 0.101249 0.126932 0.545153 0.159790 2 0.505343 0.124171 2 0.462003 0.113578 2
0.0 0.503902 0.189435 0.077857 0.180906 0.475105 0.137916 2 0.505343 0.124171 2 0.528506 0.244707 2
0.0 0.499912 0.335185 0.022754 0.156843 0.502736 0.280134 2 0.498205 0.344478 2 0.493813 0.405236 2
0.0 0.514004 0.633180 0.054841 0.161409 0.497674 0.695743 2 0.514309 0.647177 2 0.537818 0.577870 2
0.0 0.434220 0.350090 0.099956 0.067128 0.471654 0.341125 2 0.440436 0.357834 2 0.388513 0.366727 2
0.0 0.376173 0.298811 0.099022 0.222001 0.410928 0.375787 2 0.376143 0.310249 2 0.414635 0.333864 2
0.0 0.444054 0.392287 0.084405 0.192670 0.473638 0.454893 2 0.440436 0.357834 2 0.449531 0.444582 2
0.0 0.405497 0.586801 0.051034 0.201018 0.423560 0.509323 2 0.408464 0.563621 2 0.385067 0.678108 2
0.0 0.435357 0.487167 0.034865 0.225292 0.423560 0.509323 2 0.438678 0.490477 2 0.436677 0.581533 2
0.0 0.453365 0.509112 0.028435 0.180759 0.454707 0.578634 2 0.451534 0.509576 2 0.449531 0.444582 2
0.0 0.524326 0.445589 0.053839 0.193906 0.534761 0.517634 2 0.529852 0.424282 2 0.509216 0.378326 2