0.0 0.629935 0.096501 0.101249 0.118995 0.671985 0.101507 2 0.619876 0.069263 2 0.585735 0.109540 2
0.0 0.551648 0.022132 0.108058 0.044264 0.514483 0.000259 2 0.567819 -0.005405 2 0.597301 -0.024180 2
0.0 0.469700 0.064317 0.093052 0.128633 0.429057 0.085643 2 0.474362 0.066367 2 0.508672 0.017280 2
0.0 0.476800 0.082071 0.124863 0.164143 0.507339 0.092631 2 0.474362 0.066367 2 0.423999 0.111892 2
0.0 0.457032 0.140993 0.112467 0.205779 0.437147 0.214740 2 0.473497 0.212986 2 0.408360 0.198321 2
0.0 0.477453 0.216655 0.097187 0.095675 0.437147 0.214740 2 0.509145 0.230641 2 0.511066 0.212783 2
0.0 0.501820 0.179695 0.076177 0.215174 0.507339 0.092631 2 0.509145 0.230641 2 0.498449 0.280898 2
0.0 0.490009 0.238318 0.112701 0.209189 0.448025 0.297781 2 0.509145 0.230641 2 0.517875 0.272213 2
0.0 0.471814 0.327495 0.107118 0.213163 0.425993 0.398987 2 0.484092 0.342274 2 0.517875 0.272213 2
0.0 0.431455 0.294818 0.066123 0.145401 0.406738 0.343607 2 0.438197 0.280356 2 0.459891 0.252014 2
0.0 0.523302 0.478861 0.073672 0.219768 0.542369 0.395168 2 0.514691 0.520376 2 0.496726 0.566255 2
0.0 0.581818 0.670013 0.123053 0.212374 0.555243 0.631100 2 0.583572 0.702562 2 0.609807 0.753308 2
0.0 0.524647 0.608749 0.101491 0.089449 0.555243 0.631100 2 0.524008 0.611565 2 0.484808 0.591269 2
0.0 0.476907 0.688069 0.087234 0.103379 0.506975 0.689456 2 0.475389 0.687511 2 0.444455 0.700685 2
0.0 0.529601 0.817299 0.057283 0.121502 0.515648 0.852374 2 0.541937 0.829143 2 0.546526 0.786880 2