0 0.59375 0.15185 0.04375 0.17315 0.57708 0.22778 2 0.60781 0.13241 2 0.58542 0.07593 2 
0 0.61146 0.46574 0.07760 0.18796 0.61823 0.50370 2 0.62500 0.47037 2 0.64427 0.55000 2 
0 0.58490 0.58981 0.08281 0.19630 0.61823 0.50370 2 0.57292 0.65000 2 0.55052 0.68148 2 
0 0.58177 0.62870 0.11875 0.07593 0.63490 0.64074 2 0.57292 0.65000 2 0.53021 0.61019 2 
0 0.42865 0.53148 0.12760 0.05278 0.37708 0.53148 2 0.43177 0.52500 2 0.48385 0.54537 2 
0 0.29479 0.56944 0.03073 0.21296 0.29844 0.66759 2 0.28490 0.55741 2 0.29792 0.48611 2 
0 0.50052 0.32130 0.03333 0.22963 0.49844 0.22500 2 0.50104 0.35370 2 0.51146 0.42778 2 
0 0.36354 0.39352 0.05104 0.16111 0.34583 0.47037 2 0.37188 0.39352 2 0.38385 0.34167 2 
0 0.48542 0.75278 0.09479 0.03981 0.52812 0.75648 2 0.47865 0.75000 2 0.44375 0.74537 2 
0 0.31667 0.38056 0.03229 0.18704 0.31042 0.45833 2 0.31771 0.37037 2 0.32917 0.30185 2 
0 0.31615 0.24815 0.06875 0.15926 0.31042 0.20093 2 0.32240 0.23426 2 0.32917 0.30185 2 
0 0.35365 0.13148 0.10677 0.15463 0.31042 0.20093 2 0.36250 0.11111 2 0.36979 0.20463 2 
0 0.44479 0.10556 0.10990 0.08056 0.49062 0.13056 2 0.40521 0.13981 2 0.39844 0.07407 2 
0 0.40937 0.16944 0.10781 0.09630 0.45937 0.17500 2 0.40521 0.13981 2 0.36979 0.20463 2 
0 0.46823 0.07593 0.11563 0.09444 0.51458 0.04537 2 0.43542 0.09907 2 0.41823 0.11389 2 
