0.0 0.406250 0.151850 0.043750 0.173150 0.422399 0.227780 2 0.391669 0.132410 2 0.414059 0.075930 2
0.0 0.388540 0.465740 0.077600 0.187960 0.381249 0.503700 2 0.374479 0.470370 2 0.355209 0.550000 2
0.0 0.415100 0.589810 0.082810 0.196300 0.381249 0.503700 2 0.426559 0.650000 2 0.448959 0.681480 2
0.0 0.418230 0.628700 0.118750 0.075930 0.364579 0.640740 2 0.426559 0.650000 2 0.469269 0.610190 2
0.0 0.571350 0.531480 0.127600 0.052780 0.622399 0.531480 2 0.567709 0.525000 2 0.515629 0.545370 2
0.0 0.705210 0.569440 0.030730 0.212960 0.701039 0.667590 2 0.714579 0.557410 2 0.701559 0.486110 2
0.0 0.499480 0.321300 0.033330 0.229630 0.501039 0.225000 2 0.498439 0.353700 2 0.488019 0.427780 2
0.0 0.636460 0.393520 0.051040 0.161110 0.653649 0.470370 2 0.627599 0.393520 2 0.615629 0.341670 2
0.0 0.514580 0.752780 0.094790 0.039810 0.471359 0.756480 2 0.520829 0.750000 2 0.555729 0.745370 2
0.0 0.683330 0.380560 0.032290 0.187040 0.689059 0.458330 2 0.681769 0.370370 2 0.670309 0.301850 2
0.0 0.683850 0.248150 0.068750 0.159260 0.689059 0.200930 2 0.677079 0.234260 2 0.670309 0.301850 2
0.0 0.646350 0.131480 0.106770 0.154630 0.689059 0.200930 2 0.636979 0.111110 2 0.629689 0.204630 2
0.0 0.555210 0.105560 0.109900 0.080560 0.508859 0.130560 2 0.594269 0.139810 2 0.601039 0.074070 2
0.0 0.590630 0.169440 0.107810 0.096300 0.540109 0.175000 2 0.594269 0.139810 2 0.629689 0.204630 2
0.0 0.531770 0.075930 0.115630 0.094440 0.484899 0.045370 2 0.564059 0.099070 2 0.581249 0.113890 2