0.0 0.610875 0.071596 0.157049 0.143192 0.544532 0.009474 2 0.629874 0.000651 2 0.580241 0.122795 2
0.0 0.427337 0.033092 0.140863 0.066184 0.373914 0.030304 2 0.447821 -0.040607 2 0.490221 -0.010945 2
0.0 0.442927 0.178793 0.074663 0.170179 0.433152 0.117777 2 0.458903 0.178887 2 0.441538 0.245215 2
0.0 0.444986 0.288462 0.136610 0.237870 0.419104 0.391001 2 0.453346 0.273707 2 0.476044 0.188065 2
0.0 0.484263 0.212321 0.144811 0.241925 0.493475 0.225059 2 0.453346 0.273707 2 0.476044 0.188065 2
0.0 0.532910 0.176892 0.126905 0.138003 0.493475 0.225059 2 0.554643 0.171407 2 0.476044 0.188065 2
0.0 0.637107 0.412016 0.083849 0.263082 0.608576 0.313714 2 0.654965 0.456211 2 0.657137 0.528127 2
0.0 0.630102 0.344047 0.084221 0.237486 0.608576 0.313714 2 0.645686 0.354072 2 0.664782 0.434214 2
0.0 0.715227 0.178167 0.123178 0.282335 0.706567 0.304906 2 0.724663 0.159550 2 0.721849 0.049249 2
0.0 0.774228 0.341142 0.103883 0.251693 0.780815 0.232699 2 0.774176 0.363698 2 0.771976 0.456519 2
0.0 0.798663 0.702337 0.137750 0.179432 0.836439 0.630242 2 0.810375 0.717900 2 0.760029 0.786631 2
0.0 0.590397 0.650849 0.127166 0.296364 0.547652 0.559941 2 0.627868 0.671529 2 0.598601 0.670652 2
0.0 0.572212 0.513096 0.105129 0.189154 0.530488 0.471103 2 0.584837 0.527034 2 0.619801 0.563274 2
0.0 0.557420 0.609112 0.096280 0.198040 0.518599 0.560006 2 0.572260 0.642185 2 0.598601 0.670652 2
0.0 0.511814 0.535056 0.069063 0.176008 0.509121 0.468754 2 0.508061 0.528607 2 0.512327 0.613276 2
0.0 0.306511 0.491491 0.081750 0.260169 0.328316 0.601172 2 0.296698 0.439114 2 0.288321 0.379509 2
0.0 0.331605 0.446410 0.093985 0.228318 0.338041 0.540464 2 0.331706 0.422584 2 0.329942 0.352565 2
0.0 0.410038 0.520293 0.084371 0.235912 0.429383 0.618509 2 0.403768 0.499179 2 0.409340 0.416187 2