0.0 0.248604 0.501914 0.042111 0.233926 0.258511 0.399789 2 0.234533 0.496378 2 0.240197 0.607103 2
0.0 0.243888 0.390172 0.040090 0.182871 0.258511 0.399789 2 0.238566 0.389242 2 0.231072 0.468393 2
0.0 0.397395 0.277293 0.074882 0.155979 0.419619 0.212939 2 0.382720 0.265799 2 0.367903 0.340106 2
0.0 0.402565 0.294608 0.108554 0.213145 0.419619 0.212939 2 0.382720 0.265799 2 0.354608 0.395109 2
0.0 0.452609 0.133102 0.118585 0.097893 0.503592 0.156601 2 0.458330 0.131220 2 0.394466 0.113242 2
0.0 0.514122 0.083957 0.091855 0.098613 0.551749 0.113130 2 0.505093 0.066339 2 0.472315 0.063118 2
0.0 0.504301 0.190314 0.061756 0.098784 0.529376 0.217249 2 0.498004 0.188695 2 0.473802 0.158082 2
0.0 0.480625 0.510181 0.092768 0.212245 0.515379 0.423847 2 0.499079 0.426550 2 0.476838 0.467453 2
0.0 0.336227 0.552298 0.099394 0.185835 0.376581 0.619973 2 0.324214 0.553357 2 0.292252 0.496332 2
0.0 0.520035 0.532204 0.111455 0.122502 0.565778 0.488191 2 0.516426 0.543985 2 0.470609 0.584469 2
0.0 0.606589 0.484096 0.051863 0.197719 0.619823 0.403929 2 0.603185 0.506228 2 0.590086 0.570724 2
0.0 0.549172 0.382822 0.085130 0.166275 0.581247 0.445812 2 0.549196 0.384474 2 0.525450 0.329555 2
0.0 0.600957 0.351733 0.030792 0.171878 0.608515 0.415321 2 0.597326 0.339278 2 0.598876 0.274967 2
0.0 0.497812 0.295267 0.092409 0.125360 0.542921 0.337044 2 0.483477 0.300160 2 0.525450 0.329555 2
0.0 0.489138 0.317477 0.097968 0.140032 0.526519 0.357946 2 0.483477 0.300160 2 0.525450 0.329555 2
0.0 0.499445 0.420496 0.061863 0.103964 0.515379 0.423847 2 0.499079 0.426550 2 0.476838 0.467453 2