0.0 0.585940 0.169440 0.127080 0.054630 0.527600 0.161110 2 0.597400 0.168520 2 0.646870 0.187960 2
0.0 0.436980 0.308330 0.050000 0.199070 0.456770 0.223150 2 0.431770 0.329630 2 0.422400 0.384260 2
0.0 0.346350 0.165740 0.110940 0.171300 0.296880 0.237040 2 0.356770 0.158330 2 0.390620 0.089810 2
0.0 0.382290 0.324070 0.068230 0.229630 0.359900 0.225930 2 0.377080 0.346300 2 0.413020 0.432410 2
0.0 0.394790 0.200930 0.105730 0.116670 0.346350 0.249070 2 0.356770 0.158330 2 0.439580 0.162960 2
0.0 0.296350 0.432410 0.065630 0.200930 0.275000 0.500000 2 0.315620 0.446300 2 0.315620 0.529630 2
0.0 0.534900 0.758330 0.100000 0.121300 0.579690 0.710190 2 0.576040 0.743520 2 0.495830 0.802780 2
0.0 0.570310 0.708330 0.032290 0.206480 0.579690 0.710190 2 0.576040 0.743520 2 0.578650 0.801850 2
0.0 0.648440 0.787960 0.107810 0.075930 0.693230 0.813890 2 0.630210 0.786110 2 0.602600 0.769440 2
0.0 0.381770 0.471300 0.029690 0.216670 0.390620 0.376850 2 0.373960 0.476850 2 0.385940 0.571300 2
0.0 0.359900 0.490740 0.042710 0.223150 0.345830 0.394440 2 0.373960 0.476850 2 0.374480 0.593520 2
0.0 0.359380 0.558330 0.034380 0.167590 0.370310 0.625930 2 0.373960 0.476850 2 0.374480 0.593520 2
0.0 0.290630 0.553700 0.044270 0.154630 0.275000 0.500000 2 0.296880 0.588890 2 0.304690 0.622220 2