0.0 0.478698 0.103762 0.081844 0.207524 0.491609 0.164095 2 0.458626 0.088381 2 0.459059 0.176323 2
0.0 0.522215 0.062186 0.086065 0.124372 0.556708 0.046768 2 0.512361 0.071522 2 0.489337 0.083470 2
0.0 0.539444 0.120297 0.136006 0.122394 0.597429 0.141938 2 0.530916 0.116115 2 0.489337 0.083470 2
0.0 0.585247 0.165439 0.134707 0.162220 0.597429 0.141938 2 0.530916 0.116115 2 0.646674 0.162003 2
0.0 0.656296 0.332901 0.115643 0.203297 0.618672 0.256022 2 0.675510 0.317127 2 0.697573 0.428543 2
0.0 0.660865 0.434320 0.049730 0.241091 0.655108 0.531661 2 0.662330 0.431133 2 0.659549 0.329593 2
0.0 0.515031 0.419471 0.118476 0.162376 0.472859 0.353683 2 0.522645 0.433879 2 0.553069 0.478366 2
0.0 0.491556 0.575675 0.059756 0.232102 0.482860 0.480588 2 0.496254 0.576206 2 0.496105 0.677270 2
0.0 0.351889 0.346224 0.093096 0.211516 0.376362 0.298055 2 0.370017 0.355696 2 0.354118 0.360972 2
0.0 0.391455 0.374750 0.071575 0.194848 0.376362 0.298055 2 0.389979 0.397922 2 0.370287 0.432208 2
0.0 0.446617 0.235815 0.103615 0.256450 0.472859 0.353683 2 0.435542 0.246836 2 0.405482 0.310910 2
0.0 0.415324 0.141350 0.063597 0.196405 0.440691 0.083318 2 0.410299 0.170951 2 0.393178 0.130192 2
0.0 0.355384 0.207662 0.107253 0.266784 0.376362 0.298055 2 0.366201 0.206155 2 0.393178 0.130192 2
0.0 0.347820 0.471083 0.063627 0.263269 0.346476 0.578943 2 0.337519 0.453609 2 0.354118 0.360972 2
0.0 0.587813 0.859252 0.063342 0.235820 0.613335 0.779631 2 0.583686 0.865584 2 0.561453 0.948112 2
0.0 0.709194 0.915243 0.117983 0.108453 0.761552 0.940188 2 0.683940 0.905592 2 0.660044 0.880957 2