0.0 0.382121 0.069221 0.073447 0.138442 0.405135 0.100189 2 0.365625 0.038926 2 0.378843 0.121091 2
0.0 0.416432 0.021992 0.079370 0.043984 0.444154 -0.028517 2 0.409515 0.007535 2 0.391399 0.025405 2
0.0 0.439969 0.045411 0.126662 0.077880 0.493180 0.048705 2 0.432033 0.043870 2 0.391399 0.025405 2
0.0 0.486073 0.074341 0.124804 0.117733 0.493180 0.048705 2 0.432033 0.043870 2 0.538589 0.053170 2
0.0 0.571819 0.210395 0.106129 0.164484 0.528167 0.149285 2 0.586121 0.189945 2 0.621426 0.287791 2
0.0 0.590574 0.303969 0.043209 0.222906 0.599857 0.396623 2 0.591404 0.300456 2 0.574174 0.206249 2
0.0 0.462607 0.332455 0.109454 0.123058 0.416653 0.283044 2 0.471311 0.343619 2 0.504053 0.376406 2
0.0 0.465173 0.485444 0.052831 0.210811 0.443815 0.398889 2 0.469335 0.484470 2 0.483967 0.579083 2
0.0 0.311181 0.311324 0.084680 0.179804 0.325288 0.259033 2 0.328234 0.314814 2 0.315290 0.324372 2
0.0 0.349478 0.326520 0.064595 0.170154 0.325288 0.259033 2 0.351621 0.348526 2 0.339643 0.386331 2
0.0 0.376768 0.180482 0.093916 0.220951 0.416653 0.283044 2 0.368857 0.193907 2 0.352285 0.262599 2
0.0 0.335977 0.101180 0.057027 0.174237 0.349415 0.039400 2 0.335998 0.130235 2 0.315276 0.097070 2
0.0 0.293958 0.180650 0.097192 0.230026 0.325288 0.259033 2 0.303100 0.175991 2 0.315276 0.097070 2
0.0 0.325908 0.429343 0.055998 0.240442 0.340535 0.530558 2 0.314502 0.415880 2 0.315290 0.324372 2
0.0 0.589623 0.722826 0.056163 0.213350 0.600041 0.640800 2 0.587020 0.729845 2 0.579895 0.813532 2
0.0 0.702506 0.739946 0.109840 0.069816 0.751344 0.747967 2 0.679344 0.738148 2 0.655133 0.722040 2