0.0 0.717346 0.396949 0.130305 0.157727 0.766910 0.420538 2 0.726106 0.389736 2 0.671539 0.363570 2
0.0 0.701357 0.557414 0.057566 0.198398 0.680152 0.642790 2 0.712146 0.525596 2 0.723034 0.474907 2
0.0 0.723175 0.596258 0.061464 0.212076 0.702313 0.688121 2 0.733633 0.573631 2 0.736284 0.515818 2
0.0 0.765033 0.519468 0.043352 0.181236 0.749474 0.589739 2 0.763507 0.514899 2 0.777389 0.444226 2
0.0 0.588549 0.669656 0.116091 0.171907 0.642763 0.595987 2 0.599881 0.669826 2 0.583046 0.728291 2
0.0 0.610789 0.649791 0.060440 0.183685 0.633370 0.573582 2 0.599881 0.669826 2 0.583046 0.728291 2
0.0 0.621676 0.489388 0.062790 0.170454 0.646216 0.421588 2 0.601857 0.489324 2 0.597458 0.564224 2
0.0 0.550830 0.694735 0.070063 0.199301 0.531180 0.626968 2 0.556245 0.717513 2 0.534487 0.739693 2
0.0 0.449211 0.716587 0.032644 0.198253 0.446859 0.640525 2 0.445173 0.718628 2 0.454326 0.794738 2
0.0 0.437335 0.590248 0.091983 0.178639 0.446859 0.640525 2 0.431048 0.592228 2 0.402126 0.545878 2
0.0 0.279265 0.779600 0.085361 0.215180 0.244930 0.711005 2 0.278100 0.796353 2 0.306721 0.851054 2
0.0 0.491212 0.258638 0.127865 0.121430 0.432921 0.304531 2 0.489716 0.253231 2 0.546753 0.210919 2
0.0 0.549856 0.172069 0.116856 0.098755 0.500182 0.167209 2 0.547566 0.172702 2 0.595864 0.168809 2
0.0 0.590227 0.136199 0.149804 0.132944 0.523758 0.126278 2 0.586381 0.117561 2 0.595864 0.168809 2
0.0 0.667980 0.226318 0.084578 0.209144 0.653728 0.292025 2 0.628764 0.261661 2 0.668967 0.309165 2
0.0 0.628995 0.255129 0.098171 0.177426 0.653728 0.292025 2 0.628764 0.261661 2 0.668967 0.309165 2
0.0 0.559492 0.266163 0.105233 0.137728 0.588803 0.207483 2 0.565227 0.264093 2 0.516939 0.236632 2
0.0 0.656370 0.359739 0.029680 0.179099 0.646216 0.421588 2 0.656452 0.373596 2 0.651861 0.437843 2
0.0 0.685641 0.286368 0.052595 0.154646 0.668574 0.241660 2 0.678499 0.296056 2 0.668967 0.309165 2