0 0.64323 0.06852 0.10052 0.06667 0.60156 0.05000 2 0.65208 0.05370 2 0.63750 0.07593 2 
0 0.62917 0.16111 0.04583 0.19444 0.62240 0.18241 2 0.63854 0.17593 2 0.63750 0.07593 2 
0 0.59062 0.13056 0.08281 0.13981 0.62240 0.18241 2 0.59583 0.11204 2 0.55833 0.07407 2 
0 0.55156 0.22593 0.10156 0.05000 0.51198 0.23981 2 0.54479 0.22315 2 0.59062 0.20648 2 
0 0.59115 0.42407 0.07292 0.18519 0.56354 0.50556 2 0.61719 0.43241 2 0.61302 0.34630 2 
0 0.57604 0.79537 0.04271 0.09074 0.58906 0.76481 2 0.58542 0.81667 2 0.56094 0.83333 2 
0 0.40156 0.66389 0.10573 0.11944 0.44635 0.70278 2 0.38854 0.66481 2 0.42240 0.66667 2 
0 0.41042 0.58704 0.02917 0.18704 0.40521 0.51296 2 0.41667 0.61204 2 0.42240 0.66667 2 
0 0.43438 0.44352 0.03594 0.20833 0.42760 0.53148 2 0.44115 0.44907 2 0.45000 0.35556 2 
0 0.32031 0.51204 0.04531 0.17130 0.30573 0.44074 2 0.31979 0.52870 2 0.33854 0.58333 2 
0 0.33333 0.34630 0.03906 0.23148 0.32240 0.44444 2 0.33177 0.34444 2 0.34740 0.24630 2 
0 0.37396 0.18981 0.07500 0.14259 0.40208 0.24907 2 0.39844 0.15648 2 0.34479 0.14630 2 
0 0.46771 0.23333 0.06875 0.16944 0.44115 0.31019 2 0.47865 0.24907 2 0.49688 0.16667 2 
0 0.42656 0.09907 0.11615 0.04722 0.38125 0.09907 2 0.42917 0.10833 2 0.46927 0.09444 2 
0 0.46146 0.05926 0.09948 0.07037 0.42188 0.03611 2 0.45677 0.06667 2 0.50104 0.08519 2 
0 0.52031 0.08519 0.09219 0.07222 0.48125 0.05926 2 0.52396 0.07593 2 0.55833 0.07407 2 
0 0.49740 0.73333 0.08385 0.08148 0.53177 0.70556 2 0.48646 0.75741 2 0.46198 0.75185 2 
0 0.35052 0.71759 0.10052 0.16852 0.39531 0.78519 2 0.33125 0.73148 2 0.31042 0.64352 2 
