0.0 0.570310 0.078700 0.101560 0.030560 0.526040 0.087960 2 0.585420 0.070370 2 0.619790 0.087040 2
0.0 0.491150 0.049070 0.103120 0.043520 0.445310 0.049070 2 0.515620 0.036110 2 0.540100 0.054630 2
0.0 0.435420 0.189810 0.082810 0.097220 0.469270 0.225930 2 0.433330 0.154630 2 0.401040 0.179630 2
0.0 0.532810 0.217590 0.080210 0.156480 0.504690 0.277780 2 0.542190 0.217590 2 0.569270 0.161110 2
0.0 0.507810 0.327780 0.148960 0.106480 0.442190 0.373150 2 0.514060 0.305560 2 0.579690 0.284260 2
0.0 0.539580 0.398150 0.108850 0.176850 0.585420 0.410190 2 0.555730 0.388890 2 0.589580 0.325000 2
0.0 0.556250 0.498150 0.065100 0.208330 0.585420 0.410190 2 0.559900 0.528700 2 0.536980 0.590740 2
0.0 0.490100 0.676850 0.113540 0.057410 0.440620 0.657410 2 0.501040 0.676850 2 0.541150 0.697220 2
0.0 0.516150 0.769440 0.090100 0.078700 0.556770 0.774070 2 0.501040 0.794440 2 0.477080 0.751850 2
0.0 0.543750 0.841670 0.109900 0.120370 0.592190 0.797220 2 0.546880 0.877780 2 0.492710 0.878700 2
0.0 0.492190 0.914810 0.113540 0.060190 0.542190 0.937040 2 0.482290 0.909260 2 0.438540 0.900000 2
0.0 0.300000 0.459260 0.025000 0.223150 0.305730 0.562040 2 0.297920 0.460190 2 0.292710 0.373150 2
0.0 0.329170 0.177780 0.081250 0.162040 0.292710 0.239810 2 0.334370 0.161110 2 0.342190 0.230560 2
0.0 0.404690 0.163890 0.079690 0.175930 0.435940 0.087040 2 0.433330 0.154630 2 0.401040 0.179630 2
0.0 0.401040 0.300000 0.064580 0.122220 0.379690 0.258330 2 0.411460 0.315740 2 0.000000 0.000000 0
0.0 0.361460 0.388890 0.030730 0.194440 0.367190 0.305560 2 0.359380 0.402780 2 0.351560 0.474070 2
0.0 0.314580 0.258330 0.062500 0.179630 0.288540 0.334260 2 0.318230 0.259260 2 0.342190 0.230560 2
0.0 0.322920 0.319440 0.038540 0.225930 0.311460 0.415740 2 0.318230 0.259260 2 0.000000 0.000000 0
0.0 0.373440 0.702780 0.096880 0.175930 0.418230 0.780560 2 0.371350 0.707410 2 0.338020 0.636110 2