0 0.56302 0.13333 0.11094 0.08796 0.61198 0.16389 2 0.57031 0.11667 2 0.51615 0.10463 2 
0 0.46458 0.07778 0.13906 0.04259 0.40208 0.08241 2 0.46510 0.07407 2 0.52500 0.08241 2 
0 0.43958 0.15185 0.05937 0.10000 0.45156 0.11111 2 0.45312 0.18519 2 0.41719 0.17963 2 
0 0.48802 0.20185 0.11615 0.08519 0.43698 0.22778 2 0.49479 0.17500 2 0.54115 0.19722 2 
0 0.43021 0.27315 0.04271 0.13333 0.42604 0.21852 2 0.41979 0.27963 2 0.44479 0.33519 2 
0 0.36927 0.14815 0.07135 0.12037 0.33854 0.19444 2 0.38073 0.13241 2 0.39583 0.10185 2 
0 0.30990 0.22222 0.07708 0.18056 0.31771 0.27963 2 0.33281 0.31019 2 0.34219 0.26111 2 
0 0.32812 0.28611 0.03646 0.08981 0.31771 0.27963 2 0.33281 0.31019 2 0.34219 0.26111 2 
0 0.28177 0.41111 0.02865 0.21111 0.27917 0.50093 2 0.28750 0.38889 2 0.28906 0.32315 2 
0 0.34219 0.43333 0.09219 0.18056 0.30469 0.50833 2 0.33385 0.38889 2 0.38490 0.35185 2 
0 0.33854 0.52778 0.03281 0.21667 0.33698 0.61944 2 0.34115 0.48704 2 0.35156 0.43241 2 
0 0.36354 0.49907 0.03073 0.17870 0.35781 0.57407 2 0.36354 0.50000 2 0.37708 0.42037 2 
0 0.42552 0.42593 0.10573 0.10648 0.38229 0.46759 2 0.42344 0.41944 2 0.47448 0.38611 2 
0 0.51562 0.66667 0.04323 0.18981 0.50104 0.58426 2 0.51302 0.67222 2 0.50000 0.75648 2 
0 0.59167 0.60278 0.07969 0.15648 0.62656 0.53611 2 0.59323 0.60278 2 0.55990 0.66389 2 
0 0.78542 0.64352 0.04531 0.20648 0.80521 0.55556 2 0.78698 0.65463 2 0.76719 0.73519 2 
0 0.51979 0.80926 0.05104 0.13796 0.51302 0.86667 2 0.53958 0.81111 2 0.50000 0.75648 2 
