0.0 0.502636 0.125898 0.107701 0.085453 0.546652 0.155957 2 0.510217 0.110762 2 0.460392 0.097586 2
0.0 0.413761 0.070855 0.131611 0.044616 0.355294 0.072732 2 0.414390 0.067422 2 0.469745 0.077399 2
0.0 0.386774 0.138317 0.060287 0.094615 0.399928 0.101119 2 0.397671 0.169599 2 0.364495 0.163099 2
0.0 0.429373 0.186336 0.112413 0.083092 0.380510 0.208322 2 0.436980 0.161769 2 0.479033 0.184052 2
0.0 0.371976 0.249995 0.046444 0.124766 0.370787 0.199354 2 0.361908 0.255558 2 0.382403 0.307823 2
0.0 0.321494 0.132230 0.072462 0.113883 0.290522 0.173792 2 0.332911 0.118102 2 0.348501 0.090450 2
0.0 0.262506 0.198387 0.080811 0.169693 0.266861 0.251683 2 0.279391 0.280481 2 0.290582 0.235507 2
0.0 0.276271 0.258088 0.038445 0.084333 0.266861 0.251683 2 0.279391 0.280481 2 0.290582 0.235507 2
0.0 0.226855 0.371779 0.037248 0.196070 0.219895 0.454614 2 0.233261 0.351449 2 0.238006 0.290790 2
0.0 0.281999 0.394596 0.094880 0.170267 0.243286 0.462417 2 0.276418 0.353209 2 0.325805 0.320937 2
0.0 0.273871 0.481692 0.041399 0.201364 0.267787 0.566265 2 0.278300 0.444138 2 0.290728 0.394076 2
0.0 0.298586 0.456124 0.037561 0.166215 0.289454 0.525152 2 0.298498 0.456958 2 0.315093 0.383925 2
0.0 0.359958 0.390925 0.103777 0.102360 0.317579 0.427736 2 0.358305 0.384826 2 0.407497 0.355980 2
0.0 0.431794 0.616695 0.049757 0.176951 0.422305 0.540001 2 0.429054 0.621697 2 0.412712 0.699025 2
0.0 0.505804 0.560573 0.082035 0.147551 0.541587 0.500295 2 0.507215 0.560607 2 0.473122 0.615783 2
0.0 0.684164 0.605557 0.052528 0.192427 0.706954 0.525042 2 0.685019 0.615852 2 0.662558 0.689506 2
0.0 0.428537 0.748550 0.054432 0.129359 0.419317 0.801292 2 0.446829 0.750985 2 0.412712 0.699025 2