0 0.77604 0.24444 0.07500 0.21481 0.74687 0.14907 2 0.78281 0.25556 2 0.80990 0.33889 2 
0 0.54271 0.21481 0.11615 0.04722 0.59323 0.22130 2 0.53958 0.20648 2 0.48802 0.21111 2 
0 0.55000 0.08611 0.12396 0.04907 0.49479 0.08796 2 0.56146 0.08241 2 0.61042 0.09444 2 
0 0.43646 0.12315 0.08958 0.11852 0.46927 0.07130 2 0.42604 0.12500 2 0.39792 0.16852 2 
0 0.44740 0.48796 0.05885 0.17130 0.45156 0.51204 2 0.45990 0.49074 2 0.47396 0.55833 2 
0 0.46615 0.61111 0.04844 0.23519 0.48906 0.62593 2 0.47135 0.64074 2 0.47396 0.55833 2 
0 0.53438 0.58704 0.11719 0.10278 0.48906 0.62593 2 0.54271 0.59630 2 0.58802 0.55093 2 
0 0.43802 0.58519 0.05677 0.16852 0.45156 0.51204 2 0.44479 0.59259 2 0.46094 0.66019 2 
0 0.39635 0.48796 0.03021 0.20833 0.40781 0.58148 2 0.40365 0.48426 2 0.39167 0.39907 2 
0 0.34687 0.24352 0.05000 0.16204 0.36719 0.17778 2 0.37031 0.24444 2 0.32708 0.18056 2 
0 0.36406 0.25278 0.04635 0.18981 0.35052 0.34167 2 0.37031 0.24444 2 0.38333 0.17037 2 
0 0.29792 0.28241 0.07240 0.21296 0.26771 0.37963 2 0.29792 0.27778 2 0.28854 0.36759 2 
0 0.27344 0.45278 0.03542 0.20278 0.26615 0.54167 2 0.27813 0.45556 2 0.28854 0.36759 2 
0 0.30052 0.65833 0.04792 0.20741 0.31771 0.75185 2 0.29531 0.63796 2 0.28594 0.57500 2 
0 0.32031 0.51389 0.04375 0.26574 0.33437 0.62685 2 0.31406 0.48889 2 0.31406 0.40556 2 
0 0.40208 0.64444 0.03490 0.14444 0.40781 0.58148 2 0.40260 0.65556 2 0.41458 0.70000 2 
0 0.36302 0.51389 0.05052 0.12130 0.35573 0.55741 2 0.35521 0.49815 2 0.37656 0.47407 2 
