0 0.72448 0.12778 0.09948 0.17037 0.68385 0.05370 2 0.73906 0.14259 2 0.77083 0.20185 2 
0 0.60625 0.23889 0.11875 0.05000 0.65729 0.24907 2 0.59844 0.23241 2 0.55573 0.23426 2 
0 0.47604 0.74537 0.10781 0.19722 0.51979 0.67407 2 0.51302 0.73981 2 0.50521 0.78333 2 
0 0.51250 0.72500 0.02500 0.13981 0.51979 0.67407 2 0.51302 0.73981 2 0.50521 0.78333 2 
0 0.50885 0.08056 0.09323 0.08519 0.55052 0.04907 2 0.50365 0.09259 2 0.49479 0.07037 2 
0 0.44479 0.10556 0.11198 0.09630 0.39948 0.13796 2 0.45417 0.09722 2 0.49479 0.07037 2 
0 0.41510 0.38519 0.04896 0.24444 0.39948 0.28519 2 0.41146 0.41111 2 0.43438 0.50000 2 
0 0.41042 0.39074 0.09583 0.13241 0.37812 0.44167 2 0.41146 0.41111 2 0.45312 0.45093 2 
0 0.34219 0.34444 0.04271 0.18241 0.32865 0.42500 2 0.34219 0.33241 2 0.35781 0.26296 2 
0 0.27240 0.42870 0.02448 0.24722 0.26771 0.53704 2 0.27917 0.41111 2 0.27917 0.31389 2 
0 0.27917 0.55370 0.02396 0.20093 0.27917 0.63889 2 0.28490 0.54074 2 0.28490 0.47500 2 
0 0.32760 0.72315 0.07344 0.15278 0.35521 0.78056 2 0.30990 0.73056 2 0.29844 0.66944 2 
0 0.37708 0.52315 0.02240 0.19815 0.37812 0.44167 2 0.38125 0.53333 2 0.37708 0.61759 2 
0 0.37917 0.61111 0.06406 0.12963 0.40521 0.66204 2 0.36615 0.61296 2 0.35052 0.56296 2 
