0.0 0.725519 0.252566 0.108037 0.209212 0.771271 0.330348 2 0.723226 0.235110 2 0.683267 0.180479 2
0.0 0.494095 0.650883 0.108068 0.218456 0.450030 0.569662 2 0.508779 0.647084 2 0.540142 0.724391 2
0.0 0.538796 0.820457 0.112667 0.122805 0.590869 0.850720 2 0.532355 0.794306 2 0.494398 0.796164 2
0.0 0.590755 0.823341 0.151648 0.176321 0.652259 0.754947 2 0.600462 0.878399 2 0.545651 0.877108 2
0.0 0.441276 0.750301 0.104738 0.142875 0.478504 0.701215 2 0.446079 0.785228 2 0.411360 0.808588 2
0.0 0.475109 0.253230 0.048737 0.250448 0.466140 0.145418 2 0.482285 0.279284 2 0.484860 0.361983 2
0.0 0.523554 0.053538 0.080556 0.102395 0.555204 0.089738 2 0.508750 0.026841 2 0.492685 0.044607 2
0.0 0.569175 0.045931 0.117523 0.091862 0.614877 0.003773 2 0.559151 0.051080 2 0.525230 0.077463 2
0.0 0.428285 0.053723 0.142055 0.107447 0.534782 -0.054914 2 0.622943 -0.061987 2 0.665704 -0.054216 2
0.0 0.430055 0.184816 0.075749 0.238063 0.446324 0.080683 2 0.391706 0.020376 2 0.374135 0.095290 2
0.0 0.358205 0.248843 0.082840 0.205514 0.446324 0.080683 2 0.423325 0.198730 2 0.414368 0.286766 2
0.0 0.337993 0.302132 0.112443 0.102225 0.379780 0.161626 2 0.349311 0.274751 2 0.391267 0.323742 2
0.0 0.333094 0.512609 0.083322 0.299047 0.297131 0.339305 2 0.349311 0.274751 2 0.391267 0.323742 2
0.0 0.282231 0.472660 0.050747 0.220018 0.305888 0.398735 2 0.344876 0.545169 2 0.310777 0.622115 2
0.0 0.284380 0.637586 0.064262 0.265683 0.269213 0.392983 2 0.287441 0.513823 2 0.304518 0.564321 2
0.0 0.319605 0.683632 0.047728 0.157848 0.303512 0.753005 2 0.290754 0.598498 2 0.263847 0.525621 2
0.0 0.358516 0.722662 0.087501 0.197140 0.323139 0.744056 2 0.325396 0.662555 2 0.310777 0.622115 2