0 0.69271 0.31296 0.08438 0.17037 0.72813 0.38889 2 0.69167 0.29722 2 0.65990 0.24259 2 
0 0.46667 0.62500 0.08385 0.17870 0.43281 0.54630 2 0.47969 0.62407 2 0.50260 0.69722 2 
0 0.49583 0.78148 0.09375 0.09167 0.53958 0.81667 2 0.49167 0.75741 2 0.45833 0.75278 2 
0 0.54115 0.79259 0.12552 0.13333 0.59896 0.74259 2 0.54635 0.84259 2 0.49844 0.83241 2 
0 0.41458 0.70370 0.08542 0.11111 0.45000 0.66667 2 0.41667 0.73519 2 0.38490 0.75000 2 
0 0.47344 0.27222 0.02865 0.21759 0.47187 0.17593 2 0.47813 0.29630 2 0.47552 0.36944 2 
0 0.52760 0.10463 0.06615 0.07870 0.55312 0.14167 2 0.51615 0.07870 2 0.50104 0.09167 2 
0 0.56823 0.10185 0.09948 0.07037 0.61042 0.07593 2 0.55885 0.10833 2 0.52760 0.12593 2 
0 0.59896 0.02315 0.12656 0.04167 0.54375 0.01111 2 0.62135 0.01944 2 0.65833 0.03333 2 
0 0.44531 0.07222 0.11875 0.10741 0.45833 0.11574 2 0.41406 0.05370 2 0.39427 0.11667 2 
0 0.43802 0.20463 0.05365 0.20185 0.45833 0.11574 2 0.43125 0.21574 2 0.41823 0.29167 2 
0 0.37135 0.24907 0.06198 0.17130 0.39531 0.17593 2 0.36198 0.27037 2 0.39583 0.32037 2 
0 0.35052 0.29259 0.09479 0.07315 0.31250 0.31852 2 0.36198 0.27037 2 0.39583 0.32037 2 
0 0.33385 0.47685 0.05677 0.25556 0.31667 0.37222 2 0.34219 0.50741 2 0.30781 0.56944 2 
0 0.29167 0.43333 0.03229 0.18981 0.28490 0.36111 2 0.29375 0.47037 2 0.30573 0.51759 2 
0 0.28385 0.57870 0.04167 0.22870 0.29375 0.68333 2 0.29167 0.54537 2 0.27240 0.47685 2 
0 0.31198 0.62500 0.03333 0.13426 0.31146 0.67870 2 0.31823 0.60741 2 0.30781 0.56944 2 
0 0.34375 0.66574 0.06667 0.16296 0.31927 0.72685 2 0.35573 0.65926 2 0.36771 0.59815 2 
