0.0 0.417710 0.123150 0.095830 0.061110 0.455729 0.104630 2 0.410419 0.125930 2 0.377079 0.144440 2
0.0 0.424480 0.237040 0.109900 0.141670 0.469269 0.300930 2 0.407289 0.232410 2 0.452599 0.191670 2
0.0 0.373440 0.442590 0.061460 0.198150 0.395829 0.365740 2 0.369269 0.448150 2 0.347399 0.526850 2
0.0 0.454170 0.686110 0.105210 0.085190 0.490629 0.713890 2 0.440629 0.688890 2 0.407289 0.657410 2
0.0 0.531250 0.735190 0.122400 0.100000 0.490629 0.713890 2 0.548959 0.735190 2 0.585419 0.698150 2
0.0 0.366670 0.793520 0.097400 0.107410 0.326039 0.759260 2 0.354169 0.828700 2 0.409899 0.832410 2
0.0 0.669790 0.510190 0.040630 0.208330 0.674999 0.590740 2 0.676039 0.491670 2 0.658849 0.415740 2
0.0 0.650000 0.310190 0.090620 0.195370 0.622919 0.398150 2 0.646879 0.297220 2 0.613019 0.237040 2
0.0 0.630730 0.101850 0.099480 0.166670 0.623959 0.135190 2 0.622919 0.082410 2 0.610939 0.146300 2
0.0 0.642710 0.175000 0.054690 0.100930 0.623959 0.135190 2 0.632289 0.199070 2 0.666669 0.204630 2
0.0 0.576040 0.156480 0.094270 0.061110 0.535419 0.175930 2 0.590629 0.137040 2 0.610939 0.146300 2
0.0 0.535940 0.274070 0.065100 0.150000 0.542189 0.323150 2 0.527609 0.310190 2 0.508859 0.338890 2
0.0 0.597920 0.353700 0.069790 0.112960 0.622919 0.398150 2 0.593229 0.341670 2 0.580209 0.310190 2
0.0 0.623440 0.474070 0.038020 0.132410 0.610939 0.424070 2 0.627599 0.490740 2 0.635939 0.524070 2
0.0 0.624480 0.614810 0.034900 0.151850 0.634379 0.560190 2 0.620309 0.648150 2 0.609379 0.676850 2
0.0 0.557810 0.584260 0.058330 0.145370 0.577599 0.529630 2 0.558329 0.584260 2 0.535939 0.637960 2
0.0 0.524480 0.619440 0.050520 0.180560 0.541149 0.545370 2 0.516149 0.629630 2 0.503649 0.697220 2
0.0 0.557810 0.393520 0.040100 0.175000 0.542189 0.323150 2 0.571879 0.417590 2 0.571879 0.462960 2
0.0 0.501560 0.240740 0.111980 0.120370 0.548959 0.287040 2 0.487499 0.235190 2 0.452599 0.191670 2