0.0 0.293903 0.485275 0.055090 0.248544 0.309983 0.382501 2 0.295987 0.511041 2 0.275618 0.591812 2
0.0 0.413257 0.234376 0.075272 0.199097 0.437740 0.157114 2 0.409944 0.290834 2 0.383657 0.314085 2
0.0 0.474401 0.274110 0.135269 0.146642 0.528904 0.333655 2 0.460366 0.257777 2 0.410689 0.211608 2
0.0 0.529358 0.093745 0.084778 0.127786 0.496992 0.043854 2 0.542282 0.109077 2 0.566363 0.140392 2
0.0 0.573699 0.175499 0.070668 0.154470 0.597308 0.120646 2 0.542282 0.109077 2 0.547320 0.235029 2
0.0 0.546485 0.263265 0.101319 0.250237 0.587700 0.370153 2 0.520363 0.204338 2 0.578517 0.281897 2
0.0 0.623193 0.346004 0.113973 0.152868 0.645304 0.402605 2 0.622479 0.332270 2 0.578517 0.281897 2
0.0 0.649134 0.202266 0.098245 0.142152 0.689704 0.257192 2 0.634941 0.173191 2 0.608020 0.145444 2
0.0 0.703006 0.214679 0.083146 0.228447 0.736050 0.313723 2 0.693616 0.199892 2 0.668911 0.117580 2
0.0 0.628713 0.465162 0.053428 0.162172 0.645304 0.402605 2 0.621482 0.484902 2 0.608170 0.529313 2
0.0 0.559837 0.593901 0.085298 0.215975 0.590648 0.513482 2 0.551403 0.609582 2 0.528529 0.675359 2
0.0 0.646600 0.509432 0.030842 0.157477 0.653251 0.576891 2 0.639638 0.550758 2 0.640557 0.578292 2
0.0 0.628130 0.650163 0.068760 0.186558 0.653251 0.576891 2 0.628075 0.689387 2 0.640557 0.578292 2
0.0 0.663800 0.684841 0.113395 0.152798 0.707907 0.745093 2 0.628075 0.689387 2 0.609956 0.626475 2
0.0 0.719884 0.549654 0.075406 0.209879 0.744452 0.478272 2 0.741914 0.553368 2 0.685749 0.635666 2
0.0 0.739606 0.555970 0.050616 0.260734 0.728337 0.669226 2 0.741914 0.553368 2 0.739368 0.441423 2
0.0 0.416270 0.755683 0.128501 0.113502 0.359179 0.714553 2 0.430605 0.790782 2 0.468122 0.788468 2
0.0 0.469442 0.897265 0.132068 0.074773 0.409780 0.881279 2 0.475349 0.904893 2 0.525900 0.927669 2