0 0.73802 0.30185 0.03594 0.22500 0.75104 0.40370 2 0.73177 0.28056 2 0.73177 0.20370 2 
0 0.51979 0.20093 0.13854 0.04722 0.46094 0.21296 2 0.54896 0.19259 2 0.58646 0.21574 2 
0 0.54479 0.69074 0.03333 0.20000 0.54010 0.76944 2 0.53958 0.66944 2 0.55156 0.60000 2 
0 0.53750 0.89259 0.09427 0.06111 0.57604 0.88333 2 0.52604 0.89907 2 0.50000 0.88241 2 
0 0.30312 0.56944 0.04271 0.19907 0.29010 0.49537 2 0.31042 0.61019 2 0.31927 0.66389 2 
0 0.31927 0.50278 0.05312 0.14352 0.30052 0.45833 2 0.32448 0.53148 2 0.33958 0.55833 2 
0 0.42396 0.50463 0.09219 0.11111 0.38854 0.46296 2 0.41979 0.55463 2 0.46510 0.55278 2 
0 0.42604 0.54074 0.05365 0.12778 0.44792 0.49167 2 0.41979 0.55463 2 0.40625 0.59074 2 
0 0.29115 0.31019 0.04844 0.24167 0.27552 0.42407 2 0.29010 0.31019 2 0 0 0 
0 0.32656 0.33796 0.07604 0.11667 0.30104 0.38148 2 0.29010 0.31019 2 0.35990 0.30370 2 
0 0.37344 0.12685 0.08646 0.12130 0.33542 0.17778 2 0.38906 0.09259 2 0.40469 0.17593 2 
0 0.45260 0.03333 0.11198 0.04259 0.40208 0.05370 2 0.46667 0.01944 2 0.50260 0.01944 2 
0 0.37083 0.21667 0.07812 0.10648 0.37656 0.26574 2 0.39323 0.26296 2 0.36094 0.24444 2 
0 0.35833 0.34630 0.05104 0.20370 0.37656 0.26574 2 0.34375 0.33519 2 0.35990 0.30370 2 
0 0.38594 0.28796 0.05677 0.12130 0.37656 0.26574 2 0.39323 0.26296 2 0.35990 0.30370 2 
0 0.44010 0.27037 0.04375 0.13241 0.46094 0.21296 2 0.43698 0.25370 2 0.41979 0.22315 2 
