0.0 0.234311 0.518926 0.035777 0.210990 0.224002 0.613102 2 0.239016 0.497799 2 0.237702 0.430950 2
0.0 0.426467 0.338276 0.123890 0.100030 0.478472 0.323744 2 0.399925 0.343487 2 0.367005 0.379581 2
0.0 0.412630 0.774929 0.033030 0.188135 0.417659 0.841434 2 0.416411 0.754237 2 0.404580 0.698940 2
0.0 0.422558 0.947387 0.084796 0.093270 0.387676 0.955785 2 0.432366 0.948196 2 0.455216 0.922624 2
0.0 0.625262 0.566578 0.041348 0.191318 0.635079 0.496665 2 0.618989 0.605178 2 0.612045 0.655650 2
0.0 0.609774 0.515474 0.049647 0.147434 0.625188 0.468884 2 0.605152 0.542703 2 0.592196 0.572483 2
0.0 0.516797 0.561637 0.083803 0.135873 0.547068 0.510371 2 0.520872 0.603400 2 0.480586 0.621074 2
0.0 0.515566 0.593929 0.049849 0.133970 0.494805 0.560612 2 0.520872 0.603400 2 0.533519 0.629045 2
0.0 0.631464 0.336001 0.047167 0.230808 0.646813 0.428447 2 0.631913 0.335604 2 0.884342 -0.057646 0
0.0 0.600480 0.375223 0.069550 0.133835 0.623412 0.402265 2 0.631913 0.335604 2 0.569790 0.359665 2
0.0 0.555221 0.211561 0.078887 0.142297 0.589386 0.239727 2 0.540274 0.188461 2 0.527813 0.267598 2
0.0 0.483295 0.163910 0.100214 0.084699 0.528042 0.160177 2 0.470073 0.157868 2 0.438152 0.173159 2
0.0 0.559075 0.288571 0.071224 0.125858 0.554340 0.333739 2 0.539482 0.338416 2 0.567853 0.308566 2
0.0 0.572397 0.395998 0.048828 0.198890 0.554340 0.333739 2 0.584676 0.380180 2 0.569790 0.359665 2
0.0 0.546870 0.357007 0.052510 0.129661 0.554340 0.333739 2 0.539482 0.338416 2 0.569790 0.359665 2
0.0 0.498452 0.364757 0.041132 0.133783 0.478472 0.323744 2 0.500455 0.348981 2 0.515205 0.315094 2