0.0 0.425944 0.193965 0.096710 0.238079 0.430522 0.273852 2 0.425313 0.165577 2 0.389638 0.090823 2
0.0 0.409587 0.339210 0.082858 0.156439 0.430522 0.273852 2 0.400619 0.354653 2 0.390074 0.406226 2
0.0 0.469999 0.609892 0.168184 0.058515 0.517808 0.637335 2 0.469379 0.628765 2 0.545648 0.620132 2
0.0 0.447054 0.590134 0.096174 0.130664 0.414567 0.538558 2 0.469379 0.628765 2 0.486002 0.648526 2
0.0 0.484339 0.683793 0.116057 0.121227 0.517808 0.637335 2 0.489541 0.703526 2 0.449226 0.736199 2
0.0 0.559569 0.784301 0.111419 0.046459 0.604938 0.769636 2 0.559084 0.798023 2 0.512742 0.793749 2
0.0 0.522368 0.833308 0.116961 0.057636 0.569824 0.822939 2 0.528961 0.828974 2 0.473904 0.850488 2
0.0 0.288573 0.490530 0.050527 0.195096 0.282898 0.578154 2 0.282095 0.487920 2 0.293886 0.403694 2
0.0 0.225864 0.442437 0.077402 0.159870 0.203557 0.382252 2 0.235716 0.456145 2 0.202921 0.475931 2
0.0 0.165255 0.317855 0.066563 0.207985 0.153320 0.406344 2 0.182929 0.416641 2 0.177306 0.229298 2
0.0 0.186198 0.388309 0.045779 0.193367 0.188570 0.307498 2 0.182929 0.416641 2 0.202921 0.475931 2
0.0 0.214246 0.319547 0.117986 0.069664 0.188570 0.307498 2 0.223049 0.307481 2 0.263910 0.341829 2
0.0 0.222448 0.328138 0.034233 0.158995 0.232237 0.388252 2 0.223049 0.307481 2 0.217093 0.264510 2
0.0 0.246614 0.348749 0.066746 0.230333 0.232237 0.388252 2 0.235716 0.456145 2 0.217093 0.264510 2
0.0 0.270391 0.216393 0.079087 0.132373 0.293926 0.161346 2 0.267537 0.229253 2 0.245689 0.269647 2
0.0 0.309763 0.307471 0.050416 0.214000 0.320102 0.401100 2 0.309618 0.311725 2 0.316503 0.304854 2
0.0 0.318075 0.249884 0.119547 0.101460 0.368912 0.245528 2 0.267537 0.229253 2 0.274895 0.295417 2
0.0 0.341813 0.272213 0.076695 0.077374 0.368912 0.245528 2 0.314819 0.244692 2 0.316503 0.304854 2
0.0 0.561175 0.310779 0.057323 0.220872 0.580069 0.403551 2 0.548008 0.303874 2 0.539393 0.216225 2
0.0 0.662719 0.423312 0.060192 0.220873 0.683335 0.522951 2 0.660526 0.410388 2 0.658951 0.324442 2