0.0 0.306702 0.434057 0.049611 0.180641 0.326851 0.349191 2 0.291500 0.424708 2 0.286359 0.510455 2
0.0 0.267440 0.567024 0.046249 0.221844 0.251962 0.661661 2 0.276416 0.565671 2 0.286359 0.510455 2
0.0 0.290977 0.784884 0.028219 0.141786 0.293697 0.732109 2 0.286896 0.801688 2 0.287654 0.838604 2
0.0 0.309756 0.906029 0.095362 0.142801 0.272718 0.856663 2 0.306135 0.912464 2 0.342881 0.967505 2
0.0 0.402587 0.929285 0.091260 0.048479 0.361140 0.926946 2 0.405704 0.932326 2 0.442011 0.932507 2
0.0 0.400524 0.716437 0.078818 0.204884 0.376333 0.631881 2 0.394300 0.728391 2 0.420815 0.801770 2
0.0 0.434186 0.354348 0.073991 0.158510 0.406247 0.279974 2 0.443891 0.336015 2 0.460431 0.422049 2
0.0 0.428943 0.388083 0.061915 0.258493 0.444165 0.503382 2 0.443891 0.336015 2 0.436850 0.270374 2
0.0 0.539659 0.509743 0.044019 0.246174 0.532110 0.617127 2 0.533192 0.505621 2 0.551076 0.397912 2
0.0 0.492965 0.650793 0.070080 0.100899 0.512154 0.620716 2 0.492928 0.650815 2 0.464391 0.688899 2
0.0 0.552171 0.731703 0.100338 0.063110 0.594254 0.717105 2 0.549973 0.726874 2 0.506659 0.747093 2
0.0 0.665894 0.610549 0.039374 0.236510 0.649865 0.707043 2 0.666362 0.587911 2 0.675656 0.504290 2
0.0 0.645357 0.399476 0.039869 0.269459 0.648375 0.437495 2 0.637888 0.407591 2 0.642601 0.526984 2
0.0 0.626023 0.508052 0.062318 0.181366 0.648375 0.437495 2 0.623382 0.513603 2 0.630615 0.542372 2
0.0 0.608717 0.537321 0.034915 0.198621 0.597151 0.617997 2 0.609513 0.507135 2 0.616433 0.456474 2
0.0 0.618156 0.602149 0.036458 0.147905 0.601337 0.662675 2 0.625432 0.585576 2 0.630615 0.542372 2
0.0 0.585572 0.505745 0.034407 0.262563 0.583117 0.615308 2 0.580090 0.478989 2 0.582718 0.396878 2
0.0 0.544885 0.237750 0.097787 0.123177 0.508522 0.183695 2 0.546781 0.225588 2 0.582383 0.285291 2
0.0 0.531034 0.241687 0.084798 0.094210 0.495309 0.205630 2 0.546781 0.225588 2 0.563379 0.277591 2
0.0 0.491842 0.275375 0.055007 0.110393 0.511911 0.235894 2 0.472655 0.281872 2 0.473413 0.318788 2
0.0 0.513359 0.322931 0.084862 0.106447 0.475120 0.366163 2 0.519946 0.278892 2 0.473413 0.318788 2