0 0.50104 0.16944 0.06146 0.14537 0.52396 0.12500 2 0.48073 0.14722 2 0.47708 0.15833 2 
0 0.48698 0.15926 0.08698 0.08796 0.52396 0.12500 2 0.48073 0.14722 2 0.44896 0.19167 2 
0 0.43750 0.21389 0.09531 0.13333 0.39844 0.26389 2 0.42500 0.20463 2 0.44896 0.19167 2 
0 0.33437 0.20463 0.02396 0.17685 0.33542 0.13056 2 0.33177 0.21296 2 0.33646 0.27963 2 
0 0.31406 0.30278 0.08333 0.15926 0.34375 0.37500 2 0.31562 0.24722 2 0.33646 0.27963 2 
0 0.59844 0.21574 0.12031 0.04259 0.64948 0.22593 2 0.59167 0.20463 2 0.54635 0.21574 2 
0 0.56927 0.25463 0.11615 0.05093 0.51875 0.26574 2 0.57448 0.24630 2 0.62031 0.23889 2 
0 0.57604 0.45648 0.03750 0.22500 0.56510 0.36574 2 0.58646 0.47685 2 0.58281 0.55741 2 
0 0.64687 0.58704 0.07187 0.10278 0.62031 0.55093 2 0.64948 0.57963 2 0.67760 0.62963 2 
0 0.70729 0.54907 0.06823 0.17407 0.73333 0.61296 2 0.69219 0.58333 2 0.67760 0.62963 2 
0 0.59688 0.85741 0.12031 0.06019 0.65469 0.84722 2 0.59688 0.86389 2 0.54479 0.87870 2 
0 0.51615 0.77963 0.04427 0.16481 0.50885 0.83796 2 0.53073 0.77778 2 0.51562 0.70926 2 
0 0.42240 0.53241 0.04948 0.23056 0.41042 0.62685 2 0.42396 0.55000 2 0.43698 0.42778 2 
0 0.48073 0.36111 0.07083 0.15185 0.45677 0.41759 2 0.48490 0.34630 2 0.51302 0.29630 2 
0 0.49479 0.45185 0.10052 0.21111 0.45469 0.54074 2 0.48906 0.45741 2 0.53594 0.35648 2 
0 0.33385 0.43611 0.06406 0.15093 0.30312 0.49167 2 0.35313 0.45278 2 0.36094 0.49074 2 
0 0.36771 0.43426 0.06302 0.14722 0.34375 0.37500 2 0.35313 0.45278 2 0.36094 0.49074 2 
0 0.36094 0.48426 0.11094 0.09722 0.32240 0.49630 2 0.35313 0.45278 2 0.41198 0.44167 2 
0 0.31094 0.56574 0.02969 0.17407 0.30312 0.49167 2 0.31406 0.57500 2 0.32240 0.64537 2 
0 0.30312 0.66019 0.06719 0.20000 0.33021 0.74537 2 0.31406 0.57500 2 0.27500 0.57963 2 
0 0.70885 0.72037 0.06250 0.15370 0.73750 0.66204 2 0.71719 0.73981 2 0.68646 0.79074 2 
