0.0 0.432029 0.052192 0.060064 0.104383 0.454816 0.058361 2 0.438510 -0.002066 2 0.409786 0.025926 2
0.0 0.435028 0.114556 0.100892 0.229112 0.454816 0.058361 2 0.430939 0.133785 2 0.458312 0.082760 2
0.0 0.541564 0.082598 0.073005 0.165197 0.521131 0.144844 2 0.566811 0.037700 2 0.561838 -0.026908 2
0.0 0.415565 0.141944 0.107754 0.140898 0.373041 0.191994 2 0.430939 0.133785 2 0.458312 0.082760 2
0.0 0.277488 0.191610 0.034650 0.215860 0.284022 0.098552 2 0.274377 0.206119 2 0.280029 0.275045 2
0.0 0.257565 0.317969 0.041560 0.187945 0.266417 0.245334 2 0.252190 0.356141 2 0.243678 0.394783 2
0.0 0.292535 0.303788 0.043668 0.218596 0.293044 0.388660 2 0.301878 0.287418 2 0.302952 0.216616 2
0.0 0.358414 0.406889 0.077212 0.200403 0.339174 0.479810 2 0.355275 0.406061 2 0.386333 0.327486 2
0.0 0.412251 0.523294 0.083940 0.248896 0.382092 0.468651 2 0.417284 0.517651 2 0.447122 0.562757 2
0.0 0.460904 0.511914 0.044692 0.246660 0.466837 0.416400 2 0.461829 0.508212 2 0.447122 0.562757 2
0.0 0.511962 0.337641 0.073646 0.197881 0.489779 0.301347 2 0.511132 0.357252 2 0.537942 0.391060 2
0.0 0.629611 0.429075 0.046182 0.246798 0.635138 0.336719 2 0.638551 0.430254 2 0.623880 0.528909 2
0.0 0.630882 0.335098 0.099998 0.172772 0.635138 0.336719 2 0.646103 0.351037 2 0.596472 0.378456 2
0.0 0.275074 0.483090 0.085858 0.206518 0.292073 0.433481 2 0.265865 0.530699 2 0.263527 0.566891 2
0.0 0.203600 0.555707 0.041130 0.257810 0.216012 0.652307 2 0.202830 0.548405 2 0.186121 0.462356 2
0.0 0.270248 0.622752 0.033182 0.175644 0.274544 0.682873 2 0.269376 0.612652 2 0.263527 0.566891 2
0.0 0.344817 0.592091 0.049801 0.196509 0.332395 0.665951 2 0.347071 0.581698 2 0.360860 0.516288 2
0.0 0.257089 0.476617 0.101830 0.182275 0.292073 0.433481 2 0.259902 0.438957 2 0.221490 0.544805 2
0.0 0.352889 0.269739 0.073835 0.148808 0.328214 0.322524 2 0.356599 0.256399 2 0.379087 0.214589 2