0.0 0.565731 0.105718 0.056167 0.115399 0.585004 0.150591 2 0.573768 0.078622 2 0.546042 0.074326 2
0.0 0.564446 0.170709 0.094168 0.212746 0.585004 0.150591 2 0.558880 0.194537 2 0.586738 0.176446 2
0.0 0.663615 0.243190 0.067913 0.178180 0.640097 0.298177 2 0.687884 0.247952 2 0.687181 0.183932 2
0.0 0.544495 0.185792 0.101725 0.104427 0.502890 0.187504 2 0.558880 0.194537 2 0.586738 0.176446 2
0.0 0.416228 0.093197 0.031177 0.186394 0.427598 0.010024 2 0.412497 0.098018 2 0.413561 0.166676 2
0.0 0.390688 0.182249 0.038033 0.168443 0.402958 0.125487 2 0.383506 0.211679 2 0.373499 0.238053 2
0.0 0.423269 0.205608 0.039772 0.197246 0.418672 0.283688 2 0.432663 0.200615 2 0.437816 0.137225 2
0.0 0.476986 0.367883 0.071997 0.170223 0.455168 0.414587 2 0.474134 0.364100 2 0.506962 0.324734 2
0.0 0.518988 0.529785 0.077992 0.214824 0.494784 0.448944 2 0.523838 0.530094 2 0.548261 0.602143 2
0.0 0.563823 0.569890 0.040498 0.223876 0.574792 0.489256 2 0.564829 0.567706 2 0.548261 0.602143 2
0.0 0.620451 0.464086 0.068611 0.168821 0.602405 0.408236 2 0.618489 0.481320 2 0.640831 0.539934 2
0.0 0.721850 0.669437 0.041921 0.223583 0.732265 0.591259 2 0.729844 0.680015 2 0.710707 0.754676 2
0.0 0.728548 0.585138 0.094026 0.137216 0.732265 0.591259 2 0.741374 0.615679 2 0.694704 0.589171 2
0.0 0.396841 0.350848 0.080206 0.173623 0.415146 0.323516 2 0.385620 0.384898 2 0.381363 0.415446 2
0.0 0.327677 0.342859 0.036993 0.235589 0.333193 0.443972 2 0.327358 0.335637 2 0.317267 0.239907 2
0.0 0.384220 0.473082 0.030136 0.159032 0.384521 0.532541 2 0.383973 0.463204 2 0.381363 0.415446 2
0.0 0.453717 0.522506 0.045832 0.174307 0.438033 0.577140 2 0.456325 0.515605 2 0.472700 0.470318 2
0.0 0.380897 0.326293 0.095691 0.145810 0.415146 0.323516 2 0.385620 0.295130 2 0.344508 0.351715 2
0.0 0.480062 0.237199 0.069234 0.121691 0.454498 0.259920 2 0.484166 0.229123 2 0.507045 0.214361 2