0.0 0.257290 0.418520 0.044790 0.174070 0.240629 0.351850 2 0.256769 0.427780 2 0.267709 0.491670 2
0.0 0.397400 0.391670 0.087500 0.066670 0.431769 0.375000 2 0.396879 0.386110 2 0.359899 0.415740 2
0.0 0.478650 0.261110 0.107810 0.027780 0.520829 0.258330 2 0.477079 0.263890 2 0.432809 0.258330 2
0.0 0.493750 0.288890 0.109900 0.037960 0.543749 0.289810 2 0.498439 0.284260 2 0.447919 0.294440 2
0.0 0.553120 0.311110 0.084380 0.033330 0.584899 0.312960 2 0.546879 0.313890 2 0.517189 0.318520 2
0.0 0.485940 0.794440 0.050520 0.144440 0.486459 0.737960 2 0.470309 0.819440 2 0.499479 0.851850 2
0.0 0.585940 0.586110 0.085940 0.171300 0.575519 0.621300 2 0.618229 0.637960 2 0.547919 0.657410 2
0.0 0.557290 0.064810 0.054690 0.121300 0.539579 0.063890 2 0.565099 0.089810 2 0.544789 0.115740 2
0.0 0.468750 0.055560 0.127080 0.105560 0.523959 0.015740 2 0.471359 0.027780 2 0.407809 0.100000 2
0.0 0.479690 0.045370 0.140620 0.051850 0.539579 0.063890 2 0.471359 0.027780 2 0.417189 0.051850 2
0.0 0.619790 0.170370 0.044790 0.117590 0.604169 0.127780 2 0.624999 0.185190 2 0.638539 0.215740 2
0.0 0.654170 0.256480 0.042710 0.227780 0.641149 0.154630 2 0.657289 0.279630 2 0.665629 0.339810 2
0.0 0.610940 0.316670 0.053120 0.229630 0.622919 0.420370 2 0.599999 0.293520 2 0.588019 0.223150 2
0.0 0.646870 0.414810 0.075000 0.142590 0.674999 0.365740 2 0.654689 0.448150 2 0.622919 0.478700 2
0.0 0.691670 0.469440 0.028130 0.193520 0.693229 0.550000 2 0.691669 0.440740 2 0.686979 0.389810 2
0.0 0.610420 0.612040 0.087500 0.080560 0.575519 0.621300 2 0.618229 0.637960 2 0.645309 0.598150 2