0.0 0.676235 0.196750 0.110298 0.192002 0.631625 0.130382 2 0.695733 0.190966 2 0.724617 0.265107 2
0.0 0.514174 0.201643 0.136391 0.112202 0.564441 0.169542 2 0.492307 0.187145 2 0.463550 0.239713 2
0.0 0.448109 0.184104 0.068035 0.189849 0.431844 0.107847 2 0.441474 0.200544 2 0.455441 0.263473 2
0.0 0.399011 0.189157 0.137967 0.189683 0.369257 0.169655 2 0.398382 0.200164 2 0.355048 0.243416 2
0.0 0.343111 0.249333 0.121809 0.192999 0.369257 0.169655 2 0.349967 0.308021 2 0.355048 0.243416 2
0.0 0.343675 0.321467 0.087982 0.177485 0.333858 0.392147 2 0.349967 0.308021 2 0.355048 0.243416 2
0.0 0.314057 0.477206 0.084423 0.248276 0.316715 0.581474 2 0.312983 0.452683 2 0.336271 0.591554 2
0.0 0.383296 0.446451 0.080078 0.180092 0.377245 0.520168 2 0.383568 0.432485 2 0.392592 0.374841 2
0.0 0.422261 0.648808 0.127337 0.174393 0.372816 0.600450 2 0.426626 0.657612 2 0.402245 0.659606 2
0.0 0.437649 0.590605 0.094979 0.298922 0.428334 0.460172 2 0.446620 0.607193 2 0.448473 0.731492 2
0.0 0.481851 0.639216 0.069850 0.230202 0.463541 0.554551 2 0.490328 0.649990 2 0.509758 0.734351 2
0.0 0.482946 0.498362 0.087208 0.228090 0.452454 0.408746 2 0.485193 0.537388 2 0.522021 0.589787 2
0.0 0.644920 0.648929 0.066602 0.223062 0.627133 0.558191 2 0.645160 0.658741 2 0.671634 0.740399 2
0.0 0.676771 0.490668 0.126367 0.141496 0.729686 0.518313 2 0.660619 0.448043 2 0.627947 0.481765 2
0.0 0.531692 0.809225 0.117175 0.095718 0.487480 0.811076 2 0.536950 0.793069 2 0.580857 0.816015 2
0.0 0.607149 0.943424 0.057802 0.113151 0.593748 0.911873 2 0.614931 0.970068 2 0.628929 1.018138 2
0.0 0.431009 0.760539 0.081674 0.243971 0.461142 0.856114 2 0.429223 0.747075 2 0.402245 0.659606 2
0.0 0.370208 0.676362 0.060841 0.177210 0.395563 0.751333 2 0.367744 0.659118 2 0.346190 0.613877 2
0.0 0.351498 0.673999 0.053791 0.181838 0.372913 0.747953 2 0.342689 0.651364 2 0.336271 0.591554 2