0.0 0.795495 0.324942 0.086945 0.165757 0.769640 0.254454 2 0.814393 0.328279 2 0.824081 0.398546 2
0.0 0.647018 0.263163 0.122216 0.097000 0.699783 0.258174 2 0.630247 0.242861 2 0.592339 0.272739 2
0.0 0.590859 0.222548 0.045246 0.163822 0.592993 0.155729 2 0.581021 0.232855 2 0.579651 0.288223 2
0.0 0.545078 0.206651 0.114683 0.163810 0.522253 0.179202 2 0.541917 0.215100 2 0.492837 0.231713 2
0.0 0.480785 0.231544 0.098255 0.166639 0.522253 0.179202 2 0.473768 0.280689 2 0.492837 0.231713 2
0.0 0.465167 0.288755 0.066498 0.153198 0.440306 0.340619 2 0.473768 0.280689 2 0.492837 0.231713 2
0.0 0.403404 0.399782 0.054654 0.214230 0.382377 0.483233 2 0.407784 0.379983 2 0.397908 0.499117 2
0.0 0.473249 0.403534 0.058346 0.155431 0.451134 0.459323 2 0.476492 0.392620 2 0.497590 0.350740 2
0.0 0.463433 0.579167 0.105926 0.150606 0.429154 0.520947 2 0.465307 0.587898 2 0.442688 0.579597 2
0.0 0.490442 0.539423 0.059187 0.257918 0.511013 0.432624 2 0.494765 0.556169 2 0.468653 0.655109 2
0.0 0.519771 0.595728 0.042310 0.198618 0.521925 0.521439 2 0.524943 0.607681 2 0.523748 0.682191 2
0.0 0.552265 0.484904 0.059788 0.196830 0.544447 0.401770 2 0.545454 0.516651 2 0.567228 0.572961 2
0.0 0.665898 0.669454 0.039925 0.192456 0.669885 0.590579 2 0.663795 0.677310 2 0.669609 0.752538 2
0.0 0.730255 0.557338 0.108825 0.122239 0.772067 0.600618 2 0.724971 0.517133 2 0.687717 0.530536 2
0.0 0.527079 0.750214 0.105076 0.082751 0.486331 0.733775 2 0.535347 0.739590 2 0.570145 0.775500 2
0.0 0.561958 0.899976 0.040172 0.126460 0.560433 0.856444 2 0.566683 0.910996 2 0.568663 0.954638 2
0.0 0.446402 0.670972 0.052431 0.210513 0.452307 0.758685 2 0.447662 0.659621 2 0.442688 0.579597 2
0.0 0.409932 0.579849 0.039589 0.152910 0.416099 0.649350 2 0.411421 0.565237 2 0.401936 0.520768 2
0.0 0.393446 0.570404 0.032047 0.156887 0.396256 0.637506 2 0.390370 0.548963 2 0.397908 0.499117 2