0.0 0.731246 0.092577 0.100721 0.185154 0.691066 0.009253 2 0.753466 0.088286 2 0.775238 0.173274 2
0.0 0.552106 0.056491 0.143052 0.093004 0.611774 0.034634 2 0.529950 0.036121 2 0.491163 0.084730 2
0.0 0.481722 0.061035 0.051575 0.122070 0.474097 -0.061777 2 0.472153 0.038217 2 0.479016 0.107857 2
0.0 0.426967 0.053326 0.133447 0.106652 0.396802 -0.011433 2 0.424747 0.027619 2 0.371168 0.062958 2
0.0 0.357257 0.080419 0.114046 0.160839 0.396802 -0.011433 2 0.356826 0.129857 2 0.371168 0.062958 2
0.0 0.348113 0.142456 0.076747 0.180116 0.327696 0.214725 2 0.356826 0.129857 2 0.371168 0.062958 2
0.0 0.294410 0.299615 0.062121 0.261940 0.283185 0.410243 2 0.296511 0.273597 2 0.303358 0.425496 2
0.0 0.374826 0.283580 0.067111 0.185137 0.358146 0.359942 2 0.376980 0.269009 2 0.394723 0.210381 2
0.0 0.390344 0.506110 0.123265 0.166418 0.342401 0.443521 2 0.393923 0.516510 2 0.366802 0.512842 2
0.0 0.415170 0.448398 0.066992 0.317095 0.422534 0.308788 2 0.422768 0.468093 2 0.407981 0.599559 2
0.0 0.457269 0.510100 0.047736 0.245047 0.448530 0.416606 2 0.465109 0.523550 2 0.475088 0.617074 2
0.0 0.477544 0.361881 0.068363 0.238150 0.456058 0.260286 2 0.474698 0.403637 2 0.508163 0.467588 2
0.0 0.635543 0.558926 0.044990 0.237726 0.628201 0.459155 2 0.634442 0.569412 2 0.652542 0.661754 2
0.0 0.692045 0.399636 0.126991 0.129071 0.746541 0.441385 2 0.679992 0.350969 2 0.639444 0.378784 2
0.0 0.489143 0.701104 0.122998 0.079128 0.440166 0.692680 2 0.497085 0.685405 2 0.542333 0.719982 2
0.0 0.551816 0.878021 0.045997 0.152546 0.543553 0.824079 2 0.559003 0.890437 2 0.567911 0.944420 2
0.0 0.384851 0.625959 0.059540 0.257730 0.405062 0.733924 2 0.384671 0.611430 2 0.366802 0.512842 2
0.0 0.329287 0.522838 0.045022 0.186812 0.347025 0.607953 2 0.328872 0.504164 2 0.311259 0.451374 2
0.0 0.309002 0.515920 0.036087 0.193921 0.322538 0.599031 2 0.302329 0.490062 2 0.303358 0.425496 2