0.0 0.364060 0.135190 0.102080 0.109260 0.317189 0.177780 2 0.378129 0.118520 2 0.403649 0.095370 2
0.0 0.356250 0.052780 0.114580 0.078700 0.406249 0.023150 2 0.342189 0.074070 2 0.301039 0.078700 2
0.0 0.512500 0.047220 0.117190 0.088890 0.454689 0.009260 2 0.523959 0.025930 2 0.561459 0.080560 2
0.0 0.482810 0.089810 0.039580 0.137040 0.471359 0.033330 2 0.494269 0.087040 2 0.490629 0.149070 2
0.0 0.479690 0.362960 0.108330 0.118520 0.523439 0.317590 2 0.457289 0.350930 2 0.430209 0.406480 2
0.0 0.309370 0.516670 0.047920 0.228700 0.327599 0.617590 2 0.296359 0.491670 2 0.292709 0.412960 2
0.0 0.490100 0.857410 0.113540 0.059260 0.439579 0.854630 2 0.488019 0.866670 2 0.540109 0.842590 2
0.0 0.547920 0.671300 0.081250 0.213890 0.523959 0.619440 2 0.535419 0.683330 2 0.511459 0.764810 2
0.0 0.503120 0.659260 0.058330 0.109260 0.523959 0.619440 2 0.499479 0.667590 2 0.480729 0.697220 2
0.0 0.641150 0.499070 0.086460 0.154630 0.676039 0.436110 2 0.634379 0.514810 2 0.610419 0.566670 2
0.0 0.703120 0.505560 0.034380 0.223150 0.697399 0.607410 2 0.710939 0.488890 2 0.708329 0.408330 2
0.0 0.659370 0.247220 0.053650 0.182410 0.678649 0.331480 2 0.649479 0.225000 2 0.637499 0.168520 2
0.0 0.596350 0.204630 0.101560 0.149070 0.582809 0.218520 2 0.589059 0.196300 2 0.637499 0.168520 2
0.0 0.590630 0.313890 0.020310 0.215740 0.582809 0.218520 2 0.592189 0.325000 2 0.589059 0.408330 2
0.0 0.553650 0.262960 0.039580 0.226850 0.537499 0.162960 2 0.568229 0.303700 2 0.550519 0.331480 2
0.0 0.608850 0.302780 0.120310 0.104630 0.656249 0.282410 2 0.568229 0.303700 2 0.550519 0.331480 2