0.0 0.579964 0.093687 0.035723 0.130044 0.578246 0.142787 2 0.586345 0.076683 2 0.572090 0.047190 2
0.0 0.703837 0.278041 0.046099 0.220866 0.700638 0.370942 2 0.718649 0.276278 2 0.708441 0.181871 2
0.0 0.668919 0.585673 0.123787 0.124718 0.620340 0.631597 2 0.679553 0.582479 2 0.720967 0.536767 2
0.0 0.714928 0.720113 0.083086 0.129211 0.744210 0.677840 2 0.722784 0.723035 2 0.687359 0.775855 2
0.0 0.632390 0.775138 0.113791 0.155373 0.678249 0.714765 2 0.630131 0.781016 2 0.017620 0.181290 0
0.0 0.581908 0.877494 0.089701 0.059701 0.622370 0.864720 2 0.577880 0.878571 2 0.545356 0.885389 2
0.0 0.369223 0.607474 0.081481 0.178671 0.344939 0.678187 2 0.359867 0.583542 2 0.399007 0.533187 2
0.0 0.318062 0.653367 0.050613 0.210989 0.338197 0.729736 2 0.317907 0.649769 2 0.300533 0.576926 2
0.0 0.350786 0.406572 0.082116 0.222751 0.338488 0.449011 2 0.345028 0.382481 2 0.380704 0.313649 2
0.0 0.367866 0.494550 0.075912 0.166721 0.338488 0.449011 2 0.358314 0.519371 2 0.399007 0.533187 2
0.0 0.418224 0.410827 0.056768 0.173191 0.407023 0.475961 2 0.417099 0.387156 2 0.437303 0.337890 2
0.0 0.490764 0.616322 0.066720 0.131332 0.463366 0.579950 2 0.499767 0.621577 2 0.519800 0.653804 2
0.0 0.442856 0.208880 0.079585 0.160039 0.473063 0.143323 2 0.435661 0.218854 2 0.414320 0.276415 2
0.0 0.479634 0.215872 0.106614 0.161890 0.524565 0.146915 2 0.435661 0.218854 2 0.017620 0.181290 0