0 0.52969 0.23796 0.13177 0.10185 0.47448 0.27963 2 0.53594 0.22315 2 0.58958 0.20093 2 
0 0.47760 0.45926 0.03385 0.22037 0.48906 0.36111 2 0.47396 0.46296 2 0.47135 0.54630 2 
0 0.64792 0.49352 0.10156 0.13704 0.60625 0.55000 2 0.65208 0.49815 2 0.69167 0.45278 2 
0 0.56667 0.64352 0.11094 0.05741 0.51823 0.65000 2 0.57865 0.64815 2 0.61719 0.64259 2 
0 0.54844 0.74444 0.07604 0.13796 0.51615 0.68611 2 0.55208 0.75463 2 0.58490 0.80000 2 
0 0.66302 0.72500 0.10781 0.14907 0.71198 0.66204 2 0.65729 0.71204 2 0.62135 0.78611 2 
0 0.74740 0.62130 0.03333 0.14259 0.75781 0.56667 2 0.74375 0.65278 2 0.73854 0.68148 2 
0 0.56198 0.91481 0.10677 0.07315 0.60677 0.93241 2 0.55990 0.93056 2 0.51979 0.89074 2 
0 0.43229 0.56296 0.05937 0.11204 0.41042 0.52037 2 0.43333 0.56667 2 0.45677 0.60926 2 
0 0.35990 0.53333 0.04427 0.18519 0.37708 0.60278 2 0.35260 0.51944 2 0.34635 0.45556 2 
0 0.31615 0.49537 0.03854 0.19907 0.32500 0.40648 2 0.30729 0.48148 2 0.32448 0.56481 2 
0 0.31198 0.64167 0.03125 0.22963 0.30365 0.74074 2 0.30885 0.63148 2 0.32448 0.56481 2 
0 0.44844 0.72315 0.03021 0.15926 0.44635 0.66019 2 0.45417 0.73519 2 0.45677 0.79074 2 
0 0.31615 0.35000 0.01979 0.21111 0.31927 0.25370 2 0.31771 0.33704 2 0.32083 0.45278 2 
0 0.32656 0.33796 0.02865 0.16296 0.32500 0.40648 2 0.31771 0.33704 2 0.33802 0.27037 2 
0 0.35885 0.41296 0.06823 0.09444 0.33385 0.45370 2 0.36354 0.38611 2 0.38854 0.39907 2 
0 0.43385 0.03148 0.08802 0.05833 0.39792 0.05185 2 0.43958 0.02778 2 0.47187 0.00926 2 
0 0.48854 0.06852 0.10000 0.04722 0.44635 0.08796 2 0.49740 0.07778 2 0.53438 0.06667 2 
0 0.48021 0.12778 0.08906 0.07685 0.51979 0.15463 2 0.48646 0.10000 2 0.44271 0.13796 2 
0 0.51875 0.15000 0.11406 0.11667 0.57031 0.10463 2 0.48646 0.10000 2 0.46875 0.18704 2 
