0.0 0.533689 0.180973 0.141203 0.091942 0.474564 0.218556 2 0.540930 0.167883 2 0.597325 0.147154 2
0.0 0.467651 0.374434 0.047235 0.192163 0.484953 0.288876 2 0.463682 0.377675 2 0.456295 0.450073 2
0.0 0.640800 0.399579 0.112135 0.121668 0.594758 0.449650 2 0.644796 0.403417 2 0.688054 0.362976 2
0.0 0.548812 0.531948 0.117283 0.052813 0.498633 0.538808 2 0.560847 0.535575 2 0.600778 0.529711 2
0.0 0.524376 0.620024 0.085953 0.121779 0.494456 0.570203 2 0.527524 0.628701 2 0.558701 0.667192 2
0.0 0.643257 0.600066 0.119239 0.132277 0.697121 0.544038 2 0.638080 0.588904 2 0.596954 0.654155 2
0.0 0.735850 0.507795 0.042310 0.124647 0.749616 0.460035 2 0.730302 0.535146 2 0.723327 0.560194 2
0.0 0.528678 0.767517 0.113885 0.066361 0.573709 0.781517 2 0.525632 0.781174 2 0.486648 0.747696 2
0.0 0.415221 0.465652 0.067354 0.098835 0.395125 0.429211 2 0.416062 0.468776 2 0.437754 0.505107 2
0.0 0.342479 0.441888 0.055961 0.161912 0.356201 0.501630 2 0.335740 0.429962 2 0.332921 0.374691 2
0.0 0.299648 0.410122 0.050854 0.173804 0.313744 0.332671 2 0.291306 0.398238 2 0.304273 0.470094 2
0.0 0.287104 0.537203 0.045085 0.200130 0.272931 0.623339 2 0.284443 0.528376 2 0.304273 0.470094 2
0.0 0.422781 0.604241 0.040044 0.139030 0.424168 0.549588 2 0.427973 0.614467 2 0.427510 0.662607 2
0.0 0.307853 0.283961 0.032259 0.183748 0.316477 0.200233 2 0.310170 0.272603 2 0.306844 0.372966 2
0.0 0.319234 0.273231 0.038649 0.142199 0.313744 0.332671 2 0.310170 0.272603 2 0.334811 0.214195 2
0.0 0.348194 0.337451 0.075468 0.083799 0.320176 0.373413 2 0.354512 0.313954 2 0.379479 0.324528 2
0.0 0.446823 0.015427 0.093774 0.030854 0.408720 0.022936 2 0.452903 0.000924 2 0.487141 -0.016019 2
0.0 0.500952 0.035030 0.105462 0.043674 0.456466 0.052970 2 0.509518 0.042760 2 0.548159 0.032121 2
0.0 0.489044 0.086684 0.095888 0.069095 0.528196 0.108852 2 0.497018 0.062338 2 0.449902 0.096461 2
0.0 0.527407 0.104930 0.123835 0.104326 0.582951 0.064098 2 0.497018 0.062338 2 0.473900 0.138354 2