0.0 0.401865 0.062789 0.135490 0.104822 0.356603 0.093827 2 0.402078 0.045256 2 0.448156 0.014968 2
0.0 0.391747 0.154323 0.126805 0.164092 0.356603 0.093827 2 0.393156 0.157821 2 0.417951 0.158724 2
0.0 0.477433 0.176643 0.137710 0.117610 0.536125 0.197567 2 0.468145 0.171051 2 0.417951 0.158724 2
0.0 0.555205 0.043664 0.132793 0.087328 0.612285 0.048727 2 0.575641 0.048696 2 0.537027 0.023936 2
0.0 0.577243 0.062521 0.096519 0.125042 0.612891 0.090238 2 0.575641 0.048696 2 0.537027 0.023936 2
0.0 0.664331 0.183692 0.096704 0.236680 0.629425 0.096008 2 0.681622 0.202804 2 0.697345 0.279487 2
0.0 0.634889 0.292394 0.152012 0.212992 0.695619 0.356435 2 0.614600 0.263261 2 0.573312 0.228473 2
0.0 0.709087 0.399793 0.107574 0.236626 0.695619 0.356435 2 0.711331 0.402129 2 0.711021 0.297570 2
0.0 0.648873 0.551634 0.113796 0.196045 0.661495 0.473999 2 0.601351 0.492135 2 0.631489 0.634188 2
0.0 0.761401 0.641222 0.122331 0.198947 0.740964 0.727408 2 0.759529 0.616440 2 0.781714 0.563711 2
0.0 0.598189 0.480327 0.115569 0.218368 0.609971 0.396111 2 0.601351 0.492135 2 0.584135 0.570808 2
0.0 0.513255 0.520797 0.133533 0.095597 0.555071 0.498259 2 0.513756 0.538080 2 0.457435 0.517516 2
0.0 0.394582 0.657436 0.091736 0.189946 0.429016 0.739334 2 0.371953 0.655978 2 0.391973 0.577604 2
0.0 0.280848 0.508064 0.061134 0.173932 0.258195 0.436853 2 0.284595 0.522631 2 0.298289 0.579455 2
0.0 0.379932 0.802350 0.136701 0.187461 0.323891 0.751650 2 0.384585 0.795400 2 0.436622 0.865413 2