0.0 0.234759 0.251411 0.095500 0.136664 0.260392 0.270593 2 0.215495 0.224539 2 0.262068 0.197176 2
0.0 0.307450 0.194084 0.134735 0.187031 0.260392 0.270593 2 0.307406 0.193124 2 0.351029 0.124523 2
0.0 0.180178 0.540763 0.039769 0.195616 0.163120 0.469898 2 0.180169 0.549937 2 0.186122 0.628160 2
0.0 0.153161 0.611695 0.056359 0.250099 0.147191 0.513028 2 0.152881 0.618427 2 0.156914 0.723598 2
0.0 0.376108 0.597041 0.092058 0.218834 0.338433 0.527019 2 0.384402 0.607380 2 0.413722 0.670196 2
0.0 0.448619 0.616812 0.072332 0.140587 0.462412 0.573486 2 0.447836 0.628814 2 0.430870 0.677410 2
0.0 0.450378 0.696576 0.123303 0.088450 0.397144 0.702559 2 0.451758 0.703545 2 0.503524 0.688653 2
0.0 0.358667 0.759238 0.133193 0.123293 0.414932 0.769635 2 0.351853 0.770935 2 0.300843 0.753377 2
0.0 0.591229 0.437992 0.082312 0.198860 0.606906 0.357575 2 0.590590 0.441484 2 0.609612 0.485240 2
0.0 0.545972 0.467411 0.049110 0.198292 0.541572 0.392719 2 0.545577 0.463188 2 0.547363 0.553107 2
0.0 0.634259 0.422945 0.055384 0.223225 0.634378 0.521801 2 0.636134 0.395028 2 0.621852 0.335122 2
0.0 0.621655 0.392898 0.068232 0.207698 0.628487 0.306433 2 0.636134 0.395028 2 0.621852 0.335122 2
0.0 0.587815 0.156526 0.097611 0.187356 0.626222 0.207384 2 0.574646 0.174804 2 0.586320 0.191655 2
0.0 0.557985 0.197177 0.094663 0.192508 0.520102 0.145013 2 0.574646 0.174804 2 0.598880 0.260654 2
0.0 0.525820 0.270851 0.057864 0.209326 0.518653 0.284370 2 0.529301 0.252507 2 0.545295 0.357482 2
0.0 0.483871 0.271118 0.105859 0.107736 0.518653 0.284370 2 0.529301 0.252507 2 0.440013 0.258407 2
0.0 0.608750 0.222440 0.057546 0.124984 0.626232 0.261556 2 0.594823 0.224067 2 0.598880 0.260654 2