0.0 0.401625 0.109705 0.094857 0.219410 0.437187 0.032213 2 0.398360 0.113969 2 0.363266 0.184258 2
0.0 0.581440 0.061640 0.103684 0.123281 0.534575 0.074773 2 0.588738 -0.019431 2 0.619935 -0.016873 2
0.0 0.580036 0.082883 0.125753 0.165765 0.534575 0.074773 2 0.611653 0.098382 2 0.571249 0.128074 2
0.0 0.630461 0.117523 0.128710 0.140765 0.681028 0.110563 2 0.611653 0.098382 2 0.571249 0.128074 2
0.0 0.715479 0.058049 0.101859 0.116098 0.684512 -0.006789 2 0.744622 0.040642 2 0.713696 0.000928 2
0.0 0.745388 0.074789 0.119852 0.149578 0.748447 0.113838 2 0.744622 0.040642 2 0.778606 0.050456 2
0.0 0.739326 0.217486 0.078178 0.255263 0.748447 0.113838 2 0.739619 0.242955 2 0.712930 0.320953 2
0.0 0.638281 0.323427 0.139382 0.159941 0.676918 0.387816 2 0.643566 0.308766 2 0.594450 0.258089 2
0.0 0.677201 0.356560 0.061948 0.192686 0.676918 0.387816 2 0.678293 0.342079 2 0.662239 0.429763 2
0.0 0.548286 0.574234 0.095142 0.186706 0.580896 0.522152 2 0.522032 0.578027 2 0.510139 0.627229 2
0.0 0.552526 0.752385 0.073024 0.148865 0.541742 0.715590 2 0.545020 0.772423 2 0.556134 0.812542 2
0.0 0.696551 0.718615 0.096744 0.204481 0.728265 0.712479 2 0.674179 0.751304 2 0.651349 0.789678 2
0.0 0.640081 0.775536 0.107616 0.140933 0.663373 0.833219 2 0.618402 0.785354 2 0.608536 0.727655 2
0.0 0.763663 0.630081 0.094600 0.251348 0.728265 0.712479 2 0.769213 0.608475 2 0.796889 0.538970 2
0.0 0.804173 0.371750 0.088673 0.145460 0.816685 0.428747 2 0.795765 0.377303 2 0.786380 0.319803 2
0.0 0.796309 0.259513 0.078143 0.210864 0.822663 0.185560 2 0.777357 0.279597 2 0.786380 0.319803 2
0.0 0.753692 0.366813 0.085569 0.243133 0.745221 0.477103 2 0.744308 0.383016 2 0.757389 0.269859 2
0.0 0.698682 0.503959 0.099127 0.221740 0.703023 0.598698 2 0.694595 0.511391 2 0.689585 0.411489 2
0.0 0.795023 0.148139 0.116779 0.224328 0.822663 0.185560 2 0.795860 0.129521 2 0.778606 0.050456 2
0.0 0.642097 0.619256 0.086592 0.127476 0.656064 0.665814 2 0.638097 0.590463 2 0.609813 0.627465 2