0.0 0.341689 0.124870 0.109223 0.098260 0.387318 0.082212 2 0.343750 0.114908 2 0.293847 0.154223 2
0.0 0.423210 0.190164 0.049554 0.238090 0.433196 0.300413 2 0.409518 0.179282 2 0.425989 0.084085 2
0.0 0.335918 0.345759 0.029755 0.225875 0.339473 0.441313 2 0.332166 0.340401 2 0.334343 0.243144 2
0.0 0.335989 0.478614 0.056720 0.210867 0.354041 0.564564 2 0.335942 0.479583 2 0.312908 0.402981 2
0.0 0.510357 0.151930 0.085623 0.197091 0.480667 0.072286 2 0.525704 0.147056 2 0.470977 0.188932 2
0.0 0.517168 0.226708 0.110211 0.127472 0.558040 0.265149 2 0.512920 0.222388 2 0.567318 0.226148 2
0.0 0.503649 0.289533 0.072373 0.176983 0.476043 0.227074 2 0.512920 0.222388 2 0.530614 0.357853 2
0.0 0.601371 0.302325 0.039479 0.235836 0.611715 0.201107 2 0.600008 0.296663 2 0.615390 0.346116 2
0.0 0.597529 0.303787 0.073395 0.208137 0.567097 0.348377 2 0.581350 0.270911 2 0.615390 0.346116 2
0.0 0.631005 0.383902 0.046147 0.234745 0.640768 0.479630 2 0.637061 0.363723 2 0.615390 0.346116 2
0.0 0.642704 0.397938 0.076617 0.173636 0.670710 0.461287 2 0.637061 0.363723 2 0.615390 0.346116 2
0.0 0.641030 0.602784 0.033170 0.230184 0.644298 0.523801 2 0.638541 0.606964 2 0.650412 0.638428 2
0.0 0.631213 0.727197 0.045584 0.229824 0.611902 0.818859 2 0.628777 0.755618 2 0.650412 0.638428 2
0.0 0.579395 0.739606 0.044800 0.212264 0.571763 0.819120 2 0.587297 0.750227 2 0.592421 0.648710 2
0.0 0.580794 0.413557 0.043181 0.174236 0.567097 0.348377 2 0.575272 0.399709 2 0.593534 0.475944 2
0.0 0.558288 0.526008 0.073789 0.203348 0.584596 0.604121 2 0.563970 0.527223 2 0.531483 0.445034 2
0.0 0.509706 0.653409 0.104639 0.082155 0.552830 0.672165 2 0.514602 0.645025 2 0.463766 0.656335 2
0.0 0.477949 0.830080 0.075387 0.185117 0.503333 0.770597 2 0.474980 0.807173 2 0.447537 0.900853 2