0.0 0.492151 0.449778 0.123983 0.146701 0.530717 0.499031 2 0.481469 0.461975 2 0.447304 0.389537 2
0.0 0.632180 0.364020 0.168111 0.174667 0.684049 0.431990 2 0.614546 0.358320 2 0.568343 0.291986 2
0.0 0.607389 0.166182 0.106336 0.121610 0.635871 0.170325 2 0.607848 0.153216 2 0.640502 0.220533 2
0.0 0.673587 0.222947 0.113726 0.136841 0.635871 0.170325 2 0.670753 0.245775 2 0.640502 0.220533 2
0.0 0.752446 0.369770 0.059463 0.244252 0.750525 0.451196 2 0.751821 0.361211 2 0.729357 0.479255 2
0.0 0.715664 0.657976 0.043962 0.174882 0.705828 0.724992 2 0.710302 0.657528 2 0.715025 0.583536 2
0.0 0.799887 0.452441 0.095794 0.179435 0.823340 0.528601 2 0.798149 0.523561 2 0.770525 0.384226 2
0.0 0.777555 0.538527 0.116629 0.214203 0.750525 0.451196 2 0.771406 0.628203 2 0.782999 0.541982 2
0.0 0.769375 0.627566 0.055350 0.222888 0.752004 0.712269 2 0.771406 0.628203 2 0.782999 0.541982 2
0.0 0.748681 0.814789 0.083621 0.228012 0.718861 0.891367 2 0.757365 0.831370 2 0.774416 0.726891 2
0.0 0.606208 0.713543 0.128175 0.073930 0.655312 0.733698 2 0.619008 0.722789 2 0.554087 0.690839 2
0.0 0.554760 0.747401 0.113581 0.119200 0.516564 0.703113 2 0.563330 0.751715 2 0.588788 0.789767 2
0.0 0.528996 0.791140 0.099521 0.073976 0.488356 0.766883 2 0.534404 0.799290 2 0.566840 0.811026 2
0.0 0.643746 0.128179 0.134588 0.097694 0.590730 0.086406 2 0.661410 0.115233 2 0.696684 0.165383 2