0.0 0.398960 0.391670 0.109900 0.118520 0.442189 0.429630 2 0.390099 0.406480 2 0.348439 0.344440 2
0.0 0.524480 0.269440 0.152080 0.135190 0.582809 0.322220 2 0.506769 0.268520 2 0.454169 0.215740 2
0.0 0.477080 0.081480 0.094790 0.097220 0.505209 0.077780 2 0.476039 0.068520 2 0.515629 0.125930 2
0.0 0.547920 0.119440 0.100520 0.111110 0.505209 0.077780 2 0.547919 0.142590 2 0.515629 0.125930 2
0.0 0.641670 0.242590 0.030730 0.239810 0.649479 0.323150 2 0.640099 0.234260 2 0.632289 0.356480 2
0.0 0.640100 0.536110 0.023440 0.171300 0.638539 0.604630 2 0.634899 0.537040 2 0.630729 0.462960 2
0.0 0.697400 0.311110 0.076560 0.161110 0.729169 0.379630 2 0.704169 0.381480 2 0.660939 0.251850 2
0.0 0.685940 0.401850 0.093750 0.191670 0.649479 0.323150 2 0.690629 0.491670 2 0.691669 0.403700 2
0.0 0.688540 0.491670 0.029170 0.218520 0.681769 0.579630 2 0.690629 0.491670 2 0.691669 0.403700 2
0.0 0.690620 0.681480 0.057810 0.215740 0.670829 0.764810 2 0.701039 0.695370 2 0.705209 0.587960 2
0.0 0.540630 0.620370 0.123440 0.040740 0.590629 0.626850 2 0.554169 0.625930 2 0.487499 0.612040 2
0.0 0.494790 0.667590 0.102600 0.092590 0.452599 0.634260 2 0.503649 0.669440 2 0.532809 0.700000 2
0.0 0.475000 0.717590 0.093750 0.049070 0.432809 0.704630 2 0.481249 0.724070 2 0.514059 0.726850 2
0.0 0.507810 0.034260 0.127080 0.063890 0.451559 0.007410 2 0.523439 0.016670 2 0.563539 0.056480 2