0 0.60104 0.39167 0.10990 0.11852 0.55729 0.42963 2 0.60938 0.40648 2 0.65104 0.34444 2 
0 0.47552 0.26944 0.15208 0.13519 0.41667 0.32222 2 0.49271 0.26852 2 0.54531 0.21574 2 
0 0.52292 0.08148 0.09479 0.09722 0.49427 0.07778 2 0.52344 0.06852 2 0.48385 0.12593 2 
0 0.45208 0.11944 0.10052 0.11111 0.49427 0.07778 2 0.45156 0.14259 2 0.48385 0.12593 2 
0 0.35833 0.24259 0.03073 0.23981 0.35000 0.32315 2 0.35938 0.23426 2 0.36719 0.35648 2 
0 0.35990 0.53611 0.02344 0.17130 0.36094 0.60463 2 0.36458 0.53704 2 0.36875 0.46296 2 
0 0.30260 0.31111 0.07656 0.16111 0.27031 0.37963 2 0.29531 0.38148 2 0.33854 0.25185 2 
0 0.31406 0.40185 0.09375 0.19167 0.35000 0.32315 2 0.30885 0.49167 2 0.30781 0.40370 2 
0 0.31146 0.49167 0.02917 0.21852 0.31771 0.57963 2 0.30885 0.49167 2 0.30781 0.40370 2 
0 0.30938 0.68148 0.05781 0.21574 0.32865 0.76481 2 0.29844 0.69537 2 0.29427 0.58796 2 
0 0.45937 0.62037 0.12344 0.04074 0.40885 0.62685 2 0.44531 0.62593 2 0.51198 0.61204 2 
0 0.50521 0.66759 0.10260 0.09259 0.54688 0.63426 2 0.49583 0.66944 2 0.46667 0.70000 2 
0 0.52500 0.71759 0.09375 0.04907 0.56667 0.70463 2 0.51823 0.72407 2 0.48542 0.72685 2 
0 0.49219 0.03426 0.12708 0.06389 0.54792 0.00741 2 0.47604 0.01667 2 0.43594 0.05648 2 
