0.0 0.633744 0.309817 0.130800 0.157065 0.598250 0.363728 2 0.644882 0.319588 2 0.673746 0.244347 2
0.0 0.486898 0.252830 0.175420 0.190902 0.439456 0.326978 2 0.503673 0.244277 2 0.545066 0.172724 2
0.0 0.497005 0.062479 0.111847 0.124957 0.468259 0.068564 2 0.495090 0.047245 2 0.467361 0.117328 2
0.0 0.434843 0.125490 0.120160 0.146142 0.468259 0.068564 2 0.438901 0.146809 2 0.467361 0.117328 2
0.0 0.366700 0.279704 0.076604 0.233563 0.374214 0.357137 2 0.366201 0.271446 2 0.397538 0.380165 2
0.0 0.425092 0.548354 0.056180 0.167492 0.439469 0.610620 2 0.429949 0.546998 2 0.419693 0.477187 2
0.0 0.325284 0.367076 0.106333 0.181491 0.306954 0.443993 2 0.331845 0.434701 2 0.349158 0.296748 2
0.0 0.354105 0.445304 0.129121 0.217090 0.374214 0.357137 2 0.366474 0.529862 2 0.348415 0.449596 2
0.0 0.368950 0.528868 0.070949 0.213341 0.392205 0.606682 2 0.366474 0.529862 2 0.348415 0.449596 2
0.0 0.403673 0.703956 0.098515 0.223379 0.438808 0.771798 2 0.395713 0.721358 2 0.370817 0.624629 2
0.0 0.539021 0.581950 0.129022 0.091644 0.490786 0.609950 2 0.526386 0.593079 2 0.589118 0.551028 2
0.0 0.593150 0.605130 0.118614 0.130062 0.627669 0.556077 2 0.584388 0.610798 2 0.561693 0.651658 2
0.0 0.622254 0.642312 0.101501 0.086237 0.660719 0.611951 2 0.616950 0.651082 2 0.585293 0.668055 2
0.0 0.457704 0.043470 0.137077 0.086939 0.507276 -0.019591 2 0.438534 0.020502 2 0.406895 0.074659 2