0.0 0.332564 0.034936 0.115418 0.069872 0.330593 0.041287 2 0.343657 0.011072 2 0.287660 0.028979 2
0.0 0.278810 0.067635 0.094578 0.084757 0.239451 0.070224 2 0.277854 0.080753 2 0.316602 0.049889 2
0.0 0.374970 0.067486 0.101276 0.134972 0.330593 0.041287 2 0.389583 0.062468 2 0.418107 0.091792 2
0.0 0.215543 0.360869 0.085621 0.225379 0.180233 0.281089 2 0.208003 0.365750 2 0.250198 0.444370 2
0.0 0.455443 0.365089 0.061690 0.209026 0.446232 0.276229 2 0.448620 0.368749 2 0.462215 0.447405 2
0.0 0.379659 0.607634 0.109788 0.165673 0.333785 0.567113 2 0.381303 0.611417 2 0.420921 0.645281 2
0.0 0.481574 0.106629 0.054655 0.191804 0.465249 0.030833 2 0.485025 0.134411 2 0.493757 0.190347 2
0.0 0.438512 0.164051 0.071422 0.082212 0.411152 0.184545 2 0.438363 0.149336 2 0.465112 0.171153 2
0.0 0.547584 0.198215 0.100414 0.146684 0.588690 0.232254 2 0.542329 0.181050 2 0.509591 0.157142 2
0.0 0.528959 0.288510 0.091481 0.184199 0.562816 0.340254 2 0.525463 0.276105 2 0.491814 0.236092 2
0.0 0.499051 0.289102 0.092863 0.213330 0.486430 0.375853 2 0.480643 0.266426 2 0.501822 0.207154 2
0.0 0.607413 0.530750 0.092542 0.199711 0.599001 0.606582 2 0.626002 0.545786 2 0.615599 0.458459 2
0.0 0.544526 0.468118 0.070093 0.189537 0.559520 0.502985 2 0.548784 0.465303 2 0.542491 0.390921 2
0.0 0.476134 0.617727 0.088585 0.073522 0.507087 0.614751 2 0.469162 0.620528 2 0.442028 0.623624 2
0.0 0.548764 0.536022 0.073725 0.128390 0.559520 0.502985 2 0.550756 0.563493 2 0.533163 0.591938 2