0.0 0.673133 0.051136 0.071754 0.102271 0.656378 0.086696 2 0.694614 -0.013834 2 0.667369 0.026787 2
0.0 0.692612 0.043577 0.076405 0.087154 0.722209 -0.006396 2 0.694614 -0.013834 2 0.667369 0.026787 2
0.0 0.759645 0.095583 0.112352 0.191166 0.741532 0.002635 2 0.768732 0.089343 2 0.782446 0.171886 2
0.0 0.591175 0.076071 0.070992 0.152141 0.567061 0.134824 2 0.610534 0.063559 2 0.617380 0.008844 2
0.0 0.544831 0.023862 0.098512 0.047724 0.504127 0.026625 2 0.554537 0.006429 2 0.578281 -0.012221 2
0.0 0.600585 0.504564 0.068159 0.247267 0.623543 0.401623 2 0.604009 0.509116 2 0.579257 0.607920 2
0.0 0.444020 0.424199 0.044023 0.152209 0.451380 0.371605 2 0.449280 0.429050 2 0.436766 0.486755 2
0.0 0.420979 0.538959 0.097480 0.209270 0.444818 0.586992 2 0.415511 0.545975 2 0.462957 0.464579 2
0.0 0.451728 0.659545 0.087213 0.198299 0.444818 0.586992 2 0.455464 0.670992 2 0.461510 0.742500 2
0.0 0.472539 0.795161 0.109555 0.077360 0.519943 0.790221 2 0.479960 0.813090 2 0.425691 0.804244 2
0.0 0.322932 0.603286 0.100158 0.130683 0.351518 0.639357 2 0.321461 0.626630 2 0.295047 0.561597 2
0.0 0.388664 0.389716 0.062051 0.223026 0.374223 0.476561 2 0.388709 0.385868 2 0.397825 0.290397 2
0.0 0.368582 0.208184 0.098019 0.122894 0.329267 0.243955 2 0.373355 0.177688 2 0.407379 0.171482 2
0.0 0.426051 0.194046 0.092722 0.215935 0.448423 0.133120 2 0.415369 0.195304 2 0.433633 0.225710 2
0.0 0.457364 0.246158 0.069744 0.187087 0.473751 0.172505 2 0.440860 0.254316 2 0.459782 0.327913 2
0.0 0.454790 0.114876 0.066019 0.229751 0.448423 0.133120 2 0.458210 0.104346 2 0.433633 0.225710 2
0.0 0.479197 0.144921 0.059150 0.210464 0.473751 0.172505 2 0.471890 0.145756 2 0.465984 0.235880 2
0.0 0.511739 0.204088 0.066234 0.170711 0.490226 0.267260 2 0.515778 0.213638 2 0.537795 0.149644 2