0.0 0.526156 0.111937 0.103264 0.144583 0.481475 0.067155 2 0.522538 0.108913 2 0.572843 0.157138 2
0.0 0.408703 0.164657 0.099567 0.088735 0.445819 0.173751 2 0.407517 0.144424 2 0.372934 0.198827 2
0.0 0.443978 0.245662 0.072390 0.119629 0.463120 0.211069 2 0.456132 0.274694 2 0.424424 0.284868 2
0.0 0.509012 0.405069 0.067837 0.221796 0.486691 0.320448 2 0.517012 0.399676 2 0.534655 0.493550 2
0.0 0.464928 0.183833 0.119495 0.096349 0.463120 0.211069 2 0.466093 0.167763 2 0.410430 0.171682 2
0.0 0.291444 0.263757 0.115940 0.131177 0.252778 0.315221 2 0.285483 0.256569 2 0.333150 0.213435 2
0.0 0.319017 0.392743 0.068598 0.165072 0.324863 0.469480 2 0.306266 0.388794 2 0.318471 0.454070 2
0.0 0.296539 0.404755 0.067357 0.136379 0.268235 0.357557 2 0.306266 0.388794 2 0.318471 0.454070 2
0.0 0.348153 0.434155 0.080175 0.094553 0.324863 0.469480 2 0.352146 0.426782 2 0.370576 0.403534 2
0.0 0.455013 0.682505 0.102349 0.127513 0.419312 0.646099 2 0.470377 0.657043 2 0.496996 0.697103 2
0.0 0.487022 0.826366 0.060162 0.209568 0.491605 0.739980 2 0.492105 0.833630 2 0.480570 0.921392 2
0.0 0.566725 0.869530 0.099686 0.072759 0.605191 0.846778 2 0.569174 0.869911 2 0.529790 0.892789 2
0.0 0.380926 0.625203 0.065633 0.226674 0.355430 0.537519 2 0.384498 0.627210 2 0.411783 0.713544 2
0.0 0.280836 0.498008 0.041905 0.200509 0.274546 0.416616 2 0.280878 0.502590 2 0.281055 0.584244 2
0.0 0.247636 0.378522 0.087352 0.140456 0.268235 0.357557 2 0.240555 0.352061 2 0.246913 0.380472 2
0.0 0.244177 0.461850 0.054989 0.216508 0.265180 0.511355 2 0.245244 0.467145 2 0.246913 0.380472 2
0.0 0.307251 0.682924 0.084925 0.117741 0.276042 0.653031 2 0.310865 0.694206 2 0.342905 0.718303 2
0.0 0.271568 0.571372 0.031275 0.152126 0.265180 0.511355 2 0.274523 0.580934 2 0.281062 0.628798 2
0.0 0.415266 0.768589 0.094104 0.071621 0.453602 0.757934 2 0.421387 0.781215 2 0.375245 0.767413 2
0.0 0.354168 0.108010 0.091190 0.065690 0.317880 0.128351 2 0.356596 0.103754 2 0.384905 0.084057 2