0.0 0.280048 0.070958 0.106676 0.141916 0.325889 0.012907 2 0.283351 0.045498 2 0.230945 0.082140 2
0.0 0.419001 0.147443 0.108170 0.128776 0.377166 0.144751 2 0.417810 0.125139 2 0.462625 0.198101 2
0.0 0.386989 0.226037 0.072865 0.151241 0.361223 0.180594 2 0.375562 0.254340 2 0.412666 0.276725 2
0.0 0.328982 0.382216 0.056782 0.256395 0.345379 0.295049 2 0.318825 0.373366 2 0.308171 0.472492 2
0.0 0.356942 0.149470 0.130883 0.143944 0.361223 0.180594 2 0.353493 0.131017 2 0.417231 0.154687 2
0.0 0.562389 0.299144 0.123037 0.179065 0.611046 0.370191 2 0.567941 0.293116 2 0.509366 0.228254 2
0.0 0.543958 0.434192 0.063627 0.197373 0.544498 0.518158 2 0.557562 0.434146 2 0.550225 0.503096 2
0.0 0.570744 0.455441 0.065171 0.166930 0.597706 0.412299 2 0.557562 0.434146 2 0.550225 0.503096 2
0.0 0.514958 0.470526 0.084680 0.127843 0.544498 0.518158 2 0.509164 0.460844 2 0.485857 0.428401 2
0.0 0.418280 0.711928 0.107386 0.170319 0.454743 0.683446 2 0.397730 0.678031 2 0.371458 0.713721 2
0.0 0.396293 0.862117 0.049009 0.240836 0.381897 0.763654 2 0.390728 0.868465 2 0.412664 0.970843 2
0.0 0.309924 0.882904 0.109984 0.112118 0.263356 0.844043 2 0.306665 0.882449 2 0.353781 0.921734 2
0.0 0.496839 0.673347 0.053670 0.260697 0.516541 0.583847 2 0.492466 0.674326 2 0.470081 0.761660 2
0.0 0.597974 0.565419 0.028419 0.224762 0.596452 0.476320 2 0.597876 0.570506 2 0.605871 0.661982 2
0.0 0.623762 0.442968 0.088335 0.178424 0.597706 0.412299 2 0.628654 0.415724 2 0.624271 0.445371 2
0.0 0.636063 0.537579 0.042178 0.246220 0.616620 0.585768 2 0.634870 0.543111 2 0.624271 0.445371 2
0.0 0.586475 0.763567 0.087853 0.153801 0.618480 0.740830 2 0.582984 0.774929 2 0.548942 0.790847 2
0.0 0.615885 0.650872 0.020949 0.170339 0.616620 0.585768 2 0.612971 0.660533 2 0.610335 0.711925 2
0.0 0.472152 0.822196 0.103518 0.108909 0.426947 0.796942 2 0.465944 0.834196 2 0.517068 0.834702 2
0.0 0.475376 0.102826 0.100702 0.101655 0.518204 0.138161 2 0.471675 0.097180 2 0.437483 0.065295 2