0.0 0.235848 0.242553 0.107701 0.225967 0.241455 0.149139 2 0.219866 0.240303 2 0.225591 0.340801 2
0.0 0.268508 0.496472 0.120021 0.157380 0.235509 0.559441 2 0.255835 0.474818 2 0.297556 0.439033 2
0.0 0.300836 0.491677 0.128603 0.205007 0.352861 0.537385 2 0.255835 0.474818 2 0.297556 0.439033 2
0.0 0.351562 0.381104 0.074306 0.210059 0.341444 0.309389 2 0.347564 0.406719 2 0.379727 0.467955 2
0.0 0.343381 0.286651 0.108675 0.261220 0.341444 0.309389 2 0.347564 0.406719 2 0.355533 0.401323 2
0.0 0.358004 0.257424 0.141323 0.138257 0.341444 0.309389 2 0.366228 0.232860 2 0.305872 0.316560 2
0.0 0.464782 0.270855 0.082995 0.182242 0.464352 0.208997 2 0.448436 0.281745 2 0.490628 0.334710 2
0.0 0.476478 0.066319 0.107172 0.132638 0.434833 0.048691 2 0.483295 0.029018 2 0.463388 0.078491 2
0.0 0.571581 0.101796 0.115513 0.203591 0.575628 0.161544 2 0.565041 0.093104 2 0.522626 0.034232 2
0.0 0.521256 0.124846 0.138512 0.195130 0.510524 0.186306 2 0.518379 0.121001 2 0.463388 0.078491 2
0.0 0.595431 0.384041 0.096632 0.285957 0.575375 0.276584 2 0.632987 0.486887 2 0.613015 0.506392 2
0.0 0.541673 0.273048 0.082815 0.228625 0.510524 0.186306 2 0.533127 0.245629 2 0.576544 0.361042 2
0.0 0.596191 0.278780 0.063801 0.217201 0.573737 0.197333 2 0.594109 0.278590 2 0.613933 0.377080 2
0.0 0.615016 0.273752 0.067826 0.213111 0.638632 0.354555 2 0.611228 0.263302 2 0.592459 0.194346 2
0.0 0.625999 0.484944 0.116060 0.186388 0.645359 0.417647 2 0.632987 0.486887 2 0.604071 0.564175 2
0.0 0.659508 0.386700 0.081097 0.249459 0.638632 0.354555 2 0.650382 0.366534 2 0.673603 0.490549 2
0.0 0.655010 0.264685 0.074503 0.206828 0.681573 0.339233 2 0.655798 0.270275 2 0.621724 0.187868 2
0.0 0.522204 0.907981 0.147743 0.110297 0.467739 0.934134 2 0.518030 0.900695 2 0.580676 0.876981 2
0.0 0.416684 0.930000 0.090668 0.102552 0.383243 0.924196 2 0.412930 0.934516 2 0.446750 0.939091 2