0.0 0.404227 0.043836 0.138541 0.074971 0.450670 0.021157 2 0.402683 0.043066 2 0.448414 0.058704 2
0.0 0.439191 0.120417 0.084510 0.150939 0.477786 0.187917 2 0.416999 0.097284 2 0.448414 0.058704 2
0.0 0.430110 0.150798 0.130585 0.065858 0.480200 0.163372 2 0.410634 0.177767 2 0.370204 0.137311 2
0.0 0.424567 0.181716 0.135495 0.062143 0.477786 0.187917 2 0.410634 0.177767 2 0.366256 0.193257 2
0.0 0.523351 0.047932 0.120729 0.095864 0.475513 0.020541 2 0.521325 0.029232 2 0.470565 -0.016323 2
0.0 0.597338 0.264348 0.073362 0.241005 0.573027 0.162399 2 0.597748 0.253837 2 0.622968 0.372152 2
0.0 0.609728 0.369979 0.055222 0.174087 0.620050 0.445359 2 0.615964 0.388438 2 0.600054 0.309192 2
0.0 0.500684 0.114598 0.070277 0.077702 0.513012 0.095138 2 0.492890 0.126573 2 0.872027 -0.069949 0
0.0 0.541965 0.234862 0.106669 0.108736 0.582163 0.263996 2 0.537119 0.239609 2 0.494803 0.201930 2
0.0 0.643909 0.193949 0.092404 0.192647 0.648538 0.262928 2 0.640688 0.187261 2 0.638890 0.210004 2
0.0 0.671405 0.289467 0.073885 0.182534 0.648538 0.262928 2 0.671742 0.298066 2 0.638890 0.210004 2
0.0 0.666164 0.343801 0.062235 0.209022 0.648538 0.262928 2 0.661285 0.345944 2 0.682126 0.435143 2
0.0 0.524284 0.549125 0.116384 0.056154 0.569741 0.550847 2 0.518379 0.546161 2 0.472567 0.537471 2
0.0 0.280909 0.487935 0.094781 0.178662 0.268536 0.569805 2 0.270789 0.481019 2 0.283214 0.411244 2
0.0 0.347203 0.723046 0.100904 0.108190 0.300968 0.687428 2 0.350323 0.735723 2 0.388292 0.759053 2
0.0 0.536550 0.810196 0.117807 0.079699 0.495762 0.838319 2 0.538158 0.805648 2 0.576291 0.790749 2
0.0 0.420789 0.022540 0.138335 0.045079 0.475513 0.020541 2 0.410911 -0.003739 2 0.359126 -0.003180 2