0.0 0.357663 0.282363 0.125576 0.112907 0.402823 0.326190 2 0.332702 0.282959 2 0.304977 0.235140 2
0.0 0.448812 0.374166 0.052017 0.174600 0.458797 0.303907 2 0.440444 0.353874 2 0.441387 0.453223 2
0.0 0.515024 0.195267 0.041651 0.197135 0.514204 0.107977 2 0.515620 0.215406 2 0.498422 0.285564 2
0.0 0.498218 0.135398 0.142284 0.114628 0.514204 0.107977 2 0.485266 0.144954 2 0.440500 0.088956 2
0.0 0.616569 0.066716 0.078142 0.133432 0.620223 0.019770 2 0.614023 0.056072 2 0.634676 0.123239 2
0.0 0.655742 0.074148 0.104612 0.127308 0.620223 0.019770 2 0.614023 0.056072 2 0.691355 0.126806 2
0.0 0.657954 0.199350 0.086736 0.124779 0.638077 0.149907 2 0.661259 0.199312 2 1.113459 -0.027354 0
0.0 0.636045 0.085343 0.053800 0.141531 0.638077 0.149907 2 1.113459 -0.027354 0 0.634676 0.123239 2
0.0 0.564292 0.069562 0.098473 0.057068 0.522880 0.068453 2 0.564032 0.051734 2 0.597057 0.095546 2
0.0 0.700948 0.270680 0.066470 0.217449 0.673645 0.363348 2 0.703444 0.273874 2 0.722440 0.181108 2
0.0 0.760245 0.213692 0.052286 0.164110 0.748453 0.152993 2 0.766609 0.161179 2 0.764690 0.289584 2
0.0 0.767036 0.183848 0.096233 0.153889 0.793589 0.246143 2 0.766609 0.161179 2 0.731929 0.117358 2
0.0 0.595618 0.392011 0.065438 0.148860 0.616814 0.333926 2 0.598450 0.383893 2 0.566559 0.458011 2
0.0 0.470981 0.658599 0.100080 0.111952 0.433010 0.621164 2 0.462917 0.676262 2 0.452641 0.645514 2
0.0 0.407339 0.624296 0.130989 0.062918 0.350990 0.609369 2 0.401917 0.643588 2 0.452641 0.645514 2
0.0 0.776809 0.415714 0.043602 0.193913 0.759157 0.505194 2 0.782043 0.405186 2 0.782292 0.332492 2
0.0 0.754485 0.404267 0.042905 0.150337 0.765789 0.345320 2 0.749014 0.417104 2 0.736423 0.471135 2
0.0 0.738243 0.358131 0.048285 0.197175 0.735229 0.444480 2 0.729910 0.365298 2 0.730147 0.278875 2