0.0 0.753762 0.177242 0.144360 0.110969 0.809749 0.215312 2 0.754645 0.174734 2 0.697383 0.141237 2
0.0 0.720139 0.280201 0.120709 0.218802 0.692618 0.193451 2 0.728541 0.295942 2 0.751837 0.384288 2
0.0 0.710774 0.690189 0.119708 0.166212 0.762947 0.657408 2 0.704063 0.739881 2 0.661178 0.716257 2
0.0 0.534319 0.777087 0.100678 0.214531 0.577376 0.717658 2 0.535713 0.794331 2 0.492856 0.859825 2
0.0 0.457987 0.711557 0.057069 0.160506 0.463252 0.651796 2 0.460065 0.728054 2 0.443054 0.775054 2
0.0 0.401816 0.550167 0.141302 0.233882 0.367706 0.454288 2 0.401875 0.568906 2 0.436610 0.656308 2
0.0 0.318815 0.670333 0.067373 0.227823 0.316214 0.765512 2 0.318349 0.673228 2 0.340380 0.583894 2
0.0 0.275180 0.484878 0.063067 0.226336 0.274460 0.586577 2 0.276071 0.478439 2 0.278602 0.391189 2
0.0 0.358282 0.286405 0.124155 0.179253 0.304770 0.327766 2 0.379686 0.340924 2 0.389369 0.223825 2
0.0 0.348906 0.362482 0.071278 0.138847 0.366955 0.408978 2 0.379686 0.340924 2 0.338893 0.365020 2
0.0 0.319240 0.422740 0.058404 0.155659 0.295573 0.480291 2 0.315552 0.424522 2 0.338893 0.365020 2
0.0 0.333459 0.457031 0.045235 0.156417 0.319334 0.518850 2 0.340278 0.444813 2 0.350966 0.398558 2
0.0 0.390524 0.324965 0.073533 0.214009 0.397620 0.415658 2 0.379686 0.340924 2 0.389369 0.223825 2
0.0 0.495153 0.347394 0.144665 0.141180 0.444692 0.305607 2 0.510155 0.348780 2 0.552996 0.403723 2
0.0 0.521518 0.232145 0.145598 0.137074 0.460641 0.250403 2 0.537865 0.232040 2 0.585503 0.219118 2
0.0 0.488201 0.193224 0.127981 0.124792 0.436877 0.207919 2 0.537865 0.232040 2 0.546547 0.180194 2
0.0 0.492135 0.075864 0.071347 0.151727 0.487452 -0.011573 2 0.480461 0.094706 2 0.494534 0.137755 2
0.0 0.622095 0.052223 0.120312 0.104446 0.668995 0.037425 2 0.597840 0.029500 2 0.572651 0.058987 2
0.0 0.586071 0.130089 0.115847 0.094033 0.633497 0.129943 2 0.590313 0.135584 2 0.541093 0.128373 2