0.0 0.771129 0.021859 0.121896 0.043719 0.817523 0.023335 2 0.771870 0.004337 2 0.724268 -0.006827 2
0.0 0.740911 0.122030 0.104502 0.198835 0.719289 0.046661 2 0.747646 0.134275 2 0.765630 0.212741 2
0.0 0.725444 0.531252 0.102597 0.141634 0.769936 0.478691 2 0.718824 0.582886 2 0.683146 0.575973 2
0.0 0.575240 0.684949 0.087816 0.200892 0.612548 0.609522 2 0.576045 0.701369 2 0.538743 0.782615 2
0.0 0.512171 0.649412 0.050574 0.156433 0.517660 0.588160 2 0.513565 0.664831 2 0.498371 0.717860 2
0.0 0.467852 0.511297 0.121875 0.208416 0.440849 0.429424 2 0.467505 0.529709 2 0.495140 0.602850 2
0.0 0.395733 0.662040 0.060488 0.226622 0.391732 0.757100 2 0.395237 0.664978 2 0.415441 0.568139 2
0.0 0.362415 0.495305 0.056890 0.226442 0.359879 0.596093 2 0.363235 0.488487 2 0.366980 0.401194 2
0.0 0.436068 0.267048 0.106549 0.154408 0.390189 0.328402 2 0.453035 0.312667 2 0.463354 0.193098 2
0.0 0.426765 0.345914 0.061905 0.127964 0.441055 0.384884 2 0.453035 0.312667 2 0.418237 0.352163 2
0.0 0.400669 0.416917 0.051581 0.150682 0.379624 0.482834 2 0.397480 0.419991 2 0.418237 0.352163 2
0.0 0.412009 0.445386 0.040683 0.155936 0.398921 0.511864 2 0.417927 0.430577 2 0.427783 0.380711 2
0.0 0.462506 0.292824 0.065311 0.209440 0.466755 0.379724 2 0.453035 0.312667 2 0.463354 0.193098 2
0.0 0.550203 0.274857 0.122767 0.105864 0.508431 0.252777 2 0.562761 0.270366 2 0.597822 0.308283 2
0.0 0.574536 0.150716 0.123456 0.101058 0.522882 0.192039 2 0.588255 0.144233 2 0.628610 0.113165 2
0.0 0.547199 0.124996 0.108606 0.093538 0.503655 0.159127 2 0.588255 0.144233 2 0.596524 0.089607 2
0.0 0.553021 0.040157 0.062977 0.080314 0.550305 -0.077441 2 0.542452 0.030391 2 0.553507 0.067581 2
0.0 0.630785 0.028476 0.097922 0.056951 0.702280 -0.098639 2 0.642506 -0.079170 2 0.620748 -0.040330 2