0.0 0.682290 0.124070 0.130730 0.063890 0.739060 0.141670 2 0.682810 0.121300 2 0.625520 0.108330 2
0.0 0.665100 0.232410 0.090620 0.185190 0.628130 0.159260 2 0.675000 0.244440 2 0.708330 0.320370 2
0.0 0.711460 0.623150 0.097400 0.130560 0.755210 0.575000 2 0.711980 0.672220 2 0.669270 0.663890 2
0.0 0.560420 0.762960 0.070830 0.187960 0.592190 0.692590 2 0.564060 0.778700 2 0.533330 0.854630 2
0.0 0.481250 0.725930 0.034380 0.147220 0.478130 0.667590 2 0.485420 0.740740 2 0.476040 0.790740 2
0.0 0.407810 0.591670 0.109380 0.193520 0.363540 0.512040 2 0.410420 0.609260 2 0.454170 0.680560 2
0.0 0.347400 0.732410 0.034900 0.213890 0.357810 0.823150 2 0.347400 0.735190 2 0.355730 0.643520 2
0.0 0.282290 0.571300 0.030730 0.213890 0.295310 0.667590 2 0.282290 0.564810 2 0.272920 0.481480 2
0.0 0.332290 0.356480 0.100000 0.142590 0.288540 0.412960 2 0.359380 0.400930 2 0.352600 0.287040 2
0.0 0.333850 0.431480 0.052080 0.119440 0.356770 0.469440 2 0.359380 0.400930 2 0.325000 0.437040 2
0.0 0.314580 0.498150 0.036460 0.141670 0.300520 0.560190 2 0.311460 0.500930 2 0.325000 0.437040 2
0.0 0.332290 0.525930 0.022920 0.147220 0.327600 0.588890 2 0.336980 0.512040 2 0.340630 0.464810 2
0.0 0.367190 0.382410 0.043230 0.197220 0.385940 0.465740 2 0.359380 0.400930 2 0.352600 0.287040 2
0.0 0.466670 0.369440 0.126560 0.095370 0.414580 0.346300 2 0.480730 0.365740 2 0.527600 0.403700 2
0.0 0.475520 0.251850 0.128120 0.090740 0.421880 0.288890 2 0.490620 0.246300 2 0.532810 0.218520 2
0.0 0.439580 0.225930 0.111980 0.084260 0.394270 0.256480 2 0.490620 0.246300 2 0.491670 0.194440 2
0.0 0.425000 0.096300 0.044790 0.171300 0.411460 0.032410 2 0.419270 0.135190 2 0.438020 0.171300 2
0.0 0.543230 0.042590 0.105210 0.079630 0.585420 0.019440 2 0.518750 0.035190 2 0.499480 0.071300 2
0.0 0.521350 0.134260 0.104170 0.056480 0.565100 0.118520 2 0.526040 0.137960 2 0.479690 0.147220 2