0.0 0.613284 0.303627 0.093402 0.144995 0.587672 0.358135 2 0.643642 0.331891 2 0.631410 0.245658 2
0.0 0.690319 0.607538 0.088263 0.119910 0.727828 0.640168 2 0.677998 0.568686 2 0.655892 0.622641 2
0.0 0.544730 0.590434 0.066910 0.256180 0.546902 0.484053 2 0.546103 0.607818 2 0.542715 0.702286 2
0.0 0.416068 0.776833 0.090543 0.169622 0.380686 0.719591 2 0.424570 0.783710 2 0.456392 0.835943 2
0.0 0.382152 0.553908 0.121366 0.146162 0.426479 0.495213 2 0.391697 0.575486 2 0.352154 0.615666 2
0.0 0.360238 0.210886 0.055171 0.192309 0.354368 0.135618 2 0.353990 0.234213 2 0.384167 0.290440 2
0.0 0.384762 0.179763 0.118862 0.080277 0.335520 0.205745 2 0.387169 0.172806 2 0.435280 0.159984 2
0.0 0.444053 0.218956 0.111046 0.062804 0.493828 0.206743 2 0.445299 0.220569 2 0.397509 0.231469 2
0.0 0.404896 0.326006 0.107733 0.177026 0.371790 0.402238 2 0.425160 0.307652 2 0.439675 0.254987 2
0.0 0.293104 0.413789 0.099605 0.161292 0.265611 0.479771 2 0.290845 0.387174 2 0.320789 0.343976 2
0.0 0.331902 0.609852 0.071125 0.183359 0.309990 0.548464 2 0.339382 0.641078 2 0.364086 0.679641 2
0.0 0.302801 0.519980 0.083725 0.236616 0.309990 0.548464 2 0.303035 0.502238 2 0.318120 0.416003 2
0.0 0.278652 0.598447 0.068877 0.227818 0.291648 0.618516 2 0.276812 0.590354 2 0.306160 0.692273 2
0.0 0.272057 0.832903 0.092573 0.249779 0.309446 0.932489 2 0.274453 0.806430 2 0.237159 0.736533 2
0.0 0.230080 0.538839 0.070706 0.226337 0.227819 0.638655 2 0.226970 0.543040 2 0.235853 0.442067 2
0.0 0.423558 0.964269 0.114444 0.071449 0.464937 0.950692 2 0.419407 0.973305 2 0.377176 0.963743 2