0 0.71406 0.24167 0.08177 0.13333 0.68229 0.29167 2 0.74167 0.27500 2 0.73854 0.18704 2 
0 0.75938 0.55741 0.07917 0.10833 0.79375 0.59630 2 0.75104 0.51667 2 0.72292 0.56667 2 
0 0.61406 0.51574 0.04167 0.25278 0.62760 0.41019 2 0.61354 0.53333 2 0.60000 0.62685 2 
0 0.46406 0.67963 0.07604 0.15926 0.43438 0.61667 2 0.47187 0.68796 2 0.49844 0.74537 2 
0 0.45365 0.45185 0.11094 0.12963 0.50469 0.40093 2 0.46094 0.47500 2 0.41667 0.50833 2 
0 0.46823 0.10648 0.03646 0.18889 0.47031 0.03056 2 0.45937 0.12870 2 0.48385 0.18981 2 
0 0.49635 0.07963 0.11563 0.06204 0.44375 0.09722 2 0.49948 0.07315 2 0.54948 0.06852 2 
0 0.55208 0.12870 0.10938 0.04537 0.60365 0.12500 2 0.55312 0.13056 2 0.50365 0.13333 2 
0 0.50104 0.22870 0.09323 0.16389 0.45937 0.29907 2 0.52344 0.21389 2 0.54375 0.16389 2 
0 0.37865 0.29722 0.08646 0.14907 0.34375 0.35833 2 0.37917 0.27037 2 0.41406 0.23241 2 
0 0.39687 0.49907 0.05417 0.17685 0.38125 0.43426 2 0.40104 0.53148 2 0.42188 0.57407 2 
0 0.37708 0.40463 0.06146 0.22963 0.38125 0.43426 2 0.37917 0.38704 2 0.40365 0.30370 2 
0 0.34427 0.47870 0.04688 0.22315 0.35521 0.50093 2 0.34323 0.47037 2 0.36198 0.57685 2 
0 0.31250 0.71111 0.06927 0.24167 0.33958 0.81667 2 0.31771 0.68519 2 0.28750 0.60926 2 
0 0.30156 0.41111 0.04896 0.22130 0.28854 0.51019 2 0.29792 0.41481 2 0.31771 0.31574 2 
0 0.45156 0.86759 0.11198 0.05370 0.49479 0.86111 2 0.44635 0.87593 2 0.40469 0.85926 2 
