0.0 0.569790 0.080560 0.105210 0.081480 0.523960 0.051850 2 0.585420 0.078700 2 0.617190 0.106480 2
0.0 0.610420 0.175930 0.051040 0.118520 0.622400 0.130560 2 0.620310 0.192590 2 0.593230 0.225930 2
0.0 0.495310 0.144440 0.128650 0.071300 0.442190 0.142590 2 0.502080 0.116670 2 0.555730 0.170370 2
0.0 0.391150 0.077780 0.106770 0.100000 0.343750 0.116670 2 0.399480 0.071300 2 0.442190 0.036110 2
0.0 0.416150 0.136110 0.100520 0.178700 0.462500 0.062040 2 0.399480 0.071300 2 0.370310 0.217590 2
0.0 0.336460 0.293520 0.042190 0.235190 0.352600 0.192590 2 0.339580 0.361110 2 0.323440 0.403700 2
0.0 0.336980 0.367590 0.025520 0.194440 0.333850 0.450930 2 0.339580 0.361110 2 0.348440 0.301850 2
0.0 0.295830 0.329630 0.059900 0.204630 0.272920 0.414810 2 0.293750 0.301850 2 0.323440 0.403700 2
0.0 0.317710 0.524070 0.065630 0.161110 0.341150 0.588890 2 0.296880 0.546300 2 0.301040 0.474070 2
0.0 0.307290 0.696300 0.032290 0.159260 0.316670 0.760190 2 0.307290 0.705560 2 0.298440 0.643520 2
0.0 0.397400 0.591670 0.070310 0.125930 0.371880 0.548150 2 0.407290 0.610190 2 0.426560 0.645370 2
0.0 0.508850 0.655560 0.109380 0.109260 0.553120 0.617590 2 0.510420 0.669440 2 0.466150 0.698150 2
0.0 0.553650 0.771300 0.025000 0.148150 0.559900 0.716670 2 0.563540 0.801850 2 0.549480 0.837960 2
0.0 0.618750 0.740740 0.128120 0.078700 0.559900 0.716670 2 0.634900 0.748150 2 0.678650 0.721300 2
0.0 0.529690 0.887040 0.092190 0.043520 0.565100 0.883330 2 0.525000 0.890740 2 0.490620 0.885190 2