0 0.59688 0.38611 0.04323 0.25370 0.58281 0.27778 2 0.60365 0.39352 2 0.61562 0.49630 2 
0 0.53958 0.67407 0.05677 0.13333 0.51979 0.62407 2 0.54375 0.67222 2 0.56094 0.71481 2 
0 0.45833 0.63333 0.02604 0.17037 0.45833 0.56759 2 0.45729 0.64722 2 0.45260 0.70278 2 
0 0.40885 0.64352 0.06927 0.14537 0.38490 0.59630 2 0.41146 0.66019 2 0.43854 0.70556 2 
0 0.35000 0.42963 0.06406 0.13056 0.32708 0.46944 2 0.32708 0.44352 2 0.37708 0.37963 2 
0 0.38125 0.49907 0.05208 0.20648 0.39844 0.41944 2 0.37292 0.50833 2 0.36094 0.59074 2 
0 0.32969 0.48519 0.02813 0.19630 0.33125 0.56204 2 0.32708 0.44352 2 0.32604 0.41019 2 
0 0.28229 0.53426 0.03073 0.22778 0.29167 0.62963 2 0.28437 0.53611 2 0.27240 0.44074 2 
0 0.33906 0.64167 0.06719 0.17778 0.33125 0.56204 2 0.34583 0.64537 2 0.36458 0.61296 2 
0 0.52865 0.76019 0.12708 0.05000 0.47396 0.76481 2 0.52604 0.76481 2 0.57969 0.75000 2 
0 0.56771 0.88426 0.11510 0.05000 0.61979 0.87778 2 0.56094 0.88056 2 0.52083 0.87407 2 
0 0.33125 0.76389 0.07448 0.17130 0.36250 0.83241 2 0.33385 0.76019 2 0.29792 0.69722 2 
0 0.35313 0.14352 0.09896 0.12593 0.31146 0.19630 2 0.35677 0.14259 2 0.39167 0.09259 2 
0 0.36406 0.23611 0.11302 0.16481 0.31146 0.19630 2 0.34896 0.22037 2 0.31302 0.30185 2 
0 0.38698 0.19907 0.06927 0.16574 0.36250 0.26296 2 0.35677 0.14259 2 0.41406 0.12778 2 
0 0.48594 0.06574 0.13073 0.09259 0.54375 0.03519 2 0.47135 0.08241 2 0.43281 0.11111 2 
0 0.58698 0.11019 0.09740 0.07778 0.54688 0.08056 2 0.60000 0.09907 2 0.63333 0.13981 2 
