0.0 0.640068 0.082786 0.114177 0.165572 0.599709 0.143200 2 0.661215 0.072538 2 0.604235 0.105534 2
0.0 0.574387 0.070244 0.111987 0.140489 0.540288 -0.003173 2 0.582869 0.056836 2 0.604235 0.105534 2
0.0 0.505402 0.126100 0.053737 0.252201 0.510711 0.240714 2 0.508474 0.137147 2 0.487939 0.226796 2
0.0 0.503903 0.348839 0.051177 0.269093 0.510711 0.240714 2 0.505429 0.359518 2 0.498695 0.466577 2
0.0 0.479480 0.278736 0.113141 0.283250 0.510711 0.240714 2 0.505429 0.359518 2 0.530426 0.154329 2
0.0 0.433479 0.335999 0.097424 0.195942 0.436989 0.390634 2 0.409849 0.380965 2 0.409001 0.290156 2
0.0 0.427407 0.190005 0.097934 0.226431 0.389466 0.287489 2 0.408116 0.176109 2 0.441786 0.105060 2
0.0 0.395154 0.186812 0.116367 0.193100 0.352951 0.263224 2 0.408116 0.176109 2 0.441786 0.105060 2
0.0 0.615105 0.469731 0.072035 0.229365 0.644081 0.375691 2 0.625508 0.486033 2 0.591229 0.565336 2
0.0 0.552602 0.601367 0.092699 0.163278 0.526414 0.554993 2 0.553098 0.610300 2 0.591229 0.565336 2
0.0 0.545271 0.779404 0.046271 0.186814 0.543260 0.712168 2 0.542944 0.795194 2 0.536374 0.860738 2
0.0 0.659605 0.857959 0.117234 0.110401 0.712086 0.815049 2 0.661916 0.881563 2 0.614153 0.860418 2
0.0 0.361180 0.584653 0.118392 0.133981 0.409275 0.554092 2 0.344466 0.575101 2 0.310967 0.635976 2
0.0 0.416128 0.602801 0.050405 0.219314 0.409275 0.554092 2 0.414222 0.628590 2 0.422520 0.516028 2
0.0 0.308551 0.700398 0.079525 0.236500 0.327830 0.785050 2 0.310434 0.682651 2 0.288891 0.612765 2
0.0 0.363557 0.867222 0.079208 0.192911 0.382748 0.929646 2 0.372777 0.844404 2 0.348243 0.791527 2