0 0.57396 0.05370 0.11667 0.10185 0.62552 0.09907 2 0.57969 0.02778 2 0.52500 0.02315 2 
0 0.43229 0.05833 0.12396 0.08056 0.37708 0.08333 2 0.44635 0.03333 2 0.49010 0.05741 2 
0 0.41354 0.12593 0.08958 0.13704 0.37448 0.17500 2 0.41563 0.11852 2 0.45312 0.07315 2 
0 0.46406 0.15370 0.13698 0.07685 0.52396 0.12778 2 0.46406 0.17315 2 0.40521 0.16852 2 
0 0.52448 0.23704 0.13958 0.05185 0.46198 0.23519 2 0.54010 0.24444 2 0.58802 0.24907 2 
0 0.47500 0.27963 0.07344 0.18056 0.49844 0.20185 2 0.49844 0.31852 2 0.45833 0.27315 2 
0 0.40313 0.31759 0.12031 0.11944 0.35260 0.36574 2 0.41719 0.30370 2 0.45833 0.27315 2 
0 0.31406 0.24815 0.08333 0.15648 0.31406 0.32222 2 0.32500 0.24630 2 0.33385 0.29444 2 
0 0.31302 0.38796 0.02396 0.18241 0.31406 0.32222 2 0.31250 0.40556 2 0.31302 0.46296 2 
0 0.32708 0.36944 0.01823 0.18611 0.32500 0.44352 2 0.33021 0.36574 2 0.33385 0.29444 2 
0 0.32396 0.49444 0.04896 0.23519 0.30781 0.59259 2 0.31979 0.49630 2 0.34375 0.38981 2 
0 0.29792 0.62963 0.07760 0.08426 0.26771 0.60093 2 0.30573 0.65093 2 0.33437 0.62593 2 
0 0.41667 0.61111 0.08281 0.21481 0.43594 0.51944 2 0.41302 0.60741 2 0.38646 0.53704 2 
0 0.46771 0.56296 0.08750 0.12593 0.43594 0.51944 2 0.47031 0.56204 2 0.50521 0.61667 2 
0 0.47500 0.66204 0.09219 0.15185 0.44375 0.60556 2 0.48125 0.67222 2 0.50938 0.72870 2 
0 0.64062 0.62037 0.09167 0.17407 0.60365 0.55000 2 0.64635 0.64722 2 0.68281 0.69537 2 
