0.0 0.495485 0.368751 0.125865 0.077569 0.443617 0.367187 2 0.501079 0.374983 2 0.554799 0.375240 2
0.0 0.431081 0.555717 0.087418 0.164657 0.395320 0.502841 2 0.442754 0.587309 2 0.465310 0.616058 2
0.0 0.501667 0.604931 0.063467 0.137903 0.523340 0.549821 2 0.506039 0.625077 2 0.487149 0.668674 2
0.0 0.562243 0.456089 0.111489 0.109898 0.517905 0.489656 2 0.573001 0.469593 2 0.607347 0.418618 2
0.0 0.436115 0.342139 0.099469 0.151618 0.443617 0.367187 2 0.422221 0.351919 2 0.397839 0.410207 2
0.0 0.304707 0.256534 0.082287 0.212111 0.324168 0.167139 2 0.300302 0.273704 2 0.282453 0.338107 2
0.0 0.247565 0.349992 0.066769 0.221838 0.232128 0.443100 2 0.261111 0.323736 2 0.268221 0.255817 2
0.0 0.211118 0.549209 0.033385 0.204109 0.211564 0.633955 2 0.217821 0.520551 2 0.212295 0.458579 2
0.0 0.228202 0.602680 0.046509 0.156320 0.211564 0.633955 2 0.241513 0.600203 2 0.243536 0.659166 2
0.0 0.289353 0.645400 0.070928 0.210943 0.318174 0.722251 2 0.290457 0.638757 2 0.263608 0.572455 2
0.0 0.314117 0.850823 0.043566 0.200582 0.324454 0.931946 2 0.317008 0.831987 2 0.310187 0.772991 2
0.0 0.375174 0.768510 0.085155 0.250269 0.338068 0.679378 2 0.387919 0.669397 2 0.411552 0.871369 2
0.0 0.385172 0.662647 0.094035 0.090598 0.349022 0.639965 2 0.387919 0.669397 2 0.424899 0.680005 2
0.0 0.459060 0.701224 0.086161 0.176980 0.433881 0.724916 2 0.445172 0.682702 2 0.494977 0.766739 2
0.0 0.463093 0.799970 0.076658 0.221838 0.433881 0.724916 2 0.454637 0.727525 2 0.500948 0.894339 2
0.0 0.447057 0.739004 0.085395 0.180421 0.433881 0.724916 2 0.445172 0.682702 2 0.419921 0.818726 2
0.0 0.284571 0.541310 0.071483 0.100826 0.259871 0.517461 2 0.285594 0.552021 2 0.263608 0.572455 2