0.0 0.406770 0.331480 0.134900 0.056480 0.462499 0.320370 2 0.400519 0.338890 2 0.342189 0.349070 2
0.0 0.486980 0.509260 0.087500 0.153700 0.522399 0.449070 2 0.475519 0.543520 2 0.452599 0.576850 2
0.0 0.413020 0.572220 0.062500 0.130560 0.385939 0.520370 2 0.408859 0.593520 2 0.431769 0.634260 2
0.0 0.339060 0.432410 0.117190 0.092590 0.388539 0.458330 2 0.327599 0.448150 2 0.287499 0.402780 2
0.0 0.469790 0.293520 0.101560 0.137960 0.462499 0.320370 2 0.484899 0.300930 2 0.514579 0.355560 2
0.0 0.607810 0.182410 0.079170 0.203700 0.581249 0.095370 2 0.613019 0.199070 2 0.635939 0.261110 2
0.0 0.675000 0.266670 0.061460 0.216670 0.696359 0.358330 2 0.658329 0.242590 2 0.646879 0.175000 2
0.0 0.725520 0.462040 0.025520 0.204630 0.729169 0.548150 2 0.716149 0.434260 2 0.718749 0.370370 2
0.0 0.709900 0.519440 0.042710 0.152780 0.729169 0.548150 2 0.694789 0.519440 2 0.695829 0.579630 2
0.0 0.645830 0.574070 0.066670 0.204630 0.618229 0.657410 2 0.643749 0.567590 2 0.669269 0.495370 2
0.0 0.630210 0.787040 0.036980 0.199070 0.622919 0.871300 2 0.625519 0.768520 2 0.629689 0.707410 2
0.0 0.559380 0.714810 0.080210 0.242590 0.594269 0.617590 2 0.539579 0.616670 2 0.524999 0.825930 2
0.0 0.542710 0.609260 0.098960 0.075930 0.580209 0.579630 2 0.539579 0.616670 2 0.499999 0.634260 2
0.0 0.464580 0.662040 0.085420 0.166670 0.492709 0.681480 2 0.478129 0.640740 2 0.428649 0.735190 2
0.0 0.465620 0.762960 0.072400 0.214810 0.492709 0.681480 2 0.470309 0.687960 2 0.429169 0.865740 2
0.0 0.479690 0.698150 0.084380 0.170370 0.492709 0.681480 2 0.478129 0.640740 2 0.513019 0.774070 2
0.0 0.645310 0.467590 0.073440 0.090740 0.670309 0.438890 2 0.644269 0.478700 2 0.669269 0.495370 2