0.0 0.427371 0.186970 0.142226 0.091363 0.371617 0.216671 2 0.431054 0.171680 2 0.487195 0.150728 2
0.0 0.508176 0.212831 0.129994 0.097316 0.561063 0.210034 2 0.495122 0.212892 2 0.450503 0.217750 2
0.0 0.397082 0.397822 0.078118 0.236055 0.425929 0.485756 2 0.399654 0.371423 2 0.373399 0.302996 2
0.0 0.421376 0.498047 0.120337 0.193163 0.466655 0.436267 2 0.447655 0.503191 2 0.478006 0.549769 2
0.0 0.516758 0.327254 0.138230 0.152995 0.466545 0.389567 2 0.529839 0.320345 2 0.574514 0.264632 2
0.0 0.583686 0.402775 0.169470 0.107250 0.657968 0.391293 2 0.596065 0.405935 2 0.560761 0.395425 2
0.0 0.511593 0.418320 0.114979 0.070111 0.466655 0.436267 2 0.520650 0.405360 2 0.560761 0.395425 2
0.0 0.730247 0.532427 0.069942 0.154297 0.706115 0.490223 2 0.741983 0.534976 2 0.757014 0.576762 2
0.0 0.500066 0.725481 0.093693 0.119134 0.466396 0.702003 2 0.508572 0.729926 2 0.540335 0.750616 2
0.0 0.436319 0.675973 0.043282 0.181595 0.431124 0.606209 2 0.436530 0.688879 2 0.443439 0.746455 2
0.0 0.389420 0.692234 0.049204 0.182012 0.408139 0.758904 2 0.387802 0.681152 2 0.374979 0.621425 2
0.0 0.366695 0.744818 0.111538 0.137298 0.408139 0.758904 2 0.362178 0.744529 2 0.322119 0.715086 2
0.0 0.336196 0.862266 0.088139 0.207885 0.372612 0.934583 2 0.328202 0.867222 2 0.365952 0.879387 2
0.0 0.409099 0.894829 0.111530 0.126543 0.449048 0.911055 2 0.402054 0.903572 2 0.365952 0.879387 2
0.0 0.286180 0.350722 0.113077 0.195373 0.321027 0.270232 2 0.316193 0.398911 2 0.319480 0.346169 2
0.0 0.251208 0.514742 0.061690 0.216061 0.256268 0.421925 2 0.242503 0.518294 2 0.273236 0.563100 2
0.0 0.290652 0.435338 0.098158 0.206584 0.256268 0.421925 2 0.315998 0.476865 2 0.319480 0.346169 2
0.0 0.309148 0.471883 0.093070 0.145027 0.281123 0.533450 2 0.315998 0.476865 2 0.339813 0.418184 2
0.0 0.284574 0.591479 0.048859 0.141218 0.283392 0.641744 2 0.288406 0.577779 2 0.292180 0.547022 2
0.0 0.263920 0.658957 0.060107 0.205558 0.260777 0.741028 2 0.259928 0.635534 2 0.273236 0.563100 2