0 0.49635 0.02963 0.12969 0.05370 0.44271 0.04259 2 0.50104 0.01389 2 0.55417 0.01111 2 
0 0.56771 0.08889 0.11719 0.06574 0.61615 0.10556 2 0.55573 0.08426 2 0.51458 0.07315 2 
0 0.44948 0.25648 0.05312 0.25370 0.46771 0.36667 2 0.45417 0.22778 2 0.43646 0.14074 2 
0 0.46250 0.37870 0.09844 0.18519 0.50938 0.32593 2 0.48594 0.39444 2 0.50938 0.45833 2 
0 0.56510 0.22130 0.11979 0.12963 0.51354 0.27315 2 0.57760 0.21852 2 0.62344 0.17222 2 
0 0.61927 0.33148 0.15469 0.06204 0.68802 0.34630 2 0.63021 0.33981 2 0.59896 0.31481 2 
0 0.55208 0.32222 0.10521 0.03889 0.50938 0.32593 2 0.56146 0.31111 2 0.59896 0.31481 2 
0 0.74115 0.53241 0.05312 0.15833 0.72292 0.47593 2 0.75156 0.53981 2 0.76146 0.59259 2 
0 0.51354 0.66481 0.07969 0.10648 0.48490 0.62593 2 0.52083 0.67315 2 0.54792 0.70833 2 
0 0.45990 0.58519 0.02448 0.20185 0.46146 0.50463 2 0.45885 0.60000 2 0.45990 0.66759 2 
0 0.41563 0.58611 0.03021 0.20000 0.42656 0.66852 2 0.41510 0.57315 2 0.40885 0.50093 2 
0 0.39010 0.63704 0.09531 0.12130 0.42656 0.66852 2 0.38594 0.63519 2 0.35208 0.58704 2 
0 0.35156 0.75833 0.06563 0.21574 0.37812 0.85370 2 0.34375 0.76111 2 0.37708 0.78889 2 
0 0.41510 0.82222 0.09635 0.10833 0.45000 0.85556 2 0.40781 0.82963 2 0.37708 0.78889 2 
0 0.35260 0.16204 0.09115 0.19074 0.39167 0.08426 2 0.37552 0.22778 2 0.38333 0.16944 2 
0 0.30573 0.33426 0.03906 0.23611 0.31875 0.23148 2 0.29740 0.33519 2 0.32135 0.39722 2 
0 0.34896 0.25926 0.07552 0.21019 0.31875 0.23148 2 0.36823 0.31574 2 0.38333 0.16944 2 
0 0.36250 0.30741 0.07656 0.13796 0.33125 0.36667 2 0.36823 0.31574 2 0.39531 0.25833 2 
0 0.32917 0.43333 0.03385 0.15093 0.32344 0.48981 2 0.33385 0.41944 2 0.34010 0.38611 2 
0 0.30417 0.50185 0.03854 0.22407 0.29375 0.59352 2 0.30260 0.47407 2 0.32135 0.39722 2 
