0.0 0.363333 0.121529 0.107915 0.122902 0.322542 0.166566 2 0.374690 0.101167 2 0.402559 0.072723 2
0.0 0.427528 0.270768 0.091411 0.055776 0.461796 0.262218 2 0.410985 0.286496 2 0.388178 0.276600 2
0.0 0.300708 0.479536 0.103112 0.140871 0.261031 0.536965 2 0.302433 0.437464 2 0.341318 0.431652 2
0.0 0.440721 0.630574 0.041440 0.257346 0.429845 0.520050 2 0.440831 0.641082 2 0.451889 0.746832 2
0.0 0.528866 0.612937 0.090054 0.112900 0.563115 0.570959 2 0.513985 0.618118 2 0.494591 0.654942 2
0.0 0.552734 0.543525 0.123033 0.098531 0.563115 0.570959 2 0.542026 0.510378 2 0.500655 0.511479 2
0.0 0.630380 0.405802 0.038871 0.234418 0.640962 0.502968 2 0.622273 0.387866 2 0.632034 0.354177 2
0.0 0.530874 0.246041 0.068227 0.210436 0.502908 0.165593 2 0.536064 0.251636 2 0.549887 0.152869 2
0.0 0.547942 0.116616 0.098532 0.105503 0.506550 0.092891 2 0.558919 0.080983 2 0.590001 0.145116 2
0.0 0.602771 0.191579 0.117014 0.102188 0.575470 0.189456 2 0.603841 0.186781 2 0.590001 0.145116 2
0.0 0.596405 0.238560 0.064402 0.156034 0.575470 0.189456 2 0.614905 0.251457 2 0.627546 0.312263 2
0.0 0.695700 0.460428 0.065645 0.228464 0.720210 0.551497 2 0.695733 0.527304 2 0.680813 0.531518 2
0.0 0.698231 0.556841 0.060430 0.238809 0.720210 0.551497 2 0.686225 0.606848 2 0.707223 0.649283 2
0.0 0.684878 0.598281 0.027209 0.191248 0.686921 0.677526 2 0.686225 0.606848 2 0.680813 0.531518 2
0.0 0.636981 0.684584 0.089163 0.047146 0.669305 0.689457 2 0.635853 0.697034 2 0.601957 0.679787 2
0.0 0.579552 0.825586 0.065716 0.237992 0.569285 0.924266 2 0.596160 0.828020 2 0.586454 0.730839 2
0.0 0.512384 0.761454 0.036319 0.154330 0.514482 0.709818 2 0.505244 0.777892 2 0.516174 0.823463 2
0.0 0.701654 0.719160 0.042006 0.177351 0.697214 0.793800 2 0.705421 0.706655 2 0.707223 0.649283 2
0.0 0.652704 0.398522 0.055340 0.128170 0.666654 0.450696 2 0.646084 0.383415 2 0.632034 0.354177 2
0.0 0.517534 0.976502 0.104244 0.046996 0.475675 0.972620 2 0.524180 1.004758 2 0.562094 0.980823 2