0.0 0.246213 0.122399 0.104779 0.165268 0.203831 0.176612 2 0.247714 0.137180 2 0.291522 0.073917 2
0.0 0.165729 0.400043 0.081130 0.241787 0.132999 0.494505 2 0.160555 0.372627 2 0.199305 0.305779 2
0.0 0.335642 0.298131 0.040790 0.222678 0.346379 0.210229 2 0.325382 0.301140 2 0.329824 0.398991 2
0.0 0.441345 0.198311 0.075930 0.200021 0.439706 0.134207 2 0.458510 0.240123 2 0.457998 0.190700 2
0.0 0.488466 0.177399 0.120365 0.111172 0.439706 0.134207 2 0.500110 0.165358 2 0.541809 0.172249 2
0.0 0.579087 0.257295 0.098989 0.186500 0.612194 0.338116 2 0.576833 0.237285 2 0.541809 0.172249 2
0.0 0.422234 0.156105 0.096534 0.102935 0.383068 0.120841 2 0.428099 0.153077 2 0.457998 0.190700 2
0.0 0.487006 0.495135 0.097160 0.064863 0.525881 0.492102 2 0.486659 0.508681 2 0.448216 0.503315 2
0.0 0.451180 0.243703 0.102401 0.058470 0.494255 0.250893 2 0.458510 0.240123 2 0.400292 0.245993 2
0.0 0.559969 0.407269 0.055268 0.149248 0.574235 0.466346 2 0.542766 0.439457 2 0.544614 0.348853 2
0.0 0.542739 0.465794 0.049364 0.152185 0.525881 0.492102 2 0.542766 0.439457 2 0.531033 0.402179 2
0.0 0.611889 0.502998 0.051049 0.181602 0.600937 0.576442 2 0.623668 0.496945 2 0.598257 0.422832 2
0.0 0.539127 0.579003 0.109191 0.087271 0.499905 0.594744 2 0.523215 0.597002 2 0.551292 0.566215 2
0.0 0.494560 0.688873 0.038295 0.236282 0.499905 0.594744 2 0.484764 0.700472 2 0.488069 0.792992 2
0.0 0.395347 0.600402 0.062021 0.095826 0.414090 0.581319 2 0.391705 0.596269 2 0.368134 0.623732 2
0.0 0.591211 0.696880 0.067211 0.218980 0.563683 0.792413 2 0.579584 0.690249 2 0.616080 0.612724 2
0.0 0.541421 0.647501 0.038218 0.202218 0.528418 0.731580 2 0.548934 0.649064 2 0.551292 0.566215 2
0.0 0.575800 0.690298 0.055828 0.142726 0.550976 0.738779 2 0.579584 0.690249 2 0.592308 0.643543 2