0 0.74948 0.16944 0.09427 0.19537 0.79010 0.25556 2 0.74635 0.17037 2 0.70781 0.08333 2 
0 0.80104 0.47593 0.04167 0.26667 0.81094 0.59537 2 0.80000 0.46481 2 0.78594 0.36389 2 
0 0.63646 0.81667 0.09583 0.07222 0.67448 0.83519 2 0.63854 0.80463 2 0.59635 0.83611 2 
0 0.56198 0.73056 0.05885 0.11204 0.53802 0.68981 2 0.57031 0.74537 2 0.58385 0.76944 2 
0 0.38698 0.51852 0.09844 0.20648 0.36198 0.56944 2 0.36979 0.55093 2 0.40313 0.56944 2 
0 0.49479 0.54630 0.09427 0.08426 0.45781 0.52315 2 0.49479 0.55370 2 0.53438 0.57130 2 
0 0.38490 0.22222 0.08177 0.15000 0.35573 0.28426 2 0.39531 0.22222 2 0.42135 0.16574 2 
0 0.50156 0.09259 0.13646 0.04907 0.56198 0.09537 2 0.48854 0.07685 2 0.43802 0.10833 2 
0 0.59115 0.09444 0.08021 0.07593 0.56198 0.09537 2 0.58437 0.07963 2 0.55937 0.08333 2 
0 0.52656 0.03519 0.13385 0.04907 0.46771 0.02870 2 0.53542 0.03704 2 0.59010 0.05093 2 
0 0.32188 0.23241 0.07396 0.22685 0.29167 0.33148 2 0.32396 0.21204 2 0.35469 0.13241 2 
0 0.37031 0.36759 0.10885 0.14259 0.35104 0.43056 2 0.38438 0.36389 2 0.42135 0.32037 2 
0 0.37344 0.62963 0.04271 0.17685 0.36198 0.56944 2 0.38073 0.65000 2 0.38698 0.70741 2 
0 0.35365 0.49537 0.10521 0.09259 0.31354 0.52870 2 0.37083 0.51204 2 0.32708 0.53148 2 
0 0.35521 0.51759 0.10156 0.13056 0.36198 0.56944 2 0.36979 0.55093 2 0.40313 0.56944 2 
0 0.33698 0.58426 0.06719 0.14630 0.36198 0.56944 2 0.33594 0.60833 2 0.36354 0.64815 2 
0 0.35313 0.75185 0.07656 0.15833 0.37448 0.80741 2 0.33750 0.74352 2 0.32240 0.69722 2 
