0.0 0.225520 0.224070 0.078650 0.217590 0.195829 0.315740 2 0.239579 0.216670 2 0.260419 0.130560 2
0.0 0.199480 0.522220 0.029170 0.261110 0.203129 0.641670 2 0.196879 0.515740 2 0.203129 0.407410 2
0.0 0.350520 0.793520 0.083330 0.109260 0.320829 0.825000 2 0.355729 0.785190 2 0.379169 0.756480 2
0.0 0.430730 0.669440 0.112500 0.107410 0.477079 0.628700 2 0.420309 0.667590 2 0.383329 0.708330 2
0.0 0.505210 0.670370 0.093230 0.048150 0.541669 0.663890 2 0.501039 0.675000 2 0.462499 0.689810 2
0.0 0.542710 0.507410 0.076560 0.100930 0.569269 0.474070 2 0.541669 0.522220 2 0.509899 0.547220 2
0.0 0.432290 0.112040 0.117190 0.144440 0.381769 0.167590 2 0.437499 0.088890 2 0.482289 0.048150 2
0.0 0.384900 0.203700 0.105730 0.129630 0.381769 0.167590 2 0.369789 0.204630 2 0.337499 0.162960 2
0.0 0.604690 0.103700 0.117190 0.151850 0.653649 0.162960 2 0.597399 0.079630 2 0.550519 0.042590 2
0.0 0.693230 0.288890 0.053650 0.236110 0.672399 0.383330 2 0.688539 0.268520 2 0.670829 0.183330 2
0.0 0.614060 0.278700 0.062500 0.178700 0.589059 0.210190 2 0.617709 0.282410 2 0.633859 0.350930 2
0.0 0.575520 0.404630 0.097920 0.195370 0.529169 0.326850 2 0.568229 0.438890 2 0.617709 0.437040 2
0.0 0.676560 0.457410 0.121350 0.074070 0.729169 0.451850 2 0.657289 0.462960 2 0.724479 0.480560 2
0.0 0.653650 0.484260 0.081250 0.185190 0.684379 0.412960 2 0.647399 0.575930 2 0.649999 0.529630 2
0.0 0.711980 0.561110 0.036980 0.195370 0.696879 0.648150 2 0.717709 0.536110 2 0.724479 0.480560 2
0.0 0.615100 0.704630 0.077600 0.057410 0.581249 0.708330 2 0.621359 0.725930 2 0.644789 0.694440 2
0.0 0.640620 0.587960 0.031250 0.154630 0.633859 0.639810 2 0.647399 0.575930 2 0.649999 0.529630 2
0.0 0.656770 0.321300 0.051560 0.164810 0.672399 0.383330 2 0.657289 0.298150 2 0.633859 0.350930 2