0.0 0.774480 0.224070 0.078650 0.217590 0.803650 0.315740 2 0.759900 0.216670 2 0.739060 0.130560 2
0.0 0.800520 0.522220 0.029170 0.261110 0.796350 0.641670 2 0.802600 0.515740 2 0.796350 0.407410 2
0.0 0.649480 0.793520 0.083330 0.109260 0.678650 0.825000 2 0.643750 0.785190 2 0.620310 0.756480 2
0.0 0.569270 0.669440 0.112500 0.107410 0.522400 0.628700 2 0.579170 0.667590 2 0.616150 0.708330 2
0.0 0.494790 0.670370 0.093230 0.048150 0.457810 0.663890 2 0.498440 0.675000 2 0.536980 0.689810 2
0.0 0.457290 0.507410 0.076560 0.100930 0.430210 0.474070 2 0.457810 0.522220 2 0.489580 0.547220 2
0.0 0.567710 0.112040 0.117190 0.144440 0.617710 0.167590 2 0.561980 0.088890 2 0.517190 0.048150 2
0.0 0.615100 0.203700 0.105730 0.129630 0.617710 0.167590 2 0.629690 0.204630 2 0.661980 0.162960 2
0.0 0.395310 0.103700 0.117190 0.151850 0.345830 0.162960 2 0.402080 0.079630 2 0.448960 0.042590 2
0.0 0.306770 0.288890 0.053650 0.236110 0.327080 0.383330 2 0.310940 0.268520 2 0.328650 0.183330 2
0.0 0.385940 0.278700 0.062500 0.178700 0.410420 0.210190 2 0.381770 0.282410 2 0.365620 0.350930 2
0.0 0.424480 0.404630 0.097920 0.195370 0.470310 0.326850 2 0.431250 0.438890 2 0.381770 0.437040 2
0.0 0.323440 0.457410 0.121350 0.074070 0.270310 0.451850 2 0.342190 0.462960 2 0.275000 0.480560 2
0.0 0.346350 0.484260 0.081250 0.185190 0.315100 0.412960 2 0.352080 0.575930 2 0.349480 0.529630 2
0.0 0.288020 0.561110 0.036980 0.195370 0.302600 0.648150 2 0.281770 0.536110 2 0.275000 0.480560 2
0.0 0.384900 0.704630 0.077600 0.057410 0.418230 0.708330 2 0.378120 0.725930 2 0.354690 0.694440 2
0.0 0.359380 0.587960 0.031250 0.154630 0.365620 0.639810 2 0.352080 0.575930 2 0.349480 0.529630 2
0.0 0.343230 0.321300 0.051560 0.164810 0.327080 0.383330 2 0.342190 0.298150 2 0.365620 0.350930 2