0.0 0.333721 0.243833 0.082028 0.211692 0.302302 0.332279 2 0.325119 0.248896 2 0.355997 0.159642 2
0.0 0.160124 0.399156 0.071283 0.213329 0.134218 0.490094 2 0.157681 0.411536 2 0.182837 0.309802 2
0.0 0.163553 0.640456 0.042947 0.249237 0.177008 0.734272 2 0.153315 0.646026 2 0.151060 0.538540 2
0.0 0.303435 0.803359 0.086263 0.105397 0.269611 0.803656 2 0.312669 0.826363 2 0.336831 0.781127 2
0.0 0.536024 0.181904 0.086351 0.160887 0.499677 0.139385 2 0.540105 0.193094 2 0.570836 0.227169 2
0.0 0.460306 0.267453 0.073302 0.232165 0.428179 0.191762 2 0.444934 0.288029 2 0.490945 0.347560 2
0.0 0.444007 0.296828 0.141846 0.083735 0.503173 0.280032 2 0.444934 0.288029 2 0.383855 0.317050 2
0.0 0.619596 0.184497 0.077633 0.207852 0.645630 0.253443 2 0.620103 0.155695 2 0.585397 0.114475 2
0.0 0.671460 0.341159 0.031118 0.224871 0.669768 0.441349 2 0.674038 0.306688 2 0.665835 0.253886 2
0.0 0.637419 0.409576 0.143576 0.114899 0.698314 0.371277 2 0.605038 0.426209 2 0.577750 0.452291 2
0.0 0.608932 0.430994 0.028498 0.202540 0.605526 0.345550 2 0.605038 0.426209 2 0.603650 0.516376 2
0.0 0.553149 0.425658 0.064424 0.143321 0.573406 0.375649 2 0.542527 0.438891 2 0.531951 0.480755 2
0.0 0.531400 0.585876 0.029021 0.176214 0.528308 0.515423 2 0.530091 0.600413 2 0.539149 0.590058 2
0.0 0.499559 0.577305 0.137802 0.122218 0.554846 0.531517 2 0.530091 0.600413 2 0.539149 0.590058 2
0.0 0.575697 0.589740 0.087607 0.066908 0.611574 0.581845 2 0.568283 0.599469 2 0.539149 0.590058 2
0.0 0.658990 0.604990 0.072830 0.209669 0.633510 0.690760 2 0.664266 0.595684 2 0.682234 0.515472 2
0.0 0.637892 0.458075 0.043050 0.177250 0.645133 0.386101 2 0.636566 0.471775 2 0.629979 0.522463 2