0.0 0.829400 0.304134 0.065202 0.230822 0.857445 0.394278 2 0.839573 0.299890 2 0.806843 0.219566 2
0.0 0.678577 0.263892 0.076870 0.214049 0.661850 0.355759 2 0.687288 0.253832 2 0.700866 0.172308 2
0.0 0.816755 0.569403 0.113346 0.114882 0.773454 0.576856 2 0.827212 0.587984 2 0.865415 0.527954 2
0.0 0.761529 0.692412 0.079499 0.173939 0.784508 0.628833 2 0.767682 0.700568 2 0.741492 0.767461 2
0.0 0.567070 0.674758 0.096965 0.139022 0.532262 0.644129 2 0.564061 0.680658 2 0.603411 0.718064 2
0.0 0.429513 0.772224 0.101470 0.208800 0.468722 0.845665 2 0.423871 0.769949 2 0.393474 0.706682 2
0.0 0.412947 0.528784 0.133736 0.135792 0.417577 0.555779 2 0.418407 0.534461 2 0.466855 0.567076 2
0.0 0.380114 0.377187 0.095644 0.214220 0.356109 0.471649 2 0.385590 0.376691 2 0.411211 0.289693 2
0.0 0.453070 0.321308 0.120959 0.070859 0.406668 0.340051 2 0.468783 0.311360 2 0.505154 0.310738 2
0.0 0.489931 0.428828 0.043955 0.217342 0.481849 0.344384 2 0.496723 0.432423 2 0.500549 0.519552 2
0.0 0.452755 0.578403 0.100460 0.116094 0.414871 0.629471 2 0.461931 0.606087 2 0.499333 0.612257 2
0.0 0.441429 0.656764 0.076441 0.116385 0.414871 0.629471 2 0.443900 0.681623 2 0.475791 0.681170 2
0.0 0.433387 0.439478 0.044031 0.187664 0.420237 0.366787 2 0.441182 0.436677 2 0.452369 0.515915 2
0.0 0.445487 0.358292 0.038711 0.162655 0.448845 0.286122 2 0.441182 0.436677 2 0.454437 0.421241 2
0.0 0.509563 0.169834 0.088047 0.123356 0.536906 0.123710 2 0.502512 0.168765 2 0.480763 0.222284 2
0.0 0.588492 0.126629 0.111830 0.156938 0.628205 0.059991 2 0.576415 0.124983 2 0.547087 0.189970 2