0.0 0.549218 0.020023 0.146789 0.040047 0.610097 0.013868 2 0.542355 -0.038569 2 0.487226 -0.083416 2
0.0 0.509766 0.044452 0.119380 0.088903 0.463942 -0.028511 2 0.463158 -0.055250 2 0.513409 0.006512 2
0.0 0.441233 0.170229 0.114096 0.268846 0.463942 -0.028511 2 0.504522 0.030102 2 0.552957 0.073036 2
0.0 0.379874 0.093685 0.085736 0.187370 0.457845 0.134387 2 0.434170 0.175918 2 0.485374 0.099094 2
0.0 0.409542 0.103238 0.135565 0.142445 0.390136 -0.058440 2 0.384030 0.043512 2 0.354137 0.166219 2
0.0 0.348198 0.307185 0.108515 0.207478 0.457845 0.134387 2 0.401605 0.103913 2 0.348456 0.064948 2
0.0 0.319103 0.746172 0.114666 0.127052 0.389080 0.272720 2 0.343268 0.321073 2 0.303533 0.346917 2
0.0 0.241767 0.775554 0.140438 0.182949 0.274793 0.711063 2 0.320918 0.758745 2 0.363004 0.770633 2
0.0 0.562569 0.317483 0.102677 0.219367 0.191472 0.710785 2 0.234581 0.790952 2 0.283565 0.849557 2
0.0 0.535874 0.437224 0.090300 0.298882 0.598731 0.271736 2 0.556811 0.323101 2 0.561013 0.345950 2
0.0 0.593903 0.444043 0.135322 0.215720 0.514823 0.548556 2 0.531430 0.412296 2 0.561013 0.345950 2
0.0 0.565829 0.616061 0.070787 0.224383 0.653948 0.447275 2 0.584543 0.439256 2 0.561013 0.345950 2
0.0 0.558137 0.695002 0.096407 0.205136 0.546437 0.698207 2 0.565072 0.579834 2 0.575147 0.520147 2
0.0 0.609394 0.828285 0.124727 0.237996 0.519593 0.739461 2 0.565755 0.707718 2 0.596526 0.650990 2
0.0 0.559807 0.879159 0.110816 0.159242 0.557390 0.872128 2 0.614778 0.824025 2 0.602247 0.886161 2
0.0 0.672242 0.623328 0.085261 0.237925 0.557390 0.872128 2 0.552430 0.910736 2 0.602247 0.886161 2
0.0 0.698135 0.461600 0.083361 0.266155 0.640749 0.701550 2 0.671329 0.615287 2 0.702064 0.546552 2
0.0 0.690480 0.461117 0.088523 0.126355 0.718238 0.354450 2 0.685327 0.509652 2 0.667204 0.555492 2
0.0 0.647247 0.451597 0.094780 0.228101 0.653948 0.447275 2 0.708997 0.452870 2 0.719871 0.496118 2