0 0.52292 0.01574 0.13229 0.02685 0.46615 0.01111 2 0.52969 0.01111 2 0.58177 0.00926 2 
0 0.60104 0.04907 0.11667 0.05278 0.59115 0.07130 2 0.59635 0.04907 2 0.54531 0.06852 2 
0 0.54635 0.08333 0.10156 0.05185 0.59115 0.07130 2 0.54844 0.09444 2 0.50208 0.09907 2 
0 0.57604 0.25556 0.06406 0.21389 0.56823 0.21389 2 0.58021 0.26481 2 0.55208 0.16574 2 
0 0.64531 0.19722 0.03281 0.23704 0.65573 0.09444 2 0.64323 0.18519 2 0.64635 0.30926 2 
0 0.61302 0.21944 0.11823 0.04444 0.56823 0.21389 2 0.61875 0.22500 2 0.66823 0.22685 2 
0 0.62760 0.43333 0.07240 0.14630 0.60000 0.37685 2 0.62865 0.44815 2 0.65625 0.49630 2 
0 0.57604 0.82593 0.09844 0.04537 0.61719 0.82500 2 0.57188 0.83519 2 0.53594 0.81759 2 
0 0.63333 0.90185 0.11406 0.08796 0.68437 0.87963 2 0.63594 0.91944 2 0.58646 0.93704 2 
0 0.45312 0.30093 0.06302 0.16574 0.43125 0.23796 2 0.45625 0.30926 2 0.44896 0.32593 2 
0 0.45417 0.42037 0.03021 0.27130 0.45156 0.52870 2 0.46146 0.40185 2 0.44896 0.32593 2 
0 0.40625 0.38796 0.10052 0.13148 0.35677 0.35093 2 0.41406 0.38981 2 0.44896 0.32593 2 
0 0.39948 0.55278 0.02604 0.20093 0.40052 0.63519 2 0.40573 0.52222 2 0.40781 0.46481 2 
0 0.39219 0.62500 0.05937 0.15463 0.41510 0.68796 2 0.38333 0.63056 2 0.36823 0.56204 2 
0 0.32812 0.70463 0.08333 0.16759 0.36198 0.77593 2 0.32396 0.69722 2 0.32344 0.75833 2 
0 0.35938 0.78056 0.08646 0.08704 0.36198 0.77593 2 0.35938 0.81204 2 0.32344 0.75833 2 
0 0.31250 0.48889 0.03906 0.20370 0.32396 0.57593 2 0.31406 0.48241 2 0.30104 0.40370 2 
0 0.31927 0.33426 0.03021 0.23889 0.32083 0.22963 2 0.32083 0.38333 2 0.32760 0.43426 2 
0 0.32552 0.33889 0.06927 0.06852 0.35677 0.35093 2 0.31146 0.31944 2 0.29531 0.34907 2 
0 0.36198 0.35926 0.05208 0.18333 0.35677 0.35093 2 0.35313 0.38981 2 0.34115 0.43611 2 
