0.0 0.477080 0.015740 0.132290 0.026850 0.533329 0.011110 2 0.469789 0.011110 2 0.417709 0.009260 2
0.0 0.398960 0.049070 0.116670 0.052780 0.408329 0.071300 2 0.403129 0.049070 2 0.454169 0.068520 2
0.0 0.453650 0.083330 0.101560 0.051850 0.408329 0.071300 2 0.451039 0.094440 2 0.497399 0.099070 2
0.0 0.423960 0.255560 0.064060 0.213890 0.431249 0.213890 2 0.419269 0.264810 2 0.447399 0.165740 2
0.0 0.354690 0.197220 0.032810 0.237040 0.343749 0.094440 2 0.356249 0.185190 2 0.353129 0.309260 2
0.0 0.386980 0.219440 0.118230 0.044440 0.431249 0.213890 2 0.380729 0.225000 2 0.331249 0.226850 2
0.0 0.372400 0.433330 0.072400 0.146300 0.399479 0.376850 2 0.370829 0.448150 2 0.343229 0.496300 2
0.0 0.423960 0.825930 0.098440 0.045370 0.382289 0.825000 2 0.427599 0.835190 2 0.463539 0.817590 2
0.0 0.366670 0.901850 0.114060 0.087960 0.315109 0.879630 2 0.363539 0.919440 2 0.413019 0.937040 2
0.0 0.546880 0.300930 0.063020 0.165740 0.568229 0.237960 2 0.543229 0.309260 2 0.550519 0.325930 2
0.0 0.545830 0.420370 0.030210 0.271300 0.547919 0.528700 2 0.538019 0.401850 2 0.550519 0.325930 2
0.0 0.593750 0.387960 0.100520 0.131480 0.642709 0.350930 2 0.585419 0.389810 2 0.550519 0.325930 2
0.0 0.600520 0.552780 0.026040 0.200930 0.598959 0.635190 2 0.593749 0.522220 2 0.591669 0.464810 2
0.0 0.607810 0.625000 0.059370 0.154630 0.584379 0.687960 2 0.616149 0.630560 2 0.631249 0.562040 2
0.0 0.671880 0.704630 0.083330 0.167590 0.637499 0.775930 2 0.675519 0.697220 2 0.676039 0.758330 2
0.0 0.640620 0.780560 0.086460 0.087040 0.637499 0.775930 2 0.640099 0.812040 2 0.676039 0.758330 2
0.0 0.687500 0.488890 0.039060 0.203700 0.675519 0.575930 2 0.685419 0.482410 2 0.698439 0.403700 2
0.0 0.680730 0.334260 0.030210 0.238890 0.678649 0.229630 2 0.678649 0.383330 2 0.671879 0.434260 2
0.0 0.674480 0.338890 0.069270 0.068520 0.642709 0.350930 2 0.688019 0.319440 2 0.704169 0.349070 2
0.0 0.638020 0.359260 0.052080 0.183330 0.642709 0.350930 2 0.646349 0.389810 2 0.658329 0.436110 2