0.0 0.589650 0.224734 0.115848 0.073116 0.543615 0.214036 2 0.587892 0.230589 2 0.640834 0.231962 2
0.0 0.597737 0.418634 0.092121 0.139996 0.635525 0.383780 2 0.607808 0.415376 2 0.558715 0.454438 2
0.0 0.595179 0.439675 0.063487 0.271289 0.575205 0.551241 2 0.607808 0.415376 2 0.604989 0.322394 2
0.0 0.671200 0.054934 0.118041 0.091149 0.722050 0.088996 2 0.669631 0.043234 2 0.623457 0.030289 2
0.0 0.702025 0.134020 0.119162 0.107911 0.749972 0.155869 2 0.693206 0.105778 2 0.650246 0.146559 2
0.0 0.604251 0.805795 0.067992 0.166126 0.627513 0.746151 2 0.611018 0.833707 2 0.579504 0.872528 2
0.0 0.649899 0.892749 0.116799 0.214503 0.699834 0.828570 2 0.611018 0.833707 2 0.600471 0.968518 2
0.0 0.421794 0.358949 0.054339 0.222287 0.419100 0.452583 2 0.425253 0.357977 2 0.431973 0.266640 2
0.0 0.467781 0.177110 0.052095 0.192630 0.486048 0.098456 2 0.457862 0.189995 2 0.456401 0.262089 2
0.0 0.607976 0.090034 0.084434 0.103013 0.641950 0.066540 2 0.602509 0.110388 2 0.573297 0.102198 2
0.0 0.504805 0.026323 0.125059 0.052645 0.449228 0.012510 2 0.518934 -0.019732 2 0.563966 -0.017467 2
0.0 0.377470 0.202546 0.068882 0.267002 0.404907 0.100566 2 0.369571 0.210819 2 0.359167 0.308372 2
0.0 0.367735 0.402838 0.049344 0.237334 0.354396 0.503847 2 0.372231 0.405267 2 0.388656 0.306280 2
0.0 0.358624 0.409602 0.084942 0.140888 0.322660 0.448334 2 0.372231 0.405267 2 0.099188 -0.158127 0
0.0 0.349132 0.607893 0.107223 0.178096 0.321577 0.545401 2 0.346774 0.614609 2 0.377528 0.682276 2
0.0 0.415419 0.663774 0.057119 0.267571 0.408093 0.767498 2 0.412478 0.671356 2 0.427339 0.549154 2
0.0 0.303811 0.648012 0.062131 0.200282 0.299069 0.570169 2 0.298781 0.676778 2 0.307154 0.736089 2