0.0 0.096847 0.232190 0.131961 0.207948 0.112065 0.135460 2 0.099167 0.210494 2 0.142398 0.142993 2
0.0 0.164392 0.083647 0.123006 0.136663 0.112065 0.135460 2 0.164283 0.078045 2 0.209831 0.030742 2
0.0 0.285121 0.071997 0.074465 0.129010 0.306283 0.021062 2 0.257870 0.069642 2 0.266451 0.126294 2
0.0 0.236925 0.409856 0.042889 0.211151 0.237863 0.320410 2 0.223982 0.421613 2 0.225220 0.505183 2
0.0 0.137351 0.432005 0.139229 0.160775 0.193697 0.375927 2 0.133517 0.438011 2 0.075658 0.500752 2
0.0 0.306621 0.416407 0.109639 0.091641 0.347192 0.395711 2 0.311309 0.437206 2 0.264817 0.452072 2
0.0 0.350272 0.625139 0.136284 0.138252 0.408870 0.667398 2 0.334624 0.623264 2 0.292358 0.583663 2
0.0 0.480671 0.225344 0.141946 0.075181 0.474266 0.242829 2 0.463630 0.215268 2 0.417565 0.244961 2
0.0 0.467741 0.339454 0.053349 0.234573 0.474266 0.242829 2 0.466789 0.345125 2 0.451169 0.446526 2
0.0 0.394476 0.168685 0.125814 0.074179 0.445881 0.182037 2 0.397516 0.172009 2 0.336290 0.157935 2
0.0 0.399061 0.046270 0.121689 0.070912 0.347908 0.038406 2 0.400452 0.052585 2 0.452274 0.062199 2
0.0 0.511443 0.052250 0.117819 0.104499 0.497987 0.060457 2 0.507748 0.017425 2 0.459575 -0.026111 2
0.0 0.590957 0.152614 0.072470 0.219309 0.568039 0.220449 2 0.604824 0.150001 2 0.619473 0.236620 2
0.0 0.619352 0.334337 0.027456 0.194528 0.613709 0.257774 2 0.622514 0.342308 2 0.625252 0.417331 2
0.0 0.587588 0.317672 0.056913 0.238701 0.568039 0.220449 2 0.590282 0.308952 2 0.596664 0.390048 2
0.0 0.590048 0.463426 0.041069 0.187835 0.579992 0.535298 2 0.591898 0.465968 2 0.596664 0.390048 2
0.0 0.565655 0.642161 0.064998 0.179612 0.550801 0.708097 2 0.572206 0.646934 2 0.587100 0.580964 2
0.0 0.524922 0.132614 0.067048 0.190943 0.539702 0.221980 2 0.530481 0.143082 2 0.551427 0.206623 2
0.0 0.460040 0.635265 0.091340 0.075593 0.423707 0.619117 2 0.458244 0.652199 2 0.496587 0.655980 2