0 0.73177 0.15370 0.09948 0.15370 0.77396 0.21389 2 0.72917 0.13241 2 0.69323 0.09444 2 
0 0.78594 0.32315 0.07135 0.22870 0.77396 0.21389 2 0.79010 0.29167 2 0.75885 0.22685 2 
0 0.61875 0.27593 0.09323 0.17778 0.57812 0.20463 2 0.62396 0.27963 2 0.65625 0.35093 2 
0 0.59792 0.41389 0.14948 0.07685 0.53073 0.43704 2 0.60417 0.41204 2 0.66823 0.39907 2 
0 0.50156 0.37778 0.06510 0.08889 0.47865 0.35093 2 0.50625 0.38611 2 0.52917 0.41481 2 
0 0.55312 0.05648 0.10521 0.04352 0.50573 0.05093 2 0.56146 0.04907 2 0.60156 0.06574 2 
0 0.55052 0.09259 0.10781 0.04352 0.59531 0.09537 2 0.54844 0.08796 2 0.50625 0.09444 2 
0 0.43125 0.21944 0.02448 0.21111 0.44010 0.13056 2 0.42812 0.22222 2 0.42656 0.31574 2 
0 0.48073 0.22685 0.10104 0.10185 0.43906 0.26204 2 0.48125 0.22222 2 0.52187 0.18981 2 
0 0.40000 0.19722 0.07187 0.23056 0.38802 0.20556 2 0.42812 0.22222 2 0.37083 0.30185 2 
0 0.36406 0.29815 0.06094 0.22315 0.38802 0.20556 2 0.35469 0.30648 2 0.34010 0.33333 2 
0 0.36719 0.14537 0.07760 0.16944 0.38802 0.20556 2 0.34844 0.15833 2 0.33385 0.21667 2 
0 0.32656 0.27407 0.04115 0.18148 0.34323 0.20463 2 0.33229 0.29537 2 0.33385 0.21667 2 
0 0.32708 0.40648 0.03802 0.20648 0.31354 0.48981 2 0.32396 0.40741 2 0.34115 0.50093 2 
0 0.48802 0.64815 0.02865 0.17315 0.49740 0.57963 2 0.49010 0.64630 2 0.48125 0.72130 2 
0 0.35677 0.57778 0.04271 0.18796 0.36979 0.65556 2 0.35104 0.58426 2 0.34115 0.50093 2 
0 0.47708 0.73611 0.11771 0.07222 0.42552 0.74815 2 0.48333 0.74815 2 0.52812 0.71852 2 
0 0.59583 0.76296 0.08073 0.12222 0.63021 0.72500 2 0.60052 0.78333 2 0.56563 0.81111 2 
0 0.59167 0.82778 0.07187 0.03519 0.62344 0.82870 2 0.59427 0.82870 2 0.56198 0.83519 2 
