0.0 0.712790 0.093129 0.102745 0.186257 0.757584 0.131059 2 0.709267 0.075141 2 0.670310 0.036608 2
0.0 0.780102 0.240238 0.083688 0.193297 0.773539 0.322402 2 0.801126 0.226946 2 0.761432 0.174249 2
0.0 0.703625 0.478840 0.068079 0.157233 0.707571 0.418551 2 0.713769 0.494696 2 0.699751 0.546433 2
0.0 0.721565 0.587228 0.110532 0.145179 0.758804 0.567282 2 0.731579 0.573920 2 0.769500 0.596749 2
0.0 0.737621 0.610782 0.070196 0.109241 0.758804 0.567282 2 0.735860 0.632328 2 0.724832 0.655539 2
0.0 0.554649 0.562188 0.061366 0.173316 0.536413 0.506251 2 0.565388 0.570781 2 0.573539 0.631078 2
0.0 0.598651 0.134779 0.063762 0.153194 0.613981 0.187826 2 0.609255 0.127114 2 0.577588 0.090068 2
0.0 0.536727 0.184540 0.110373 0.148458 0.491394 0.174738 2 0.541086 0.167862 2 0.492847 0.218556 2
0.0 0.396418 0.191085 0.114816 0.187698 0.424007 0.147040 2 0.387531 0.193844 2 0.366208 0.272502 2
0.0 0.389829 0.268304 0.063014 0.161504 0.394211 0.210325 2 0.387531 0.193844 2 0.388183 0.337092 2
0.0 0.401842 0.330496 0.111391 0.180159 0.444715 0.342305 2 0.382864 0.278477 2 0.431773 0.342629 2
0.0 0.429418 0.242787 0.084397 0.233589 0.444715 0.342305 2 0.441805 0.234011 2 0.431773 0.342629 2
0.0 0.465995 0.281929 0.096979 0.146190 0.444715 0.342305 2 0.469014 0.276416 2 0.492847 0.218556 2
0.0 0.511211 0.308815 0.071801 0.160223 0.521845 0.241786 2 0.497697 0.323922 2 0.506890 0.379269 2
0.0 0.474315 0.545130 0.131616 0.215722 0.441112 0.642180 2 0.468997 0.540509 2 0.503570 0.455315 2
0.0 0.405090 0.608906 0.061481 0.210531 0.422037 0.691056 2 0.404238 0.598912 2 0.389703 0.526250 2
0.0 0.454166 0.642845 0.070913 0.153593 0.484087 0.680783 2 0.463282 0.648157 2 0.427300 0.601751 2
0.0 0.491016 0.732579 0.094891 0.141512 0.455943 0.718959 2 0.498476 0.747516 2 0.531359 0.751975 2
0.0 0.587582 0.709407 0.055733 0.138061 0.581850 0.661176 2 0.597292 0.712629 2 0.589670 0.766402 2