0.0 0.259431 0.217895 0.081539 0.214578 0.223993 0.302393 2 0.260320 0.189951 2 0.290874 0.127258 2
0.0 0.263810 0.435186 0.121087 0.095484 0.312141 0.419867 2 0.257780 0.459792 2 0.212921 0.451311 2
0.0 0.344035 0.352423 0.048913 0.206458 0.362134 0.268166 2 0.333629 0.363981 2 0.322840 0.438383 2
0.0 0.400006 0.253612 0.095818 0.105296 0.434038 0.293932 2 0.385240 0.258920 2 0.361799 0.216817 2
0.0 0.453293 0.194213 0.111616 0.060136 0.402303 0.197740 2 0.472584 0.198174 2 0.502190 0.184754 2
0.0 0.561720 0.104651 0.122536 0.088941 0.539262 0.124665 2 0.552340 0.094055 2 0.502973 0.123849 2
0.0 0.556895 0.050708 0.110406 0.101415 0.507053 0.077794 2 0.574723 0.017936 2 0.541523 0.056164 2
0.0 0.578431 0.189620 0.111281 0.159394 0.539262 0.124665 2 0.579615 0.220769 2 0.618323 0.263466 2
0.0 0.548194 0.247515 0.090610 0.146767 0.577323 0.303789 2 0.579615 0.220769 2 0.515747 0.182276 2
0.0 0.495197 0.035157 0.113282 0.070314 0.446413 0.027044 2 0.496285 0.032160 2 0.541523 0.056164 2
0.0 0.493408 0.533284 0.074082 0.160352 0.519591 0.477928 2 0.487130 0.540435 2 0.461850 0.595921 2
0.0 0.507558 0.648970 0.088892 0.156139 0.540192 0.597182 2 0.485622 0.661290 2 0.469129 0.707034 2
0.0 0.574693 0.667472 0.071207 0.145736 0.545265 0.719684 2 0.571469 0.650733 2 0.599257 0.614857 2
0.0 0.612905 0.675260 0.070549 0.212492 0.641928 0.592134 2 0.606057 0.697848 2 0.581733 0.760207 2
0.0 0.423773 0.720724 0.148096 0.097295 0.482882 0.751039 2 0.409425 0.727048 2 0.469129 0.707034 2
0.0 0.388633 0.794562 0.054309 0.119185 0.382447 0.758155 2 0.377296 0.812810 2 0.397122 0.844861 2
0.0 0.261245 0.642095 0.078537 0.170357 0.238764 0.577878 2 0.254984 0.656023 2 0.282159 0.720768 2