0.0 0.689060 0.074070 0.121350 0.116670 0.741670 0.120370 2 0.691150 0.074070 2 0.636460 0.026850 2
0.0 0.635420 0.205560 0.071350 0.253700 0.608330 0.096300 2 0.643230 0.203700 2 0.666150 0.324070 2
0.0 0.675000 0.449070 0.031250 0.214810 0.685940 0.544440 2 0.669270 0.424070 2 0.671880 0.357410 2
0.0 0.728650 0.395370 0.095830 0.107410 0.688540 0.352780 2 0.727600 0.414810 2 0.767710 0.434260 2
0.0 0.789060 0.466670 0.054690 0.104630 0.000000 0.000000 0 0.768750 0.464810 2 0.773960 0.509260 2
0.0 0.537500 0.696300 0.050000 0.116670 0.522920 0.652780 2 0.539060 0.696300 2 0.558330 0.738890 2
0.0 0.472400 0.695370 0.037500 0.122220 0.482810 0.649070 2 0.479690 0.734260 2 0.462500 0.751850 2
0.0 0.457810 0.694440 0.108850 0.046300 0.415100 0.689810 2 0.469790 0.700930 2 0.509380 0.700930 2
0.0 0.441150 0.466670 0.082290 0.139810 0.407290 0.417590 2 0.441150 0.483330 2 0.475000 0.522220 2
0.0 0.508850 0.358330 0.111980 0.081480 0.464580 0.389810 2 0.506250 0.359260 2 0.559370 0.328700 2
0.0 0.477600 0.320370 0.137500 0.062040 0.419270 0.339810 2 0.483330 0.317590 2 0.539580 0.295370 2
0.0 0.511980 0.100930 0.042190 0.191670 0.500520 0.037960 2 0.526040 0.135190 2 0.509900 0.084260 2
0.0 0.473440 0.070370 0.077600 0.130560 0.500520 0.037960 2 0.469790 0.114810 2 0.509900 0.084260 2
0.0 0.463540 0.108330 0.097920 0.077780 0.424480 0.138890 2 0.469790 0.114810 2 0.509900 0.084260 2
0.0 0.408850 0.227780 0.088020 0.145370 0.373440 0.287960 2 0.428120 0.279630 2 0.441670 0.163890 2
0.0 0.426560 0.290740 0.070310 0.161110 0.419270 0.339810 2 0.428120 0.279630 2 0.455210 0.218520 2
0.0 0.356250 0.162040 0.101560 0.185190 0.310940 0.245370 2 0.365620 0.137040 2 0.398960 0.081480 2
0.0 0.285940 0.403700 0.024480 0.192590 0.279690 0.483330 2 0.281770 0.390740 2 0.291670 0.315740 2
0.0 0.326040 0.413890 0.087500 0.186110 0.316150 0.416670 2 0.315100 0.379630 2 0.363540 0.330560 2
0.0 0.342710 0.452780 0.046350 0.186110 0.329170 0.375000 2 0.332290 0.476850 2 0.355730 0.534260 2
0.0 0.314580 0.498150 0.025520 0.210190 0.316150 0.416670 2 0.316150 0.511110 2 0.323440 0.592590 2
0.0 0.342710 0.695370 0.066670 0.191670 0.318750 0.622220 2 0.345830 0.719440 2 0.369790 0.771300 2
0.0 0.380730 0.847220 0.077080 0.137040 0.408330 0.901850 2 0.377080 0.849070 2 0.349480 0.806480 2