0.0 0.658547 0.282372 0.086198 0.201118 0.686381 0.369194 2 0.647911 0.275984 2 0.629843 0.201382 2
0.0 0.682673 0.585270 0.048315 0.218004 0.684837 0.682909 2 0.685223 0.590318 2 0.675148 0.488781 2
0.0 0.497024 0.108235 0.115572 0.115913 0.454289 0.061068 2 0.518912 0.086958 2 0.545489 0.152790 2
0.0 0.475164 0.203376 0.089507 0.184521 0.447945 0.130534 2 0.495349 0.215947 2 0.506574 0.285195 2
0.0 0.377354 0.393902 0.100689 0.122581 0.337293 0.416158 2 0.378029 0.388986 2 0.420683 0.370927 2
0.0 0.333533 0.124088 0.090358 0.201449 0.308018 0.140132 2 0.349602 0.114914 2 0.372858 0.057931 2
0.0 0.343359 0.107966 0.087088 0.127104 0.308018 0.140132 2 0.349602 0.114914 2 0.383360 0.075473 2
0.0 0.257505 0.230622 0.079517 0.215093 0.225987 0.309350 2 0.289683 0.287767 2 0.282026 0.270163 2
0.0 0.285521 0.267676 0.066087 0.158754 0.312046 0.239118 2 0.292911 0.336739 2 0.301119 0.296126 2
0.0 0.240063 0.369914 0.075014 0.189631 0.265569 0.408879 2 0.236276 0.331124 2 0.267825 0.297931 2
0.0 0.262212 0.334943 0.041042 0.174245 0.265569 0.408879 2 0.260422 0.350785 2 0.276452 0.362158 2
0.0 0.294408 0.298493 0.048055 0.176216 0.312046 0.239118 2 0.292911 0.336739 2 0.301119 0.296126 2
0.0 0.287046 0.359942 0.035088 0.165895 0.279255 0.419594 2 0.292911 0.336739 2 0.301119 0.296126 2
0.0 0.336195 0.344570 0.046441 0.171590 0.322460 0.409413 2 0.327440 0.310391 2 0.355075 0.279528 2
0.0 0.259696 0.488728 0.033173 0.192058 0.265569 0.408879 2 0.261822 0.492804 2 0.256411 0.571960 2
0.0 0.226443 0.565224 0.055625 0.216724 0.241700 0.666541 2 0.237196 0.567422 2 0.225851 0.510163 2
0.0 0.240648 0.575222 0.050057 0.160918 0.253821 0.642480 2 0.237196 0.567422 2 0.225851 0.510163 2
0.0 0.338474 0.648198 0.105068 0.173042 0.299189 0.579688 2 0.339749 0.659757 2 0.378605 0.726462 2
0.0 0.350516 0.569182 0.083936 0.110367 0.318919 0.536315 2 0.346342 0.566333 2 0.384648 0.615725 2
0.0 0.475214 0.730394 0.077606 0.204544 0.507612 0.660576 2 0.478955 0.721186 2 0.440003 0.807232 2
0.0 0.507914 0.797093 0.096056 0.140474 0.465167 0.834901 2 0.520959 0.800798 2 0.552465 0.768456 2