0.0 0.496305 0.200145 0.137816 0.139298 0.435127 0.249521 2 0.508178 0.168384 2 0.561700 0.141647 2
0.0 0.410085 0.365423 0.082340 0.241875 0.443869 0.271079 2 0.405394 0.372514 2 0.379866 0.469242 2
0.0 0.494179 0.524500 0.053670 0.276989 0.490962 0.632637 2 0.508431 0.481504 2 0.482190 0.417867 2
0.0 0.746229 0.282789 0.058373 0.281102 0.768864 0.383561 2 0.736348 0.256579 2 0.723065 0.180079 2
0.0 0.592436 0.660011 0.038316 0.250863 0.602166 0.555970 2 0.600028 0.685063 2 0.578060 0.766990 2
0.0 0.716832 0.694460 0.088882 0.273239 0.678917 0.815919 2 0.732788 0.670042 2 0.751847 0.580252 2
0.0 0.406697 0.121833 0.118055 0.205802 0.354795 0.206765 2 0.409185 0.084042 2 0.454566 0.026331 2
0.0 0.278995 0.210886 0.115740 0.220034 0.229411 0.309028 2 0.288491 0.190336 2 0.252384 0.287680 2
0.0 0.225626 0.389086 0.068205 0.227480 0.229411 0.309028 2 0.223993 0.357194 2 0.252384 0.287680 2
0.0 0.187595 0.543211 0.028426 0.281064 0.200149 0.475550 2 0.191008 0.589431 2 0.193150 0.658647 2
0.0 0.178758 0.749506 0.053631 0.263747 0.198494 0.839348 2 0.174159 0.729097 2 0.160868 0.655644 2
0.0 0.218844 0.698202 0.033518 0.214163 0.226265 0.781290 2 0.219517 0.679524 2 0.207953 0.620574 2
0.0 0.277753 0.434151 0.071631 0.196452 0.309737 0.353829 2 0.270070 0.461898 2 0.287647 0.477504 2
0.0 0.311913 0.400737 0.061026 0.182610 0.339174 0.327578 2 0.316018 0.415117 2 0.336146 0.360452 2
0.0 0.343422 0.471203 0.040738 0.273298 0.354278 0.582262 2 0.347590 0.460139 2 0.352972 0.428256 2
0.0 0.315081 0.523406 0.079340 0.222237 0.283114 0.619860 2 0.347590 0.460139 2 0.352972 0.428256 2
0.0 0.273480 0.691313 0.076690 0.118345 0.303542 0.662685 2 0.262985 0.674535 2 0.245854 0.710586 2
0.0 0.270162 0.818896 0.056492 0.239586 0.253369 0.750997 2 0.283052 0.840582 2 0.290491 0.906443 2
0.0 0.268579 0.934937 0.069232 0.130126 0.291974 1.004431 2 0.262112 0.971887 2 0.237613 0.917639 2