0.0 0.545116 0.156005 0.125388 0.117495 0.490019 0.197475 2 0.555492 0.128973 2 0.603899 0.106664 2
0.0 0.468774 0.296105 0.076199 0.205421 0.498274 0.215929 2 0.464579 0.302041 2 0.442616 0.384256 2
0.0 0.547532 0.432444 0.050633 0.235606 0.546035 0.524518 2 0.559924 0.395859 2 0.535160 0.341384 2
0.0 0.773946 0.228681 0.054906 0.239070 0.795905 0.314709 2 0.764574 0.206187 2 0.751445 0.140865 2
0.0 0.638878 0.548824 0.036578 0.213476 0.646330 0.460167 2 0.646115 0.570178 2 0.627198 0.639811 2
0.0 0.752685 0.579299 0.082351 0.232095 0.719751 0.682418 2 0.766879 0.558563 2 0.783040 0.482203 2
0.0 0.462418 0.088454 0.108109 0.174356 0.416250 0.160315 2 0.464161 0.056201 2 0.504736 0.007417 2
0.0 0.347257 0.163214 0.106137 0.186507 0.303378 0.246354 2 0.355616 0.145718 2 0.324024 0.228365 2
0.0 0.301021 0.314622 0.063337 0.193279 0.303378 0.246354 2 0.299088 0.287359 2 0.324024 0.228365 2
0.0 0.268436 0.445648 0.027906 0.239306 0.278950 0.388025 2 0.272150 0.485008 2 0.275030 0.544022 2
0.0 0.263153 0.621401 0.050491 0.224321 0.282324 0.698087 2 0.258672 0.603899 2 0.245575 0.541173 2
0.0 0.298989 0.578032 0.031955 0.182239 0.306849 0.648851 2 0.299335 0.562052 2 0.288007 0.511703 2
0.0 0.349121 0.353500 0.066176 0.166802 0.377169 0.285258 2 0.342476 0.377014 2 0.358701 0.390473 2
0.0 0.379797 0.325325 0.056502 0.155098 0.403638 0.263148 2 0.383714 0.337553 2 0.401320 0.291140 2
0.0 0.409453 0.385668 0.038944 0.232577 0.420818 0.480358 2 0.413086 0.376209 2 0.417561 0.349082 2
0.0 0.384331 0.429909 0.073335 0.188710 0.356481 0.511767 2 0.413086 0.376209 2 0.417561 0.349082 2
0.0 0.348679 0.572649 0.070104 0.100183 0.375669 0.548451 2 0.338874 0.558189 2 0.323749 0.588763 2
0.0 0.347368 0.681363 0.052875 0.203701 0.331138 0.623274 2 0.359386 0.699896 2 0.367049 0.756098 2
0.0 0.347804 0.800700 0.063864 0.151183 0.369714 0.839630 2 0.342069 0.811624 2 0.319018 0.765167 2