0 0.62969 0.32963 0.07552 0.21944 0.60052 0.23889 2 0.63958 0.33148 2 0.66354 0.42130 2 
0 0.79531 0.40093 0.06302 0.22685 0.82083 0.49630 2 0.80208 0.38796 2 0.77448 0.30185 2 
0 0.70469 0.66481 0.04531 0.22685 0.71823 0.57315 2 0.69479 0.69352 2 0.69792 0.76667 2 
0 0.47500 0.15741 0.04740 0.22037 0.48646 0.25463 2 0.45990 0.14815 2 0.48958 0.06111 2 
0 0.56771 0.17037 0.09740 0.11204 0.61042 0.12778 2 0.56198 0.17315 2 0.53542 0.20278 2 
0 0.49635 0.24259 0.06563 0.08333 0.47187 0.27593 2 0.50104 0.24074 2 0.51875 0.21667 2 
0 0.41667 0.24537 0.06198 0.15185 0.44323 0.18704 2 0.40781 0.26019 2 0.39427 0.29722 2 
0 0.40156 0.42037 0.02865 0.20278 0.39531 0.50278 2 0.40417 0.41019 2 0.41302 0.34074 2 
0 0.45833 0.52685 0.03333 0.25833 0.46198 0.64074 2 0.45677 0.52222 2 0.44427 0.41389 2 
0 0.40677 0.56667 0.08542 0.10370 0.44323 0.60463 2 0.41563 0.54630 2 0.37917 0.52963 2 
0 0.55260 0.66481 0.08854 0.17963 0.51719 0.73519 2 0.55729 0.66019 2 0.58385 0.59722 2 
0 0.38698 0.15185 0.09115 0.13796 0.34792 0.15926 2 0.38333 0.10463 2 0.42448 0.09630 2 
0 0.32760 0.26111 0.05312 0.23889 0.34792 0.15926 2 0.31250 0.27222 2 0.30677 0.36019 2 
0 0.32969 0.46944 0.08854 0.16759 0.29583 0.40741 2 0.32917 0.51667 2 0.29896 0.49259 2 
0 0.31354 0.57685 0.04375 0.20833 0.32708 0.65833 2 0.31042 0.57315 2 0.29896 0.49259 2 
0 0.35573 0.60093 0.04063 0.18148 0.36979 0.66944 2 0.35260 0.60463 2 0.34375 0.52593 2 
0 0.37969 0.76852 0.07083 0.16481 0.40573 0.83519 2 0.36979 0.76296 2 0.35104 0.70741 2 
