0.0 0.365100 0.137040 0.120830 0.038890 0.309379 0.130560 2 0.370309 0.132410 2 0.419789 0.138890 2
0.0 0.265100 0.251850 0.030210 0.230560 0.268229 0.149070 2 0.258859 0.257410 2 0.273439 0.358330 2
0.0 0.221350 0.481480 0.097920 0.100930 0.260939 0.446300 2 0.230729 0.512960 2 0.174999 0.509260 2
0.0 0.483850 0.274070 0.138020 0.106480 0.429169 0.312960 2 0.492709 0.272220 2 0.543229 0.239810 2
0.0 0.473960 0.141670 0.118750 0.106480 0.524999 0.130560 2 0.458849 0.136110 2 0.417709 0.184260 2
0.0 0.539580 0.300930 0.065630 0.172220 0.563019 0.371300 2 0.537499 0.300930 2 0.543229 0.239810 2
0.0 0.557290 0.186110 0.071350 0.137960 0.524999 0.130560 2 0.554169 0.187960 2 0.543229 0.239810 2
0.0 0.598960 0.449070 0.026560 0.220370 0.598959 0.541670 2 0.596879 0.431480 2 0.596879 0.360190 2
0.0 0.624480 0.129630 0.111460 0.144440 0.574999 0.067590 2 0.635419 0.195370 2 0.676559 0.195370 2
0.0 0.646870 0.193520 0.066150 0.191670 0.671879 0.276850 2 0.635419 0.195370 2 0.676559 0.195370 2
0.0 0.685420 0.370370 0.032290 0.170370 0.696879 0.446300 2 0.684899 0.360190 2 0.677599 0.298150 2
0.0 0.703650 0.366670 0.027600 0.237960 0.696879 0.446300 2 0.706769 0.367590 2 0.699479 0.472220 2
0.0 0.671350 0.566670 0.027080 0.150930 0.663539 0.625000 2 0.661979 0.554630 2 0.676559 0.507410 2
0.0 0.682290 0.603700 0.053120 0.194440 0.665629 0.679630 2 0.688539 0.585190 2 0.698439 0.519440 2
0.0 0.620830 0.666670 0.070310 0.090740 0.593229 0.692590 2 0.630729 0.658330 2 0.647399 0.632410 2
0.0 0.534900 0.669440 0.048440 0.216670 0.521349 0.761110 2 0.539579 0.647220 2 0.553129 0.567590 2
0.0 0.533850 0.643520 0.086460 0.143520 0.495829 0.700930 2 0.539579 0.647220 2 0.567709 0.585190 2
0.0 0.437500 0.776850 0.082290 0.100930 0.406249 0.741670 2 0.436979 0.787040 2 0.467189 0.817590 2