0.0 0.701690 0.155258 0.116235 0.056002 0.754117 0.154695 2 0.696101 0.149658 2 0.649125 0.150949 2
0.0 0.800183 0.290936 0.035198 0.252762 0.793849 0.179460 2 0.805789 0.297675 2 0.794698 0.405102 2
0.0 0.848258 0.544256 0.096125 0.120431 0.809055 0.501655 2 0.839699 0.577215 2 0.892708 0.579651 2
0.0 0.592326 0.289695 0.134495 0.131063 0.645023 0.338064 2 0.583336 0.286679 2 0.534289 0.245804 2
0.0 0.598072 0.147691 0.116130 0.128837 0.548626 0.129792 2 0.611823 0.143433 2 0.652368 0.200242 2
0.0 0.539961 0.312298 0.067333 0.193777 0.519082 0.385680 2 0.541448 0.312546 2 0.534289 0.245804 2
0.0 0.519892 0.186114 0.071832 0.157397 0.548626 0.129792 2 0.522422 0.188482 2 0.534289 0.245804 2
0.0 0.487486 0.465603 0.031436 0.241323 0.489565 0.565726 2 0.488485 0.446833 2 0.486504 0.369757 2
0.0 0.454289 0.117290 0.110238 0.169036 0.499225 0.055937 2 0.445194 0.187109 2 0.405987 0.182358 2
0.0 0.434726 0.183779 0.068369 0.214866 0.412711 0.270991 2 0.445194 0.187109 2 0.405987 0.182358 2
0.0 0.402901 0.370530 0.035507 0.187927 0.393594 0.451307 2 0.402619 0.359591 2 0.407852 0.293359 2
0.0 0.385425 0.364424 0.032916 0.260461 0.393594 0.451307 2 0.381982 0.365066 2 0.391837 0.479030 2
0.0 0.421765 0.584387 0.030002 0.166307 0.430334 0.648361 2 0.429865 0.572459 2 0.414658 0.519723 2
0.0 0.412368 0.623159 0.056028 0.216356 0.429860 0.707183 2 0.405402 0.602432 2 0.394140 0.530202 2
0.0 0.472690 0.698338 0.069529 0.106225 0.499219 0.729557 2 0.462529 0.688185 2 0.445922 0.658236 2
0.0 0.554661 0.711257 0.052185 0.239850 0.569626 0.811940 2 0.549088 0.686701 2 0.533962 0.599043 2
0.0 0.554941 0.683355 0.086386 0.165154 0.592275 0.749823 2 0.549088 0.686701 2 0.520556 0.616387 2
0.0 0.650470 0.838634 0.081229 0.118626 0.678779 0.804215 2 0.650754 0.849718 2 0.622812 0.879259 2