0.0 0.700502 0.129291 0.123313 0.197027 0.693072 0.176924 2 0.720896 0.139509 2 0.742017 0.216308 2
0.0 0.679279 0.194554 0.157894 0.149224 0.745008 0.261390 2 0.670158 0.162158 2 0.621085 0.140884 2
0.0 0.688364 0.272386 0.056195 0.226224 0.672748 0.352243 2 0.694271 0.284039 2 0.687157 0.373969 2
0.0 0.593679 0.332466 0.173552 0.093842 0.672748 0.352243 2 0.591004 0.323853 2 0.518433 0.315876 2
0.0 0.563366 0.619169 0.059947 0.224287 0.581760 0.524097 2 0.563632 0.633456 2 0.541164 0.710490 2
0.0 0.473093 0.801278 0.064855 0.179613 0.466486 0.728196 2 0.488073 0.823242 2 0.480683 0.881870 2
0.0 0.424810 0.050652 0.159428 0.101303 0.495280 -0.001269 2 0.430233 0.026897 2 0.352288 0.052844 2
0.0 0.440623 0.115025 0.110025 0.151656 0.487598 0.071391 2 0.439398 0.120867 2 0.432283 0.052590 2
0.0 0.494778 0.116407 0.096750 0.122541 0.487598 0.071391 2 0.495606 0.119744 2 0.457456 0.147528 2
0.0 0.378090 0.102494 0.125457 0.185129 0.323325 0.157494 2 0.359542 0.085894 2 0.352288 0.052844 2
0.0 0.266781 0.195723 0.091304 0.253121 0.244453 0.305144 2 0.283306 0.202966 2 0.229628 0.287352 2
0.0 0.279657 0.215044 0.085578 0.236394 0.244453 0.305144 2 0.283306 0.202966 2 0.250496 0.315724 2
0.0 0.230891 0.388326 0.051192 0.189606 0.216166 0.465390 2 0.235236 0.375408 2 0.250496 0.315724 2
0.0 0.327778 0.459793 0.048917 0.237795 0.324683 0.567959 2 0.324865 0.442044 2 0.333896 0.356628 2
0.0 0.359511 0.419323 0.067713 0.228130 0.340596 0.513476 2 0.359690 0.389240 2 0.385630 0.330189 2
0.0 0.258316 0.552354 0.076666 0.114674 0.229841 0.567544 2 0.272289 0.578105 2 0.287818 0.521502 2
0.0 0.274954 0.660285 0.116500 0.111202 0.325678 0.648828 2 0.272979 0.690132 2 0.229529 0.655130 2
0.0 0.365165 0.642417 0.059266 0.169622 0.387154 0.575436 2 0.367607 0.664298 2 0.345497 0.704136 2
0.0 0.429727 0.754206 0.084890 0.208500 0.445370 0.848902 2 0.428440 0.755003 2 0.416019 0.669279 2
0.0 0.495921 0.912763 0.116899 0.072107 0.546407 0.909299 2 0.496107 0.910901 2 0.450799 0.893578 2