0 0.69427 0.09259 0.09427 0.16111 0.69219 0.13796 2 0.71302 0.09722 2 0.73854 0.16296 2 
0 0.68177 0.15741 0.13073 0.10648 0.74531 0.20370 2 0.67083 0.12963 2 0.62604 0.12130 2 
0 0.69688 0.22685 0.02969 0.20556 0.69063 0.30370 2 0.70312 0.23611 2 0.70521 0.32037 2 
0 0.61979 0.30370 0.15052 0.04907 0.69063 0.30370 2 0.61667 0.29630 2 0.55260 0.30556 2 
0 0.61979 0.57407 0.03333 0.20278 0.62708 0.48241 2 0.62135 0.58704 2 0.60885 0.66296 2 
0 0.55781 0.76204 0.04219 0.15833 0.54531 0.69630 2 0.57292 0.77870 2 0.57188 0.83426 2 
0 0.44427 0.06204 0.13229 0.10463 0.50313 0.01944 2 0.44896 0.06019 2 0.38333 0.10185 2 
0 0.46615 0.13889 0.08646 0.12037 0.50313 0.08796 2 0.46563 0.14444 2 0.45312 0.08333 2 
0 0.51354 0.12778 0.07708 0.09537 0.50313 0.08796 2 0.51458 0.13056 2 0.48385 0.16481 2 
0 0.41042 0.14167 0.09740 0.14907 0.36771 0.20463 2 0.39271 0.13056 2 0.38333 0.10185 2 
0 0.32188 0.25278 0.05937 0.22315 0.31250 0.35833 2 0.33698 0.25556 2 0.29792 0.34537 2 
0 0.33490 0.26759 0.05573 0.20833 0.31250 0.35833 2 0.33698 0.25556 2 0.31875 0.36667 2 
0 0.30833 0.43796 0.02865 0.17130 0.30260 0.51204 2 0.31094 0.42500 2 0.31875 0.36667 2 
0 0.39948 0.48148 0.02187 0.21852 0.40677 0.58148 2 0.39531 0.46574 2 0.39531 0.38519 2 
0 0.42344 0.43704 0.04010 0.20463 0.41563 0.52778 2 0.42083 0.40926 2 0.43802 0.34907 2 
0 0.34740 0.58241 0.05937 0.09259 0.32396 0.60278 2 0.36198 0.60278 2 0.37031 0.54722 2 
0 0.37188 0.67778 0.09635 0.07963 0.41510 0.65556 2 0.37292 0.70556 2 0.33177 0.68333 2 
0 0.44896 0.64074 0.03802 0.15000 0.46198 0.57407 2 0.45312 0.66019 2 0.43750 0.70185 2 
0 0.51562 0.72870 0.05781 0.18148 0.53802 0.81204 2 0.51458 0.72963 2 0.49583 0.65370 2 
0 0.58802 0.85926 0.10052 0.04167 0.63177 0.84444 2 0.58802 0.85741 2 0.54688 0.85185 2 
