0.0 0.305730 0.092590 0.094270 0.161110 0.307289 0.137960 2 0.286459 0.097220 2 0.260939 0.162960 2
0.0 0.318230 0.157410 0.130730 0.106480 0.254169 0.203700 2 0.328649 0.129630 2 0.373439 0.121300 2
0.0 0.303120 0.226850 0.029690 0.205560 0.308849 0.303700 2 0.296359 0.236110 2 0.294269 0.320370 2
0.0 0.380210 0.303700 0.150520 0.049070 0.308849 0.303700 2 0.382809 0.296300 2 0.446879 0.305560 2
0.0 0.380210 0.574070 0.033330 0.202780 0.372399 0.482410 2 0.378129 0.587040 2 0.390629 0.662960 2
0.0 0.442190 0.762040 0.042190 0.158330 0.454169 0.696300 2 0.426559 0.778700 2 0.427599 0.834260 2
0.0 0.555730 0.062040 0.132290 0.104630 0.496349 0.019440 2 0.550519 0.060190 2 0.616149 0.101850 2
0.0 0.533850 0.138890 0.086460 0.120370 0.496349 0.087960 2 0.533849 0.144440 2 0.546359 0.083330 2
0.0 0.486460 0.127780 0.077080 0.095370 0.496349 0.087960 2 0.484899 0.130560 2 0.515629 0.164810 2
0.0 0.589580 0.141670 0.097400 0.149070 0.631769 0.204630 2 0.606769 0.130560 2 0.616149 0.101850 2
0.0 0.678120 0.252780 0.059370 0.223150 0.686979 0.358330 2 0.662499 0.255560 2 0.701559 0.345370 2
0.0 0.665100 0.267590 0.055730 0.208330 0.686979 0.358330 2 0.662499 0.255560 2 0.680729 0.366670 2
0.0 0.691670 0.437960 0.028650 0.171300 0.696879 0.512040 2 0.688539 0.425000 2 0.680729 0.366670 2
0.0 0.600520 0.481480 0.021870 0.218520 0.592709 0.581480 2 0.604169 0.465740 2 0.604169 0.385190 2
0.0 0.576560 0.437040 0.040100 0.204630 0.583849 0.527780 2 0.578649 0.409260 2 0.561459 0.349070 2
0.0 0.652600 0.582410 0.059370 0.092590 0.675519 0.602780 2 0.637499 0.602780 2 0.629169 0.547220 2
0.0 0.628120 0.677780 0.096350 0.079630 0.584379 0.655560 2 0.626559 0.705560 2 0.667709 0.683330 2
0.0 0.551040 0.640740 0.038020 0.150000 0.537499 0.574070 2 0.546359 0.660190 2 0.561979 0.701850 2
0.0 0.484380 0.728700 0.057810 0.181480 0.461459 0.812040 2 0.484899 0.729630 2 0.503649 0.653700 2
0.0 0.411980 0.859260 0.100520 0.041670 0.367709 0.844440 2 0.411459 0.857410 2 0.452599 0.851850 2