0.0 0.784548 0.228247 0.093356 0.239751 0.825044 0.333843 2 0.785282 0.334048 2 0.746830 0.129456 2
0.0 0.771767 0.284139 0.147995 0.130581 0.833700 0.251275 2 0.785282 0.334048 2 0.710503 0.302636 2
0.0 0.701304 0.040080 0.148009 0.080159 0.638926 -0.019064 2 0.695306 0.021521 2 0.769438 0.073756 2
0.0 0.556236 0.051444 0.127627 0.102889 0.570427 0.035017 2 0.534948 0.071326 2 0.502804 -0.002799 2
0.0 0.536142 0.080792 0.112792 0.133463 0.570427 0.035017 2 0.559581 0.109990 2 0.534879 0.137192 2
0.0 0.563233 0.100940 0.088692 0.102184 0.591448 0.076364 2 0.559581 0.109990 2 0.534879 0.137192 2
0.0 0.393568 0.106860 0.113414 0.213719 0.429540 0.016179 2 0.386789 0.101746 2 0.356607 0.180544 2
0.0 0.687221 0.349801 0.056720 0.252898 0.665779 0.235290 2 0.697961 0.354378 2 0.707284 0.459083 2
0.0 0.553337 0.485550 0.050663 0.259451 0.554751 0.378117 2 0.547106 0.481716 2 0.550449 0.594033 2
0.0 0.564901 0.628178 0.127097 0.127940 0.508975 0.578336 2 0.554820 0.631176 2 0.550449 0.594033 2
0.0 0.532556 0.603176 0.069075 0.235644 0.505129 0.503607 2 0.530308 0.698143 2 0.550449 0.594033 2
0.0 0.465677 0.523624 0.054214 0.248403 0.474581 0.629407 2 0.473756 0.521598 2 0.486593 0.644522 2
0.0 0.537249 0.696838 0.086866 0.203379 0.499431 0.611631 2 0.530308 0.698143 2 0.573992 0.788362 2
0.0 0.511476 0.694632 0.064223 0.132555 0.535367 0.744791 2 0.530308 0.698143 2 0.486593 0.644522 2
0.0 0.398793 0.384465 0.059292 0.273099 0.404378 0.504465 2 0.387261 0.330812 2 0.382282 0.359467 2
0.0 0.366309 0.328073 0.083450 0.238499 0.347094 0.421946 2 0.387261 0.330812 2 0.382282 0.359467 2
0.0 0.375625 0.440094 0.048970 0.221596 0.374330 0.533092 2 0.377407 0.448780 2 0.382282 0.359467 2
0.0 0.389572 0.637401 0.062002 0.235790 0.363802 0.538029 2 0.391439 0.639818 2 0.416009 0.737030 2
0.0 0.650313 0.878433 0.105507 0.108487 0.689923 0.920121 2 0.642334 0.887976 2 0.606465 0.844753 2
0.0 0.794139 0.855823 0.095711 0.160577 0.823788 0.806323 2 0.799664 0.878568 2 0.765688 0.912967 2
0.0 0.690956 0.934806 0.063885 0.083364 0.715077 0.913891 2 0.689187 0.954540 2 0.669929 0.959425 2