0.0 0.279170 0.216670 0.072400 0.201850 0.247399 0.305560 2 0.285419 0.310190 2 0.307809 0.133330 2
0.0 0.295310 0.267590 0.132290 0.099070 0.233329 0.231480 2 0.285419 0.310190 2 0.354689 0.290740 2
0.0 0.344270 0.043520 0.133330 0.086110 0.400519 0.013890 2 0.349479 0.043520 2 0.282289 0.081480 2
0.0 0.483330 0.064810 0.111460 0.118520 0.469789 0.069440 2 0.506249 0.105560 2 0.531769 0.043520 2
0.0 0.506250 0.113890 0.098440 0.105560 0.469789 0.069440 2 0.485419 0.137040 2 0.510939 0.163890 2
0.0 0.481770 0.128700 0.077600 0.080560 0.452599 0.103700 2 0.485419 0.137040 2 0.510939 0.163890 2
0.0 0.644270 0.151850 0.093230 0.178700 0.603129 0.068520 2 0.649999 0.149070 2 0.684379 0.222220 2
0.0 0.380730 0.335190 0.036460 0.217590 0.392709 0.236110 2 0.370309 0.337960 2 0.368749 0.429630 2
0.0 0.518230 0.470370 0.030210 0.224070 0.508859 0.375000 2 0.523439 0.467590 2 0.528129 0.566670 2
0.0 0.517190 0.595370 0.112500 0.099070 0.566669 0.557410 2 0.526559 0.599070 2 0.528129 0.566670 2
0.0 0.546350 0.576850 0.049480 0.200930 0.565099 0.491670 2 0.554689 0.661110 2 0.528129 0.566670 2
0.0 0.604690 0.513890 0.034380 0.213890 0.603129 0.606480 2 0.596349 0.511110 2 0.592709 0.618520 2
0.0 0.548440 0.659260 0.068750 0.170370 0.578129 0.587960 2 0.554689 0.661110 2 0.519269 0.736110 2
0.0 0.572920 0.660190 0.052080 0.110190 0.553129 0.701850 2 0.554689 0.661110 2 0.592709 0.618520 2
0.0 0.658850 0.398150 0.037500 0.235190 0.661459 0.503700 2 0.665629 0.351850 2 0.672399 0.377780 2
0.0 0.685940 0.351850 0.063020 0.201850 0.710419 0.437040 2 0.665629 0.351850 2 0.672399 0.377780 2
0.0 0.684900 0.450000 0.031250 0.190740 0.692189 0.532410 2 0.683329 0.457410 2 0.672399 0.377780 2
0.0 0.685420 0.623150 0.042710 0.201850 0.702599 0.537960 2 0.683329 0.625000 2 0.666669 0.708330 2
0.0 0.453120 0.807410 0.093230 0.084260 0.417709 0.839810 2 0.460939 0.816670 2 0.492189 0.782410 2
0.0 0.314060 0.771300 0.080210 0.131480 0.281769 0.724070 2 0.309899 0.790740 2 0.344789 0.825000 2
0.0 0.418230 0.852780 0.055210 0.066670 0.393229 0.831480 2 0.420829 0.870370 2 0.439579 0.876850 2