0 0.72083 0.21667 0.07240 0.20185 0.75208 0.30556 2 0.71406 0.31019 2 0.69167 0.13333 2 
0 0.70469 0.26759 0.13229 0.09907 0.76615 0.23148 2 0.71406 0.31019 2 0.64479 0.29074 2 
0 0.65573 0.04352 0.13333 0.08611 0.59896 0.01389 2 0.65000 0.04352 2 0.71719 0.08148 2 
0 0.51667 0.06481 0.11146 0.11852 0.52969 0.06944 2 0.49323 0.10556 2 0.46771 0.04352 2 
0 0.49375 0.11389 0.09844 0.10556 0.52969 0.06944 2 0.51406 0.13704 2 0.48854 0.16389 2 
0 0.51823 0.12870 0.07760 0.08056 0.54688 0.10370 2 0.51406 0.13704 2 0.48854 0.16389 2 
0 0.35573 0.15185 0.09323 0.17870 0.39635 0.06852 2 0.34948 0.14907 2 0.31510 0.22222 2 
0 0.61927 0.33519 0.03646 0.21759 0.60677 0.23611 2 0.62917 0.33796 2 0.63073 0.42963 2 
0 0.48177 0.47037 0.03021 0.22407 0.49062 0.37500 2 0.47604 0.46759 2 0.47135 0.56667 2 
0 0.48281 0.59537 0.11250 0.09907 0.43281 0.55741 2 0.47292 0.59907 2 0.47135 0.56667 2 
0 0.45365 0.57685 0.04948 0.20093 0.43438 0.49167 2 0.44479 0.66111 2 0.47135 0.56667 2 
0 0.39531 0.51389 0.03438 0.21389 0.39635 0.60648 2 0.40313 0.51111 2 0.40677 0.61852 2 
0 0.45156 0.65926 0.06875 0.17037 0.42135 0.58796 2 0.44479 0.66111 2 0.48021 0.73611 2 
0 0.42708 0.66019 0.05208 0.11019 0.44635 0.70185 2 0.44479 0.66111 2 0.40677 0.61852 2 
0 0.34115 0.39815 0.03750 0.23519 0.33802 0.50370 2 0.33385 0.35185 2 0.32708 0.37778 2 
0 0.31406 0.35185 0.06302 0.20185 0.28906 0.43704 2 0.33385 0.35185 2 0.32708 0.37778 2 
0 0.31510 0.45000 0.03125 0.19074 0.30729 0.53241 2 0.31615 0.45741 2 0.32708 0.37778 2 
0 0.31458 0.62315 0.04271 0.20185 0.29688 0.53796 2 0.31615 0.62500 2 0.33281 0.70833 2 
0 0.54688 0.80741 0.09323 0.08426 0.58177 0.83981 2 0.53854 0.81667 2 0.50729 0.78241 2 
0 0.68594 0.77130 0.08021 0.13148 0.71771 0.72407 2 0.68958 0.79074 2 0.65469 0.82500 2 
0 0.58177 0.85278 0.05521 0.06667 0.60625 0.83148 2 0.57865 0.87037 2 0.55990 0.87685 2 
