0 0.72083 0.13426 0.10938 0.18148 0.67604 0.05463 2 0.72604 0.11852 2 0.77187 0.20741 2 
0 0.72240 0.34167 0.04688 0.25000 0.70781 0.23519 2 0.73281 0.37870 2 0.71615 0.36389 2 
0 0.66667 0.33426 0.12552 0.07963 0.61719 0.30556 2 0.66667 0.34259 2 0.71615 0.36389 2 
0 0.58802 0.15833 0.06042 0.14352 0.56771 0.21759 2 0.61198 0.16481 2 0.60469 0.10278 2 
0 0.54844 0.12500 0.10104 0.08519 0.59062 0.10093 2 0.55365 0.13611 2 0.50781 0.16019 2 
0 0.57031 0.07037 0.11667 0.08148 0.52604 0.04815 2 0.56354 0.05000 2 0.60469 0.10278 2 
0 0.51406 0.02130 0.13229 0.03241 0.45573 0.01574 2 0.50573 0.02222 2 0.56979 0.02593 2 
0 0.46302 0.05741 0.13437 0.04537 0.52604 0.04815 2 0.45000 0.04815 2 0.49635 0.07778 2 
0 0.44427 0.11852 0.11406 0.10185 0.39219 0.15556 2 0.44531 0.09352 2 0.49635 0.07778 2 
0 0.37240 0.34167 0.03177 0.13981 0.36406 0.28981 2 0.38073 0.34537 2 0.38385 0.39537 2 
0 0.39219 0.41667 0.11146 0.18704 0.34583 0.50278 2 0.34115 0.38241 2 0.33750 0.47037 2 
0 0.50833 0.58519 0.10104 0.10556 0.46771 0.54352 2 0.50625 0.57130 2 0.54844 0.61574 2 
0 0.31250 0.38796 0.04167 0.23981 0.32604 0.28056 2 0.31719 0.39352 2 0.31927 0.43889 2 
0 0.35208 0.26667 0.04792 0.16759 0.35000 0.31111 2 0.34948 0.25833 2 0.33750 0.31111 2 
0 0.34271 0.39074 0.02344 0.18889 0.35000 0.31111 2 0.34115 0.38241 2 0.33750 0.47037 2 
0 0.31979 0.55093 0.02656 0.24537 0.31719 0.65370 2 0.31615 0.54630 2 0.31927 0.43889 2 
0 0.29063 0.44537 0.02344 0.21944 0.29063 0.54907 2 0.28646 0.44815 2 0.29948 0.50000 2 
0 0.43229 0.83611 0.11875 0.10741 0.48333 0.87407 2 0.42760 0.82685 2 0.37969 0.80370 2 
0 0.56354 0.81667 0.11354 0.05463 0.61198 0.81852 2 0.55937 0.83056 2 0.51719 0.81389 2 
0 0.66198 0.74074 0.03490 0.14167 0.67240 0.68148 2 0.66927 0.75093 2 0.64948 0.80370 2 
0 0.62292 0.87685 0.10729 0.05463 0.66823 0.86111 2 0.60990 0.89074 2 0.57656 0.88796 2 
