0.0 0.345470 0.041419 0.091043 0.082837 0.671691 -0.008713 2 0.637220 -0.062987 2 0.605064 -0.106618 2
0.0 0.398260 0.034690 0.127600 0.069380 0.522244 -0.137522 2 0.564692 -0.122742 2 0.614048 -0.146284 2
0.0 0.397075 0.076660 0.134196 0.127438 0.479582 -0.069978 2 0.545606 -0.065278 2 0.575237 -0.013194 2
0.0 0.437165 0.120930 0.131556 0.069791 0.372467 -0.055559 2 0.430205 -0.085561 2 0.483421 -0.130843 2
0.0 0.348929 0.223405 0.085307 0.198281 0.306501 0.073176 2 0.361269 -0.012499 2 0.384485 -0.040571 2
0.0 0.302830 0.329662 0.040948 0.190649 0.452738 0.007881 2 0.393872 0.024033 2 0.451778 0.023097 2
0.0 0.414913 0.197002 0.105714 0.126547 0.382368 0.127350 2 0.442303 0.110017 2 0.451778 0.023097 2
0.0 0.614118 0.288146 0.104686 0.165499 0.382368 0.127350 2 0.442303 0.110017 2 0.495085 0.127018 2
0.0 0.409535 0.551104 0.045312 0.212476 0.312256 0.250774 2 0.340002 0.221923 2 0.312588 0.292858 2
0.0 0.354962 0.562497 0.031541 0.175995 0.312256 0.250774 2 0.290060 0.333857 2 0.300957 0.406231 2
0.0 0.281510 0.485835 0.054591 0.225104 0.369648 0.249937 2 0.416136 0.200806 2 0.449446 0.154938 2
0.0 0.261671 0.412996 0.036451 0.230012 0.579844 0.237852 2 0.624673 0.270276 2 0.652457 0.343753 2
0.0 0.443414 0.836243 0.116294 0.120338 0.403777 0.467806 2 0.411374 0.568834 2 0.412497 0.645901 2
0.0 0.273999 0.628602 0.056460 0.207372 0.351954 0.633237 2 0.351582 0.568090 2 0.353039 0.489582 2