0.0 0.466172 0.114205 0.132568 0.213181 0.368239 -0.059441 2 0.439978 -0.043701 2 0.375039 -0.022377 2
0.0 0.381555 0.168476 0.122180 0.063916 0.412767 0.041390 2 0.479778 0.105627 2 0.436075 0.162686 2
0.0 0.384310 0.238015 0.055143 0.220756 0.330227 0.172722 2 0.402394 0.178851 2 0.436075 0.162686 2
0.0 0.329158 0.054308 0.129526 0.108617 0.378372 0.142511 2 0.381301 0.256564 2 0.391318 0.336576 2
0.0 0.547188 0.307642 0.140027 0.086204 0.286045 0.091993 2 0.349989 0.045383 2 0.344191 0.089818 2
0.0 0.604623 0.502840 0.123174 0.208586 0.605066 0.281139 2 0.540136 0.293986 2 0.501352 0.342800 2
0.0 0.637446 0.691506 0.087748 0.224104 0.650984 0.591721 2 0.606707 0.492979 2 0.636685 0.412735 2
0.0 0.643741 0.776369 0.098350 0.221787 0.664401 0.690254 2 0.640300 0.687875 2 0.624870 0.776324 2
0.0 0.455624 0.505165 0.056574 0.232191 0.664401 0.690254 2 0.653073 0.837425 2 0.629299 0.867853 2
0.0 0.458113 0.516415 0.099576 0.152786 0.445312 0.409318 2 0.457864 0.483608 2 0.459836 0.607360 2
0.0 0.427478 0.535261 0.072376 0.163562 0.418294 0.469992 2 0.457864 0.483608 2 0.437780 0.461472 2
0.0 0.310167 0.466601 0.105457 0.187342 0.411669 0.589860 2 0.419878 0.530171 2 0.459836 0.607360 2
0.0 0.283026 0.517743 0.056652 0.257645 0.350202 0.535314 2 0.279149 0.507801 2 0.271189 0.396696 2
0.0 0.275802 0.256989 0.111788 0.258602 0.302169 0.635501 2 0.279149 0.507801 2 0.271189 0.396696 2
0.0 0.316139 0.164429 0.112937 0.164157 0.254307 0.365545 2 0.268247 0.234929 2 0.295318 0.148796 2
0.0 0.370810 0.704759 0.101047 0.259884 0.330227 0.172722 2 0.312539 0.148073 2 0.295318 0.148796 2
0.0 0.374780 0.766664 0.076294 0.244600 0.327261 0.606975 2 0.371362 0.786346 2 0.387701 0.705168 2
0.0 0.359178 0.637739 0.074050 0.185214 0.400458 0.863208 2 0.371362 0.786346 2 0.387701 0.705168 2