0.0 0.668230 0.200000 0.049480 0.225930 0.652080 0.100000 2 0.676560 0.212040 2 0.690100 0.298150 2
0.0 0.582290 0.191670 0.069270 0.209260 0.557810 0.101850 2 0.600000 0.203700 2 0.610940 0.283330 2
0.0 0.488540 0.046300 0.118750 0.074070 0.440100 0.025000 2 0.488540 0.065740 2 0.543230 0.028700 2
0.0 0.775520 0.512040 0.041670 0.195370 0.789060 0.592590 2 0.766150 0.506480 2 0.764060 0.423150 2
0.0 0.453120 0.166670 0.067710 0.142590 0.477600 0.106480 2 0.440620 0.236110 2 0.424480 0.226850 2
0.0 0.446350 0.224070 0.052600 0.176850 0.463540 0.168520 2 0.440620 0.236110 2 0.424480 0.300930 2
0.0 0.468750 0.337040 0.084900 0.194440 0.505730 0.248150 2 0.456250 0.350000 2 0.433330 0.425000 2
0.0 0.384900 0.117590 0.110420 0.110190 0.336460 0.153700 2 0.388540 0.098150 2 0.396870 0.115740 2
0.0 0.353650 0.177780 0.095830 0.146300 0.376040 0.205560 2 0.343230 0.181480 2 0.358330 0.203700 2
0.0 0.367190 0.286110 0.029170 0.209260 0.376040 0.205560 2 0.359380 0.287960 2 0.363020 0.382410 2
0.0 0.335940 0.270370 0.053120 0.150000 0.320310 0.328700 2 0.359380 0.287960 2 0.358330 0.203700 2
0.0 0.295310 0.319440 0.046880 0.150930 0.280210 0.380560 2 0.298440 0.287040 2 0.314580 0.255560 2
0.0 0.289580 0.427780 0.028650 0.240740 0.288020 0.530560 2 0.289060 0.413890 2 0.298960 0.324070 2
0.0 0.335420 0.472220 0.030210 0.197220 0.344790 0.386110 2 0.333850 0.476850 2 0.325520 0.556480 2
0.0 0.364580 0.571300 0.065100 0.103700 0.388020 0.537040 2 0.386980 0.582410 2 0.339580 0.608330 2
0.0 0.400520 0.569440 0.088020 0.189810 0.438020 0.498150 2 0.386980 0.582410 2 0.364060 0.653700 2
0.0 0.336460 0.732410 0.061460 0.206480 0.358330 0.812960 2 0.325520 0.724070 2 0.317710 0.638890 2
0.0 0.630210 0.819440 0.116670 0.107410 0.678120 0.780560 2 0.659380 0.864810 2 0.581770 0.862960 2
0.0 0.659380 0.853700 0.100520 0.090740 0.704170 0.817590 2 0.659380 0.864810 2 0.618750 0.896300 2