0.0 0.466470 0.045920 0.116452 0.091839 0.511942 -0.017514 2 0.448858 0.021183 2 0.415609 0.072032 2
0.0 0.539290 0.040956 0.112970 0.081913 0.584889 -0.046658 2 0.534353 0.012554 2 0.489500 0.066973 2
0.0 0.569342 0.031334 0.114485 0.062668 0.616211 -0.031127 2 0.534353 0.012554 2 0.615049 0.008289 2
0.0 0.561268 0.065061 0.096194 0.101663 0.537695 0.097856 2 0.565319 0.065068 2 0.601547 0.055728 2
0.0 0.569223 0.129733 0.079004 0.151439 0.537695 0.097856 2 0.584681 0.121151 2 0.599401 0.150842 2
0.0 0.513473 0.171012 0.119597 0.166151 0.462299 0.156822 2 0.520830 0.163290 2 0.566970 0.188010 2
0.0 0.554902 0.317665 0.097204 0.260676 0.514073 0.233023 2 0.558638 0.309640 2 0.596183 0.391696 2
0.0 0.657925 0.076057 0.102142 0.152113 0.626063 0.070454 2 0.646213 0.019810 2 0.615049 0.008289 2
0.0 0.658532 0.137659 0.073604 0.224645 0.626063 0.070454 2 0.661168 0.136306 2 0.675516 0.133464 2
0.0 0.699362 0.199726 0.055381 0.225677 0.719490 0.275804 2 0.686744 0.270173 2 0.709648 0.243754 2
0.0 0.670420 0.256676 0.096301 0.115496 0.631999 0.268015 2 0.653652 0.290266 2 0.709648 0.243754 2
0.0 0.658914 0.320523 0.095476 0.127900 0.614858 0.326414 2 0.653652 0.290266 2 0.699104 0.320443 2
0.0 0.743259 0.294050 0.040139 0.225195 0.756090 0.379798 2 0.743456 0.276493 2 0.731338 0.359047 2
0.0 0.742686 0.429311 0.036627 0.268784 0.742675 0.544796 2 0.741014 0.433112 2 0.731338 0.359047 2
0.0 0.729647 0.454029 0.029292 0.225850 0.730028 0.544772 2 0.729360 0.446922 2 0.731338 0.359047 2
0.0 0.632899 0.567290 0.074007 0.223851 0.608421 0.657798 2 0.633961 0.571812 2 0.655921 0.486542 2
0.0 0.339928 0.711041 0.045902 0.227982 0.332807 0.806451 2 0.343144 0.701235 2 0.349538 0.622467 2
0.0 0.390020 0.778855 0.065647 0.243435 0.364327 0.700189 2 0.381366 0.789093 2 0.412027 0.868349 2
0.0 0.384985 0.857983 0.084863 0.223200 0.347882 0.799160 2 0.390009 0.894340 2 0.420838 0.920325 2
0.0 0.718914 0.687264 0.061822 0.234694 0.701034 0.784796 2 0.723703 0.671572 2 0.736026 0.594033 2