0.0 0.600234 0.125647 0.107899 0.034473 0.557709 0.126824 2 0.611277 0.121079 2 0.643618 0.112403 2
0.0 0.548497 0.166904 0.117877 0.064223 0.498131 0.183494 2 0.559911 0.157567 2 0.600233 0.138220 2
0.0 0.562958 0.204173 0.110708 0.109755 0.517320 0.238733 2 0.559911 0.157567 2 0.575957 0.213752 2
0.0 0.538310 0.284473 0.045826 0.116118 0.544094 0.327616 2 0.543680 0.267517 2 0.531548 0.239627 2
0.0 0.451823 0.273607 0.088684 0.148249 0.414761 0.329112 2 0.455692 0.249616 2 0.463201 0.323606 2
0.0 0.431488 0.383754 0.079777 0.145444 0.414761 0.329112 2 0.434676 0.368493 2 0.463201 0.323606 2
0.0 0.621025 0.206123 0.106222 0.039133 0.660843 0.199372 2 0.616709 0.208626 2 0.575957 0.213752 2
0.0 0.667340 0.195184 0.076527 0.070926 0.695369 0.215110 2 0.672788 0.183769 2 0.672173 0.217818 2
0.0 0.728567 0.202517 0.139863 0.064489 0.787371 0.181404 2 0.720675 0.211523 2 0.672173 0.217818 2
0.0 0.684114 0.281397 0.124850 0.068515 0.739651 0.262817 2 0.679215 0.284714 2 0.629227 0.310064 2
0.0 0.545554 0.473179 0.052822 0.205845 0.544871 0.560146 2 0.544293 0.469204 2 0.546239 0.385257 2
0.0 0.423053 0.649167 0.057845 0.152298 0.407033 0.709979 2 0.425206 0.653725 2 0.436381 0.706975 2
0.0 0.394229 0.632360 0.064371 0.177132 0.407033 0.709979 2 0.385439 0.620051 2 0.372824 0.644384 2
0.0 0.387947 0.726007 0.075523 0.202198 0.404671 0.805804 2 0.384398 0.731634 2 0.372824 0.644384 2
0.0 0.367862 0.531590 0.031873 0.179520 0.364965 0.607582 2 0.367096 0.521260 2 0.368730 0.461062 2
0.0 0.800312 0.513896 0.086194 0.142593 0.773215 0.461334 2 0.809608 0.505457 2 0.832070 0.564493 2
0.0 0.759030 0.630590 0.115268 0.083081 0.718529 0.619016 2 0.779185 0.607385 2 0.804043 0.648903 2
0.0 0.831941 0.665040 0.050210 0.152724 0.121580 0.132828 0 0.830839 0.652361 2 0.823380 0.597343 2
0.0 0.615094 0.727706 0.051200 0.165425 0.611671 0.659760 2 0.625720 0.735025 2 0.615498 0.794057 2