0.0 0.682203 0.107654 0.155853 0.093987 0.747623 0.138315 2 0.663904 0.079986 2 0.617239 0.073378 2
0.0 0.734753 0.228961 0.102524 0.182092 0.779373 0.304050 2 0.734023 0.209721 2 0.695676 0.156081 2
0.0 0.528747 0.096148 0.126267 0.064678 0.579080 0.112136 2 0.527897 0.091531 2 0.474884 0.078121 2
0.0 0.578088 0.197129 0.074751 0.137348 0.558934 0.247154 2 0.593881 0.196309 2 0.601557 0.148307 2
0.0 0.611723 0.340113 0.140299 0.064644 0.548735 0.333415 2 0.612765 0.337453 2 0.670015 0.352948 2
0.0 0.386018 0.040126 0.143987 0.080252 0.329319 0.046071 2 0.392415 0.020779 2 0.376851 0.064618 2
0.0 0.351445 0.151737 0.092634 0.231772 0.329319 0.046071 2 0.356986 0.138375 2 0.340577 0.097094 2
0.0 0.313673 0.171305 0.087780 0.188483 0.335458 0.254102 2 0.306923 0.133390 2 0.314825 0.243653 2
0.0 0.272115 0.211677 0.081060 0.209091 0.294982 0.244229 2 0.293314 0.294436 2 0.293147 0.128856 2
0.0 0.291620 0.296146 0.079982 0.144998 0.294982 0.244229 2 0.293314 0.294436 2 0.314825 0.243653 2
0.0 0.412601 0.352252 0.055240 0.248628 0.408805 0.445329 2 0.415864 0.356134 2 0.413449 0.248954 2
0.0 0.452796 0.537733 0.039166 0.220170 0.461661 0.627944 2 0.455261 0.522350 2 0.440987 0.445531 2
0.0 0.516324 0.583814 0.105114 0.144746 0.475697 0.530041 2 0.526576 0.595447 2 0.563289 0.642583 2
0.0 0.582512 0.699580 0.078382 0.098239 0.553200 0.673045 2 0.591398 0.700151 2 0.613337 0.728978 2
0.0 0.516110 0.645998 0.138590 0.146857 0.553200 0.673045 2 0.527020 0.666820 2 0.572725 0.594702 2
0.0 0.315257 0.519911 0.063180 0.204308 0.295567 0.448244 2 0.298678 0.614010 2 0.310183 0.546127 2
0.0 0.324061 0.601878 0.043509 0.174705 0.336755 0.655739 2 0.324391 0.605565 2 0.310183 0.546127 2
0.0 0.294573 0.631117 0.049865 0.206214 0.278433 0.600839 2 0.298678 0.614010 2 0.282309 0.540714 2
0.0 0.258665 0.513596 0.046603 0.201435 0.278433 0.600839 2 0.251478 0.502178 2 0.244912 0.434993 2
0.0 0.784749 0.640990 0.089880 0.209647 0.822662 0.736697 2 0.793755 0.643396 2 0.750751 0.549216 2