0 0.69167 0.12315 0.13281 0.08519 0.74792 0.15000 2 0.67708 0.09630 2 0.63594 0.09259 2 
0 0.73073 0.24259 0.07969 0.17778 0.76562 0.31574 2 0.73125 0.22315 2 0.70052 0.17130 2 
0 0.55573 0.12130 0.10833 0.05741 0.59948 0.13426 2 0.55521 0.11667 2 0.50885 0.10648 2 
0 0.59323 0.22037 0.05781 0.13426 0.57292 0.27222 2 0.60729 0.21852 2 0.61719 0.16944 2 
0 0.61406 0.36296 0.12083 0.05648 0.55833 0.36019 2 0.61510 0.36019 2 0.66510 0.37222 2 
0 0.43333 0.05556 0.12083 0.10833 0.38125 0.08333 2 0.43906 0.05370 2 0.42240 0.09907 2 
0 0.39427 0.18889 0.06771 0.22870 0.38125 0.08333 2 0.40000 0.17500 2 0.38802 0.13426 2 
0 0.35938 0.21111 0.06615 0.18519 0.37344 0.29352 2 0.35573 0.17315 2 0.35573 0.28426 2 
0 0.31979 0.25463 0.05885 0.20648 0.33802 0.28611 2 0.33333 0.33704 2 0.34375 0.16944 2 
0 0.33177 0.33889 0.06198 0.14167 0.33802 0.28611 2 0.33333 0.33704 2 0.35573 0.28426 2 
0 0.43594 0.38796 0.03333 0.24815 0.42656 0.48241 2 0.43854 0.39167 2 0.44323 0.28333 2 
0 0.45990 0.57315 0.02083 0.22037 0.46198 0.66389 2 0.46302 0.55741 2 0.45521 0.48056 2 
0 0.51354 0.61574 0.08438 0.13981 0.48073 0.56389 2 0.52187 0.62685 2 0.55156 0.67222 2 
0 0.56510 0.72870 0.06354 0.09444 0.54063 0.70370 2 0.57292 0.72870 2 0.59062 0.75648 2 
0 0.50938 0.67870 0.11406 0.13981 0.54063 0.70370 2 0.51771 0.69907 2 0.56302 0.62315 2 
0 0.33854 0.56389 0.04323 0.20278 0.32552 0.49259 2 0.31771 0.66019 2 0.33229 0.59074 2 
0 0.34115 0.64630 0.02760 0.17407 0.34896 0.70000 2 0.34115 0.65000 2 0.33229 0.59074 2 
0 0.31302 0.67778 0.03125 0.20556 0.30052 0.64815 2 0.31771 0.66019 2 0.30781 0.58704 2 
0 0.28854 0.56111 0.02865 0.20093 0.30052 0.64815 2 0.28281 0.55000 2 0.28125 0.48241 2 
0 0.74896 0.65648 0.06667 0.20648 0.77656 0.75093 2 0.75677 0.65833 2 0.72448 0.56574 2 
