0.0 0.740100 0.262040 0.085420 0.181480 0.705730 0.344440 2 0.755730 0.283330 2 0.775520 0.193520 2
0.0 0.718750 0.490740 0.076560 0.174070 0.690630 0.427780 2 0.718230 0.492590 2 0.000000 0.000000 0
0.0 0.745830 0.660190 0.081250 0.153700 0.777600 0.726850 2 0.742710 0.644440 2 0.712500 0.600930 2
0.0 0.555210 0.269440 0.138540 0.092590 0.497400 0.230560 2 0.572920 0.286110 2 0.522920 0.309260 2
0.0 0.475000 0.335190 0.109900 0.080560 0.431250 0.372220 2 0.485420 0.333330 2 0.522920 0.309260 2
0.0 0.346870 0.328700 0.069790 0.134260 0.321350 0.384260 2 0.365620 0.333330 2 0.316670 0.312960 2
0.0 0.306770 0.297220 0.056250 0.228700 0.288020 0.400000 2 0.303650 0.263890 2 0.316670 0.312960 2
0.0 0.311460 0.407410 0.018750 0.221300 0.309380 0.502780 2 0.310420 0.424070 2 0.316670 0.312960 2
0.0 0.401040 0.469440 0.105210 0.187960 0.446350 0.546300 2 0.395310 0.469440 2 0.394270 0.550000 2
0.0 0.441150 0.653700 0.087500 0.102780 0.407810 0.614810 2 0.441150 0.658330 2 0.476560 0.691670 2
0.0 0.536460 0.707410 0.040100 0.164810 0.522920 0.640740 2 0.548440 0.714810 2 0.545310 0.775930 2
0.0 0.627600 0.620370 0.064580 0.197220 0.650520 0.537960 2 0.635940 0.628700 2 0.604170 0.697220 2
0.0 0.622400 0.825930 0.094270 0.100930 0.661460 0.791670 2 0.619270 0.850930 2 0.578120 0.861110 2
0.0 0.351040 0.618520 0.067190 0.176850 0.378120 0.693520 2 0.364580 0.607410 2 0.328120 0.555560 2
0.0 0.311460 0.652780 0.061980 0.171300 0.312500 0.658330 2 0.317710 0.697220 2 0.338020 0.731480 2
0.0 0.356250 0.606480 0.097920 0.137960 0.312500 0.658330 2 0.364580 0.607410 2 0.394270 0.550000 2