0.0 0.383850 0.212960 0.077600 0.137040 0.413019 0.157410 2 0.380209 0.204630 2 0.355729 0.256480 2
0.0 0.331250 0.322220 0.128120 0.139810 0.351039 0.272220 2 0.310419 0.335190 2 0.355729 0.256480 2
0.0 0.348960 0.370370 0.027080 0.240740 0.351039 0.272220 2 0.342189 0.403700 2 0.355729 0.256480 2
0.0 0.223440 0.638890 0.082810 0.171300 0.188539 0.573150 2 0.210419 0.662040 2 0.254689 0.711110 2
0.0 0.363020 0.738890 0.087500 0.079630 0.402079 0.758330 2 0.347919 0.723150 2 0.325519 0.762040 2
0.0 0.436460 0.781480 0.086460 0.096300 0.402079 0.758330 2 0.437499 0.813890 2 0.471879 0.823150 2
0.0 0.505210 0.607410 0.106250 0.097220 0.547399 0.575000 2 0.505209 0.612960 2 0.459899 0.653700 2
0.0 0.538540 0.534260 0.137500 0.122220 0.547399 0.575000 2 0.545309 0.543520 2 0.580729 0.506480 2
0.0 0.480730 0.302780 0.111980 0.053700 0.527609 0.312960 2 0.473439 0.291670 2 0.429689 0.283330 2
0.0 0.586980 0.186110 0.143230 0.045370 0.646879 0.190740 2 0.584899 0.187040 2 0.520829 0.193520 2
0.0 0.604170 0.436110 0.059900 0.171300 0.624999 0.368520 2 0.598439 0.453700 2 0.580729 0.506480 2
0.0 0.568230 0.369440 0.098440 0.045370 0.604169 0.378700 2 0.561979 0.368520 2 0.522919 0.358330 2
0.0 0.641150 0.343520 0.098440 0.073150 0.624999 0.368520 2 0.631769 0.333330 2 0.592709 0.319440 2
0.0 0.699480 0.440740 0.034380 0.246300 0.691669 0.541670 2 0.702599 0.548150 2 0.710419 0.331480 2
0.0 0.705730 0.538890 0.031250 0.234260 0.710419 0.609260 2 0.702599 0.548150 2 0.694789 0.630560 2
0.0 0.683330 0.666670 0.072400 0.151850 0.710419 0.609260 2 0.681249 0.679630 2 0.652609 0.730560 2
0.0 0.650000 0.629630 0.103120 0.075000 0.690099 0.611110 2 0.598439 0.614810 2 0.602609 0.644440 2
0.0 0.604690 0.613890 0.092190 0.110190 0.636979 0.576850 2 0.598439 0.614810 2 0.565099 0.658330 2
0.0 0.675000 0.481480 0.022400 0.206480 0.673439 0.567590 2 0.673959 0.449070 2 0.674999 0.394440 2