0.0 0.540102 0.168305 0.099131 0.144754 0.501771 0.113868 2 0.542049 0.159607 2 0.574636 0.210633 2
0.0 0.609793 0.275758 0.150482 0.151083 0.581765 0.226313 2 0.632319 0.287526 2 0.574636 0.210633 2
0.0 0.599285 0.325954 0.064021 0.246697 0.581765 0.226313 2 0.610742 0.359404 2 0.574636 0.210633 2
0.0 0.766779 0.590294 0.109609 0.179956 0.791481 0.521041 2 0.782984 0.612957 2 0.745841 0.665935 2
0.0 0.641324 0.701689 0.100354 0.087060 0.604463 0.724199 2 0.653694 0.684659 2 0.682207 0.722650 2
0.0 0.573788 0.750105 0.101848 0.103940 0.604463 0.724199 2 0.577231 0.783162 2 0.543986 0.794968 2
0.0 0.477930 0.577868 0.121938 0.106251 0.430003 0.547868 2 0.478325 0.583538 2 0.530215 0.621818 2
0.0 0.433172 0.505797 0.157254 0.133847 0.430003 0.547868 2 0.427308 0.515710 2 0.385952 0.480505 2
0.0 0.456140 0.266380 0.121076 0.062393 0.409982 0.280017 2 0.461343 0.254601 2 0.504174 0.243079 2
0.0 0.331235 0.155121 0.151308 0.056094 0.271105 0.164019 2 0.333022 0.155948 2 0.398598 0.158084 2
0.0 0.352040 0.410547 0.086514 0.178363 0.320280 0.343287 2 0.360048 0.428063 2 0.385952 0.480505 2
0.0 0.378101 0.340251 0.106156 0.052981 0.342832 0.352192 2 0.383810 0.338906 2 0.421631 0.325829 2
0.0 0.300638 0.318961 0.110394 0.081231 0.320280 0.343287 2 0.308088 0.307972 2 0.345345 0.291132 2
0.0 0.256666 0.421881 0.072228 0.252859 0.279483 0.524002 2 0.269454 0.531352 2 0.228520 0.311558 2
0.0 0.265337 0.522127 0.067236 0.240397 0.270892 0.594040 2 0.269454 0.531352 2 0.289897 0.614614 2
0.0 0.307410 0.650513 0.096148 0.159453 0.270892 0.594040 2 0.311032 0.663573 2 0.347672 0.713374 2
0.0 0.335359 0.610529 0.115394 0.083438 0.291658 0.594509 2 0.384623 0.591900 2 0.384939 0.622321 2
0.0 0.378634 0.591373 0.109743 0.118464 0.339982 0.555976 2 0.384623 0.591900 2 0.424871 0.633839 2
0.0 0.287558 0.461609 0.054077 0.211532 0.301815 0.549094 2 0.283212 0.428604 2 0.273830 0.373122 2