0 0.62500 0.18889 0.08750 0.17407 0.59115 0.11667 2 0.63698 0.18704 2 0.58906 0.23056 2 
0 0.79896 0.32222 0.04688 0.21852 0.78229 0.22685 2 0.79948 0.32500 2 0.81771 0.41574 2 
0 0.55729 0.58981 0.13385 0.06296 0.61458 0.59537 2 0.54531 0.60833 2 0.49948 0.57593 2 
0 0.52552 0.18241 0.13594 0.13333 0.46979 0.12778 2 0.52656 0.16389 2 0.58906 0.23056 2 
0 0.51094 0.06389 0.12656 0.08148 0.46042 0.03519 2 0.50938 0.06019 2 0.56667 0.08241 2 
0 0.32344 0.23796 0.07760 0.20093 0.32656 0.28333 2 0.32031 0.22500 2 0 0 0 
0 0.37812 0.30926 0.09167 0.08333 0.39115 0.27407 2 0.36250 0.29444 2 0.34219 0.33981 2 
0 0.38177 0.37593 0.03542 0.22500 0.39115 0.27407 2 0.37656 0.38333 2 0.37656 0.47778 2 
0 0.45260 0.32685 0.10833 0.08333 0.41042 0.35278 2 0.45937 0.31574 2 0.49844 0.29074 2 
0 0.31250 0.38519 0.04583 0.22593 0.32656 0.28333 2 0.30729 0.38704 2 0.32552 0.47407 2 
0 0.36615 0.56204 0.06198 0.13981 0.37656 0.51389 2 0.36354 0.57593 2 0.39010 0.62315 2 
0 0.42031 0.54259 0.10417 0.08519 0.37656 0.51389 2 0.41875 0.54537 2 0.46563 0.57222 2 
0 0.36979 0.42593 0.04948 0.12222 0.34896 0.47778 2 0.36250 0.40648 2 0.37656 0.47778 2 
0 0.32917 0.58889 0.02865 0.25278 0.34323 0.50833 2 0.32448 0.56481 2 0.32552 0.47407 2 
0 0.54219 0.75370 0.13490 0.10185 0.49115 0.78981 2 0.56146 0.76296 2 0.60365 0.73148 2 
0 0.34167 0.59722 0.10417 0.14907 0.29583 0.54167 2 0.36354 0.57593 2 0.38385 0.66296 2 
0 0.28646 0.44444 0.01927 0.15648 0.28594 0.38333 2 0.28802 0.47037 2 0.28073 0.51944 2 
