0.0 0.301477 0.212374 0.090945 0.169446 0.336170 0.142517 2 0.288712 0.212943 2 0.337344 0.242458 2
0.0 0.122468 0.361849 0.049785 0.201125 0.139790 0.274761 2 0.121382 0.364386 2 0.101974 0.447675 2
0.0 0.367322 0.553081 0.137400 0.080102 0.308163 0.568518 2 0.378885 0.567183 2 0.426022 0.530205 2
0.0 0.403254 0.188353 0.140132 0.142475 0.460172 0.129963 2 0.401817 0.172223 2 0.337344 0.242458 2
0.0 0.419165 0.081264 0.130102 0.095074 0.470536 0.046675 2 0.420261 0.077711 2 0.361492 0.107831 2
0.0 0.609419 0.200087 0.081049 0.191285 0.605315 0.240621 2 0.612199 0.188087 2 0.941632 -0.069080 0
0.0 0.552904 0.272961 0.094441 0.090281 0.539347 0.244354 2 0.568471 0.257024 2 0.588855 0.293252 2
0.0 0.548607 0.332363 0.038122 0.204724 0.539347 0.244354 2 0.553342 0.337915 2 0.552543 0.421117 2
0.0 0.476596 0.302167 0.111477 0.093348 0.518977 0.317237 2 0.469237 0.293619 2 0.429498 0.278789 2
0.0 0.619361 0.327769 0.048774 0.207459 0.605315 0.240621 2 0.624142 0.328432 2 0.604765 0.408453 2
0.0 0.563005 0.493433 0.064560 0.134569 0.552237 0.452926 2 0.565026 0.505181 2 0.537468 0.551666 2
0.0 0.507789 0.486269 0.107239 0.094220 0.552237 0.452926 2 0.508830 0.488424 2 0.460666 0.520706 2
0.0 0.560435 0.374203 0.051629 0.116773 0.580765 0.416036 2 0.567523 0.355720 2 0.552543 0.421117 2
0.0 0.600592 0.510277 0.031434 0.227949 0.586366 0.441893 2 0.605061 0.488195 2 0.604765 0.408453 2
0.0 0.381376 0.694673 0.138802 0.114553 0.432731 0.717079 2 0.361063 0.706370 2 0.318188 0.686406 2
0.0 0.587740 0.519916 0.107779 0.150492 0.634552 0.462536 2 0.565026 0.505181 2 0.543522 0.585584 2
0.0 0.645486 0.375169 0.021028 0.141391 0.646004 0.321234 2 0.643141 0.398290 2 0.650180 0.440174 2