0.0 0.356250 0.046300 0.116670 0.092590 0.402599 0.009260 2 0.354689 0.045370 2 0.304169 0.085190 2
0.0 0.476040 0.091670 0.127600 0.040740 0.526039 0.093520 2 0.476559 0.087960 2 0.418749 0.087960 2
0.0 0.588020 0.060190 0.090100 0.107410 0.622399 0.093520 2 0.571879 0.088890 2 0.999479 0.000000 0
0.0 0.573960 0.145370 0.092710 0.075000 0.612499 0.157410 2 0.579169 0.133330 2 0.603649 0.173150 2
0.0 0.602080 0.224070 0.108850 0.092590 0.642189 0.207410 2 0.591669 0.200000 2 0.551559 0.262040 2
0.0 0.662500 0.199070 0.080730 0.174070 0.698439 0.273150 2 0.666149 0.173150 2 0.626559 0.123150 2
0.0 0.642190 0.212040 0.065630 0.144440 0.612499 0.157410 2 0.666149 0.173150 2 0.667189 0.274070 2
0.0 0.523440 0.345370 0.024480 0.202780 0.518749 0.428700 2 0.522399 0.354630 2 0.522919 0.255560 2
0.0 0.603650 0.425930 0.074480 0.129630 0.570829 0.479630 2 0.598959 0.425930 2 0.632809 0.371300 2
0.0 0.596350 0.483330 0.088540 0.155560 0.626559 0.512040 2 0.597399 0.505560 2 0.563019 0.553700 2
0.0 0.598440 0.575930 0.079690 0.151850 0.626559 0.512040 2 0.582809 0.575000 2 0.561979 0.637960 2
0.0 0.223960 0.593520 0.097400 0.139810 0.177599 0.540740 2 0.226559 0.640740 2 0.265629 0.630560 2
0.0 0.333850 0.791670 0.099480 0.125930 0.293749 0.751850 2 0.329169 0.826850 2 0.374479 0.828700 2
0.0 0.291670 0.774070 0.101560 0.192590 0.245829 0.690740 2 0.329169 0.826850 2 0.334899 0.861110 2
0.0 0.709370 0.424070 0.046350 0.230560 0.699999 0.391670 2 0.711459 0.421300 2 0.692709 0.326850 2
0.0 0.683330 0.489810 0.049480 0.228700 0.699999 0.391670 2 0.663019 0.415740 2 0.665629 0.593520 2
0.0 0.651560 0.398150 0.077080 0.101850 0.632809 0.421300 2 0.651039 0.382410 2 0.632809 0.371300 2
0.0 0.648440 0.393520 0.032810 0.155560 0.632809 0.421300 2 0.651039 0.382410 2 0.632809 0.371300 2
0.0 0.648960 0.551850 0.025520 0.196300 0.647399 0.632410 2 0.652079 0.548150 2 0.656769 0.466670 2
0.0 0.609380 0.659260 0.072920 0.053700 0.581249 0.656480 2 0.612499 0.662040 2 0.640099 0.654630 2