0.0 0.594270 0.033330 0.124480 0.062960 0.543750 0.014810 2 0.601560 0.024070 2 0.650520 0.053700 2
0.0 0.493750 0.096300 0.135420 0.047220 0.438020 0.113890 2 0.490100 0.096300 2 0.517190 0.107410 2
0.0 0.405210 0.086110 0.121870 0.075000 0.422920 0.116670 2 0.411460 0.085190 2 0.461980 0.056480 2
0.0 0.530730 0.172220 0.045830 0.143520 0.548440 0.230560 2 0.534380 0.149070 2 0.517190 0.107410 2
0.0 0.396870 0.177780 0.061980 0.157410 0.422920 0.116670 2 0.397400 0.164810 2 0.370830 0.244440 2
0.0 0.395830 0.503700 0.087500 0.124070 0.360940 0.455560 2 0.388540 0.522220 2 0.357810 0.506480 2
0.0 0.448440 0.575000 0.056770 0.185190 0.465100 0.522220 2 0.457290 0.573150 2 0.433330 0.554630 2
0.0 0.468750 0.442590 0.032290 0.183330 0.465100 0.522220 2 0.478130 0.429630 2 0.479690 0.363890 2
0.0 0.805730 0.549070 0.034380 0.263890 0.812500 0.432410 2 0.811460 0.558330 2 0.795310 0.672220 2
0.0 0.758850 0.611110 0.036460 0.177780 0.772400 0.646300 2 0.766670 0.616670 2 0.747400 0.687960 2
0.0 0.732290 0.695370 0.098440 0.145370 0.772400 0.646300 2 0.715100 0.669440 2 0.692710 0.757410 2
0.0 0.358330 0.712040 0.072920 0.178700 0.328120 0.637960 2 0.350520 0.712960 2 0.378650 0.781480 2
0.0 0.354170 0.600930 0.029690 0.164810 0.360940 0.660190 2 0.347400 0.582410 2 0.352080 0.532410 2
0.0 0.291670 0.473150 0.040100 0.224070 0.281770 0.573150 2 0.292190 0.444440 2 0.305210 0.374070 2
0.0 0.305730 0.282410 0.060940 0.230560 0.307290 0.339810 2 0.302080 0.262960 2 0.329170 0.181480 2
0.0 0.351560 0.246300 0.091150 0.153700 0.357290 0.314810 2 0.336460 0.244440 2 0.370830 0.244440 2
0.0 0.356770 0.404630 0.020830 0.219440 0.360940 0.455560 2 0.358850 0.400930 2 0.357810 0.506480 2
0.0 0.316670 0.432410 0.041150 0.202780 0.307290 0.339810 2 0.328120 0.432410 2 0.305210 0.374070 2