0.0 0.271787 0.350394 0.144918 0.198137 0.333377 0.348340 2 0.253282 0.317230 2 0.212024 0.375627 2
0.0 0.169257 0.246455 0.051246 0.324684 0.179551 0.114807 2 0.165176 0.263717 2 0.157334 0.378790 2
0.0 0.531340 0.067760 0.145657 0.135521 0.483254 -0.051328 2 0.438730 -0.074101 2 0.383853 -0.100384 2
0.0 0.450131 0.254867 0.058057 0.257403 0.590225 0.113295 2 0.517199 0.047543 2 0.466693 0.013750 2
0.0 0.609469 0.086992 0.137850 0.167743 0.468461 0.365917 2 0.428683 0.240345 2 0.434929 0.151847 2
0.0 0.599322 0.201050 0.062950 0.182991 0.668292 0.154001 2 0.589606 0.045890 2 0.548357 0.017219 2
0.0 0.565857 0.558668 0.034833 0.263945 0.577643 0.133975 2 0.603396 0.203022 2 0.622346 0.273262 2
0.0 0.548384 0.544680 0.048484 0.240598 0.562926 0.641474 2 0.552359 0.542405 2 0.575739 0.673335 2
0.0 0.628444 0.661780 0.093444 0.127202 0.562926 0.641474 2 0.552359 0.542405 2 0.533265 0.444834 2
0.0 0.696826 0.746466 0.045377 0.208812 0.587374 0.638610 2 0.636567 0.687559 2 0.664594 0.646419 2
0.0 0.738235 0.628355 0.043242 0.280249 0.706941 0.673477 2 0.691753 0.747544 2 0.684954 0.814830 2
0.0 0.699178 0.421276 0.088710 0.230006 0.733901 0.745152 2 0.742752 0.603244 2 0.736140 0.524802 2
0.0 0.707529 0.369367 0.054045 0.278711 0.725122 0.495828 2 0.729999 0.420354 2 0.736140 0.524802 2
0.0 0.685145 0.451806 0.053713 0.265979 0.725122 0.495828 2 0.701101 0.318462 2 0.686715 0.248127 2
0.0 0.628717 0.190929 0.047986 0.221494 0.667917 0.489500 2 0.675293 0.422468 2 0.671361 0.556043 2
0.0 0.221706 0.551742 0.111153 0.171712 0.613903 0.102750 2 0.630353 0.208604 2 0.622346 0.273262 2
0.0 0.545657 0.789975 0.048972 0.215641 0.174372 0.484903 2 0.218024 0.583861 2 0.265606 0.593289 2
0.0 0.644779 0.741357 0.077083 0.177676 0.531608 0.862624 2 0.548795 0.777895 2 0.555129 0.714607 2