0 0.71094 0.46667 0.12760 0.11852 0.65417 0.44074 2 0.72656 0.44444 2 0.76562 0.51204 2 
0 0.80208 0.41481 0.03906 0.26667 0.78906 0.29444 2 0.80573 0.43148 2 0.81563 0.53611 2 
0 0.55156 0.02870 0.10990 0.04074 0.50781 0.02963 2 0.54792 0.02685 2 0.59740 0.02500 2 
0 0.46719 0.11481 0.12969 0.06574 0.41406 0.13333 2 0.47917 0.10370 2 0.52448 0.09352 2 
0 0.54583 0.31296 0.04688 0.20463 0.53125 0.40370 2 0.56458 0.30833 2 0.55677 0.22778 2 
0 0.39635 0.10278 0.12187 0.09444 0.34375 0.13889 2 0.41302 0.07407 2 0.45000 0.06481 2 
0 0.40833 0.20741 0.05312 0.13704 0.42604 0.15648 2 0.40417 0.20741 2 0.38854 0.26204 2 
0 0.44740 0.53611 0.02552 0.21944 0.45156 0.61019 2 0.45885 0.52685 2 0.44062 0.63333 2 
0 0.46302 0.53056 0.03854 0.19352 0.45156 0.61019 2 0.45885 0.52685 2 0.47396 0.44815 2 
0 0.39271 0.60278 0.08229 0.07593 0.42917 0.59815 2 0.38542 0.62222 2 0.35885 0.57500 2 
0 0.33229 0.65093 0.03646 0.16667 0.32083 0.58241 2 0.33646 0.65370 2 0.34427 0.71574 2 
0 0.29167 0.53056 0.03281 0.23056 0.29792 0.63519 2 0.28646 0.50648 2 0.29063 0.43981 2 
0 0.32240 0.36296 0.07552 0.16852 0.30000 0.41852 2 0.29375 0.35000 2 0.29063 0.43981 2 
0 0.31354 0.31389 0.04271 0.22500 0.30000 0.41852 2 0.31771 0.27130 2 0.32917 0.21481 2 
0 0.33594 0.39537 0.04271 0.21389 0.35208 0.43519 2 0.34375 0.37315 2 0.35052 0.49259 2 
0 0.38125 0.18704 0.03854 0.17685 0.39219 0.11481 2 0.37969 0.20185 2 0.38854 0.26204 2 
0 0.76146 0.66389 0.09740 0.10833 0.80260 0.62315 2 0.76510 0.69352 2 0.72188 0.68333 2 
0 0.47135 0.74815 0.03958 0.17130 0.48542 0.81759 2 0.46771 0.73611 2 0.46042 0.67778 2 
0 0.37969 0.66667 0.06615 0.12685 0.40208 0.71481 2 0.38542 0.62222 2 0.35729 0.62778 2 
