0.0 0.740150 0.254016 0.114388 0.153736 0.705244 0.299497 2 0.738899 0.247444 2 0.792857 0.328011 2
0.0 0.745133 0.369114 0.099245 0.162694 0.748730 0.429546 2 0.756308 0.369361 2 0.790046 0.442354 2
0.0 0.719035 0.393850 0.072997 0.094433 0.748730 0.429546 2 0.717046 0.392815 2 0.692025 0.420053 2
0.0 0.664004 0.344438 0.062275 0.171947 0.643187 0.278267 2 0.677402 0.340087 2 0.692025 0.420053 2
0.0 0.638617 0.217741 0.101472 0.113211 0.672864 0.179334 2 0.658639 0.231665 2 0.599392 0.253186 2
0.0 0.544844 0.181419 0.103655 0.062927 0.585577 0.169290 2 0.545862 0.182286 2 0.503635 0.193429 2
0.0 0.557875 0.392684 0.034366 0.166036 0.555754 0.455766 2 0.562678 0.369063 2 0.556686 0.320395 2
0.0 0.535359 0.511545 0.081425 0.165783 0.509917 0.573973 2 0.538253 0.510983 2 0.521474 0.504556 2
0.0 0.596837 0.709862 0.049084 0.158647 0.609126 0.646088 2 0.599768 0.721327 2 0.587723 0.779479 2
0.0 0.649615 0.796721 0.067258 0.129942 0.672409 0.751597 2 0.649685 0.798301 2 0.628073 0.848307 2
0.0 0.720933 0.886178 0.087925 0.103088 0.755157 0.858192 2 0.729226 0.909391 2 0.689233 0.915945 2
0.0 0.417793 0.676512 0.064192 0.148881 0.444249 0.738350 2 0.405645 0.664877 2 0.390574 0.619340 2
0.0 0.411668 0.759284 0.096389 0.186466 0.371778 0.678439 2 0.422115 0.776290 2 0.456260 0.836502 2
0.0 0.416467 0.556150 0.023330 0.157758 0.415284 0.618518 2 0.420359 0.545270 2 0.416043 0.490350 2
0.0 0.375945 0.427193 0.041015 0.185118 0.373027 0.505425 2 0.372145 0.395529 2 0.381714 0.347552 2
0.0 0.535250 0.318359 0.063286 0.127956 0.531632 0.358044 2 0.562678 0.369063 2 0.556686 0.320395 2
0.0 0.527044 0.431384 0.035827 0.177405 0.531632 0.358044 2 0.538253 0.510983 2 0.521474 0.504556 2
0.0 0.498324 0.406965 0.044564 0.222331 0.503015 0.313603 2 0.479910 0.373887 2 0.492932 0.506599 2
0.0 0.471449 0.402764 0.046756 0.160829 0.481614 0.469432 2 0.479910 0.373887 2 0.457244 0.332419 2
0.0 0.417914 0.298189 0.091685 0.089021 0.437542 0.292034 2 0.427240 0.311883 2 0.456369 0.278628 2
0.0 0.439707 0.386864 0.032833 0.209172 0.437542 0.292034 2 0.427240 0.311883 2 0.448730 0.483089 2