0 0.69583 0.15741 0.09740 0.10741 0.73542 0.15648 2 0.67917 0.12778 2 0.65312 0.19907 2 
0 0.69063 0.07037 0.12187 0.13981 0.63802 0.01389 2 0.69688 0.08611 2 0.74740 0.12963 2 
0 0.74740 0.40648 0.05156 0.16852 0.76562 0.47222 2 0.74948 0.37870 2 0.72969 0.33241 2 
0 0.63594 0.57130 0.06979 0.18148 0.62708 0.63704 2 0.64635 0.59074 2 0.60938 0.65185 2 
0 0.66458 0.66111 0.09167 0.08333 0.62708 0.63704 2 0.67396 0.66944 2 0.70000 0.69074 2 
0 0.57188 0.82407 0.10677 0.04907 0.61719 0.83519 2 0.56302 0.82407 2 0.52604 0.81204 2 
0 0.29688 0.57870 0.05781 0.25000 0.27604 0.47407 2 0.29688 0.57407 2 0.32552 0.62963 2 
0 0.33490 0.48889 0.09531 0.12222 0.37396 0.51111 2 0.33125 0.52500 2 0.34583 0.48056 2 
0 0.39583 0.47500 0.03854 0.23611 0.38750 0.58333 2 0.40000 0.47407 2 0.41198 0.37870 2 
0 0.40313 0.52222 0.09479 0.14167 0.37396 0.51111 2 0.42865 0.52037 2 0 0 0 
0 0.34427 0.55093 0.01458 0.17222 0.34479 0.62500 2 0.34635 0.56204 2 0.34583 0.48056 2 
0 0.35260 0.66019 0.07135 0.10556 0.38021 0.70093 2 0.35156 0.65463 2 0.32552 0.62963 2 
0 0.35208 0.19537 0.10052 0.12685 0.39271 0.17593 2 0.35417 0.19352 2 0.33229 0.24722 2 
0 0.31615 0.32315 0.03854 0.19074 0.30469 0.40556 2 0.31771 0.31296 2 0.33229 0.24722 2 
0 0.38594 0.25556 0.02187 0.22685 0.39271 0.17593 2 0.38333 0.27685 2 0.37812 0.34907 2 
0 0.47240 0.26667 0.06354 0.18981 0.49740 0.18704 2 0.46510 0.27963 2 0.49115 0.36111 2 
0 0.47552 0.44907 0.03438 0.22500 0.46510 0.54444 2 0.48333 0.43519 2 0.49115 0.36111 2 
0 0.55885 0.51944 0.07083 0.16852 0.58646 0.44537 2 0.56146 0.53981 2 0.53229 0.58889 2 
0 0.47604 0.07685 0.08229 0.15185 0.47760 0.09444 2 0.45000 0.07222 2 0.44740 0.14444 2 
0 0.55469 0.02130 0.10260 0.04167 0.59948 0.01389 2 0.54896 0.02593 2 0.51198 0.04074 2 
0 0.50729 0.07963 0.08073 0.04167 0.47760 0.09444 2 0.51927 0.07222 2 0.53906 0.06204 2 
0 0.54427 0.09259 0.09792 0.09074 0 0 0 0.51927 0.07222 2 0.50208 0.13241 2 
0 0.61823 0.07222 0.02604 0.14074 0.61615 0.01759 2 0.62187 0.08704 2 0.61198 0.13241 2 
