0.0 0.695830 0.157410 0.097400 0.107410 0.735420 0.156480 2 0.679170 0.127780 2 0.653120 0.199070 2
0.0 0.690630 0.070370 0.121870 0.139810 0.638020 0.013890 2 0.696880 0.086110 2 0.747400 0.129630 2
0.0 0.747400 0.406480 0.051560 0.168520 0.765620 0.472220 2 0.749480 0.378700 2 0.729690 0.332410 2
0.0 0.635940 0.571300 0.069790 0.181480 0.627080 0.637040 2 0.646350 0.590740 2 0.609380 0.651850 2
0.0 0.664580 0.661110 0.091670 0.083330 0.627080 0.637040 2 0.673960 0.669440 2 0.700000 0.690740 2
0.0 0.571880 0.824070 0.106770 0.049070 0.617190 0.835190 2 0.563020 0.824070 2 0.526040 0.812040 2
0.0 0.296880 0.578700 0.057810 0.250000 0.276040 0.474070 2 0.296880 0.574070 2 0.325520 0.629630 2
0.0 0.334900 0.488890 0.095310 0.122220 0.373960 0.511110 2 0.331250 0.525000 2 0.345830 0.480560 2
0.0 0.395830 0.475000 0.038540 0.236110 0.387500 0.583330 2 0.400000 0.474070 2 0.411980 0.378700 2
0.0 0.403130 0.522220 0.094790 0.141670 0.373960 0.511110 2 0.428650 0.520370 2 0.000000 0.000000 0
0.0 0.344270 0.550930 0.014580 0.172220 0.344790 0.625000 2 0.346350 0.562040 2 0.345830 0.480560 2
0.0 0.352600 0.660190 0.071350 0.105560 0.380210 0.700930 2 0.351560 0.654630 2 0.325520 0.629630 2
0.0 0.352080 0.195370 0.100520 0.126850 0.392710 0.175930 2 0.354170 0.193520 2 0.332290 0.247220 2
0.0 0.316150 0.323150 0.038540 0.190740 0.304690 0.405560 2 0.317710 0.312960 2 0.332290 0.247220 2
0.0 0.385940 0.255560 0.021870 0.226850 0.392710 0.175930 2 0.383330 0.276850 2 0.378120 0.349070 2
0.0 0.472400 0.266670 0.063540 0.189810 0.497400 0.187040 2 0.465100 0.279630 2 0.491150 0.361110 2
0.0 0.475520 0.449070 0.034380 0.225000 0.465100 0.544440 2 0.483330 0.435190 2 0.491150 0.361110 2
0.0 0.558850 0.519440 0.070830 0.168520 0.586460 0.445370 2 0.561460 0.539810 2 0.532290 0.588890 2
0.0 0.476040 0.076850 0.082290 0.151850 0.477600 0.094440 2 0.450000 0.072220 2 0.447400 0.144440 2
0.0 0.554690 0.021300 0.102600 0.041670 0.599480 0.013890 2 0.548960 0.025930 2 0.511980 0.040740 2
0.0 0.507290 0.079630 0.080730 0.041670 0.477600 0.094440 2 0.519270 0.072220 2 0.539060 0.062040 2
0.0 0.544270 0.092590 0.097920 0.090740 0.000000 0.000000 0 0.519270 0.072220 2 0.502080 0.132410 2
0.0 0.618230 0.072220 0.026040 0.140740 0.616150 0.017590 2 0.621870 0.087040 2 0.611980 0.132410 2