0.0 0.531250 0.016670 0.102080 0.023150 0.484900 0.012960 2 0.536980 0.013890 2 0.580210 0.011110 2
0.0 0.638540 0.063890 0.108850 0.124070 0.595310 0.052780 2 0.658330 0.037960 2 0.689060 0.113890 2
0.0 0.683330 0.155560 0.054170 0.139810 0.697400 0.218520 2 0.701040 0.130560 2 0.689060 0.113890 2
0.0 0.686460 0.170370 0.100000 0.086110 0.731250 0.186110 2 0.701040 0.130560 2 0.648960 0.139810 2
0.0 0.542710 0.065740 0.114060 0.055560 0.595310 0.052780 2 0.539580 0.059260 2 0.491150 0.084260 2
0.0 0.549480 0.135190 0.107810 0.092590 0.596880 0.163890 2 0.526040 0.162040 2 0.594270 0.178700 2
0.0 0.543750 0.175000 0.115630 0.061110 0.596880 0.163890 2 0.526040 0.162040 2 0.490100 0.188890 2
0.0 0.408330 0.227780 0.058850 0.155560 0.427080 0.164810 2 0.423960 0.256480 2 0.388540 0.298150 2
0.0 0.549480 0.332410 0.125520 0.062960 0.491150 0.354630 2 0.000000 0.000000 0 0.607810 0.310190 2
0.0 0.651560 0.479630 0.133850 0.051850 0.594270 0.486110 2 0.652080 0.488890 2 0.714580 0.463890 2
0.0 0.681250 0.555560 0.088540 0.103700 0.651560 0.522220 2 0.701560 0.535190 2 0.643750 0.527780 2
0.0 0.648440 0.607410 0.034380 0.192590 0.655730 0.688890 2 0.651560 0.610190 2 0.643750 0.527780 2
0.0 0.443230 0.563890 0.043750 0.218520 0.428650 0.472220 2 0.450000 0.566670 2 0.457290 0.662040 2
0.0 0.365100 0.592590 0.090100 0.109260 0.327080 0.554630 2 0.371880 0.614810 2 0.403650 0.637040 2
0.0 0.319790 0.362960 0.022400 0.216670 0.317190 0.454630 2 0.318750 0.345370 2 0.322920 0.263890 2
0.0 0.311980 0.503700 0.043750 0.212040 0.327080 0.554630 2 0.310420 0.491670 2 0.295830 0.415740 2
0.0 0.278130 0.470370 0.021350 0.219440 0.280210 0.564810 2 0.276040 0.447220 2 0.280210 0.375930 2
0.0 0.373960 0.710190 0.050520 0.185190 0.393230 0.787960 2 0.364060 0.703700 2 0.356770 0.647220 2
0.0 0.523440 0.768520 0.132810 0.058330 0.469270 0.753700 2 0.517190 0.774070 2 0.580210 0.769440 2
0.0 0.722920 0.737960 0.046880 0.183330 0.704170 0.812040 2 0.731250 0.731480 2 0.000000 0.000000 0