0.0 0.587045 0.010902 0.098770 0.021805 0.542915 0.003566 2 0.592632 -0.003239 2 0.634088 -0.012967 2
0.0 0.687069 0.059154 0.110581 0.118309 0.646312 0.032619 2 0.707317 0.006068 2 0.732662 0.088648 2
0.0 0.725017 0.137354 0.059163 0.168799 0.735094 0.207583 2 0.743228 0.105987 2 0.732662 0.088648 2
0.0 0.727224 0.153894 0.100115 0.114038 0.769155 0.165235 2 0.743228 0.105987 2 0.692972 0.124486 2
0.0 0.595399 0.055429 0.111933 0.081068 0.646312 0.032619 2 0.592715 0.048488 2 0.545113 0.084529 2
0.0 0.598192 0.134188 0.107921 0.122663 0.641931 0.160022 2 0.574336 0.168606 2 0.638653 0.177430 2
0.0 0.590610 0.180787 0.113727 0.087681 0.641931 0.160022 2 0.574336 0.168606 2 0.538572 0.204883 2
0.0 0.458413 0.261891 0.064469 0.187599 0.479626 0.186748 2 0.471793 0.292527 2 0.435741 0.345751 2
0.0 0.587754 0.360749 0.123276 0.091302 0.530803 0.395122 2 0.080244 0.061981 0 0.644632 0.326435 2
0.0 0.677506 0.514439 0.130648 0.079798 0.622382 0.530574 2 0.677477 0.525028 2 0.738523 0.486860 2
0.0 0.701858 0.597177 0.090095 0.132512 0.675216 0.563395 2 0.722308 0.570736 2 0.667458 0.570963 2
0.0 0.667761 0.661701 0.043046 0.226439 0.670379 0.754230 2 0.670560 0.664452 2 0.667458 0.570963 2
0.0 0.473972 0.642729 0.053372 0.257643 0.464856 0.539654 2 0.480258 0.644928 2 0.482176 0.753384 2
0.0 0.397794 0.687509 0.091880 0.139135 0.363436 0.649679 2 0.403061 0.712040 2 0.432243 0.732774 2
0.0 0.366651 0.430567 0.032873 0.252290 0.359279 0.536297 2 0.366552 0.410546 2 0.374850 0.316314 2
0.0 0.351739 0.593425 0.053029 0.250199 0.363436 0.649679 2 0.350849 0.579871 2 0.340926 0.494850 2
0.0 0.321157 0.560254 0.032016 0.255314 0.318110 0.668459 2 0.320349 0.534005 2 0.328107 0.451479 2
0.0 0.400036 0.821265 0.058077 0.220378 0.414298 0.907722 2 0.390883 0.815336 2 0.386907 0.751555 2
0.0 0.539788 0.865676 0.129997 0.087085 0.488773 0.856870 2 0.533485 0.873026 2 0.593951 0.858180 2
0.0 0.732023 0.800414 0.054501 0.217691 0.710148 0.888379 2 0.740289 0.791740 2 0.080244 0.061981 0