0.0 0.716150 0.203700 0.035940 0.170370 0.716670 0.127780 2 0.727080 0.215740 2 0.733850 0.262040 2
0.0 0.748440 0.321300 0.051040 0.153700 0.767190 0.381480 2 0.747920 0.300930 2 0.733850 0.262040 2
0.0 0.667710 0.258330 0.108330 0.050000 0.622920 0.250000 2 0.670830 0.269440 2 0.715100 0.257410 2
0.0 0.610420 0.042590 0.136980 0.063890 0.554170 0.066670 2 0.606770 0.023150 2 0.675520 0.045370 2
0.0 0.574480 0.171300 0.119270 0.053700 0.627600 0.187040 2 0.573960 0.159260 2 0.520310 0.162040 2
0.0 0.455730 0.035190 0.088020 0.068520 0.420310 0.055560 2 0.458850 0.027780 2 0.494270 0.008330 2
0.0 0.472920 0.106480 0.116150 0.062960 0.423960 0.130560 2 0.470830 0.106480 2 0.526040 0.087040 2
0.0 0.433330 0.237040 0.041150 0.192590 0.450520 0.157410 2 0.439580 0.240740 2 0.419270 0.320370 2
0.0 0.485940 0.357410 0.106250 0.128700 0.500000 0.372220 2 0.494270 0.351850 2 0.532810 0.300930 2
0.0 0.547400 0.433330 0.113020 0.137960 0.500000 0.372220 2 0.558330 0.432410 2 0.597400 0.488890 2
0.0 0.541150 0.564810 0.100000 0.110190 0.500000 0.614810 2 0.547400 0.561110 2 0.586460 0.529630 2
0.0 0.430730 0.463890 0.072920 0.175000 0.402080 0.395370 2 0.423960 0.480560 2 0.459900 0.539810 2
0.0 0.327080 0.523150 0.076040 0.158330 0.295830 0.456480 2 0.321350 0.592590 2 0.359900 0.592590 2
0.0 0.334370 0.588890 0.061460 0.178700 0.358850 0.663890 2 0.321350 0.592590 2 0.359900 0.592590 2
0.0 0.289060 0.567590 0.042190 0.187960 0.303650 0.650000 2 0.287500 0.568520 2 0.276560 0.490740 2
0.0 0.565630 0.705560 0.095830 0.166670 0.526040 0.639810 2 0.575000 0.707410 2 0.603650 0.775930 2
0.0 0.656770 0.795370 0.094790 0.160190 0.691670 0.834260 2 0.664580 0.815740 2 0.697400 0.734260 2
0.0 0.714580 0.747220 0.060420 0.200000 0.691670 0.834260 2 0.718750 0.744440 2 0.740620 0.662040 2
0.0 0.398960 0.734260 0.132810 0.067590 0.342190 0.723150 2 0.391150 0.737040 2 0.460940 0.758330 2