0.0 0.355819 0.130796 0.050694 0.152099 0.363133 0.063812 2 0.344218 0.140724 2 0.333111 0.181137 2
0.0 0.314160 0.232602 0.062321 0.138255 0.290316 0.284506 2 0.316313 0.214615 2 0.333111 0.181137 2
0.0 0.392991 0.181625 0.102001 0.050088 0.433268 0.176713 2 0.388450 0.191169 2 0.350325 0.178103 2
0.0 0.467680 0.013356 0.129050 0.026712 0.514616 0.019031 2 0.472520 -0.022242 2 0.408829 -0.006498 2
0.0 0.485596 0.110148 0.112153 0.053958 0.435998 0.120984 2 0.486836 0.099500 2 0.534332 0.104939 2
0.0 0.606318 0.014745 0.085934 0.029490 0.635101 0.016704 2 0.603807 -0.009918 2 0.574380 -0.029028 2
0.0 0.583189 0.058702 0.110388 0.061942 0.623629 0.082576 2 0.584508 0.058749 2 0.537447 0.038545 2
0.0 0.604154 0.175932 0.057771 0.171966 0.597022 0.104750 2 0.597637 0.178774 2 0.607005 0.250060 2
0.0 0.544087 0.279046 0.108773 0.119307 0.529393 0.291240 2 0.536731 0.273614 2 0.507973 0.226605 2
0.0 0.481006 0.342506 0.115819 0.127843 0.529393 0.291240 2 0.470825 0.341017 2 0.429824 0.388598 2
0.0 0.472165 0.458689 0.101175 0.102651 0.502806 0.504963 2 0.466459 0.455011 2 0.435107 0.425100 2
0.0 0.581609 0.375932 0.084150 0.158240 0.614102 0.317094 2 0.585270 0.390927 2 0.546755 0.441123 2
0.0 0.667465 0.433918 0.085103 0.143727 0.702072 0.376854 2 0.664417 0.495344 2 0.630069 0.493196 2
0.0 0.653765 0.491429 0.074345 0.160861 0.623190 0.556070 2 0.664417 0.495344 2 0.630069 0.493196 2
0.0 0.696470 0.475189 0.058191 0.167945 0.673895 0.546909 2 0.697214 0.476025 2 0.715486 0.408111 2
0.0 0.434928 0.581325 0.103650 0.152178 0.476865 0.525536 2 0.425834 0.582363 2 0.392797 0.641132 2
0.0 0.343881 0.655368 0.102013 0.146411 0.307980 0.687615 2 0.334146 0.672809 2 0.313834 0.599196 2
0.0 0.297650 0.609725 0.075753 0.179568 0.307980 0.687615 2 0.293696 0.606974 2 0.283241 0.533161 2
0.0 0.580284 0.615900 0.125740 0.066949 0.631539 0.609206 2 0.586394 0.618715 2 0.521879 0.633581 2