0.0 0.630828 0.148277 0.095707 0.198702 0.592344 0.076795 2 0.646920 0.147555 2 0.673404 0.224272 2
0.0 0.535061 0.215114 0.083319 0.191506 0.566842 0.281532 2 0.537043 0.265889 2 0.501298 0.144901 2
0.0 0.532859 0.177953 0.120915 0.169952 0.495981 0.247004 2 0.538839 0.168572 2 0.570333 0.107777 2
0.0 0.535261 0.244289 0.125055 0.151571 0.566842 0.281532 2 0.537043 0.265889 2 0.590220 0.296216 2
0.0 0.644174 0.388971 0.126045 0.134657 0.592092 0.357429 2 0.648009 0.430026 2 0.702614 0.419425 2
0.0 0.468210 0.115222 0.105632 0.224563 0.445307 0.213118 2 0.459525 0.059383 2 0.492401 0.017114 2
0.0 0.318299 0.115403 0.122280 0.167174 0.278020 0.190265 2 0.323545 0.093634 2 0.347611 0.131144 2
0.0 0.308244 0.194352 0.116097 0.161064 0.347044 0.256409 2 0.305287 0.192788 2 0.347611 0.131144 2
0.0 0.375488 0.330686 0.085668 0.197953 0.347044 0.256409 2 0.359627 0.364771 2 0.412627 0.409717 2
0.0 0.322468 0.438024 0.050158 0.186707 0.305392 0.368008 2 0.325830 0.458300 2 0.341132 0.516124 2
0.0 0.381582 0.502762 0.112622 0.154419 0.346535 0.567323 2 0.377034 0.502535 2 0.415762 0.439426 2
0.0 0.442621 0.689208 0.132359 0.136772 0.389844 0.661956 2 0.441440 0.693607 2 0.499348 0.725178 2
0.0 0.512164 0.863733 0.051745 0.159844 0.498161 0.811958 2 0.521704 0.866254 2 0.528189 0.927695 2
0.0 0.674582 0.818599 0.096292 0.146532 0.639438 0.778874 2 0.661080 0.853307 2 0.714018 0.837782 2
0.0 0.231394 0.636505 0.064560 0.197274 0.242239 0.722238 2 0.214878 0.642543 2 0.238755 0.547609 2
0.0 0.271008 0.799589 0.076266 0.203341 0.242239 0.722238 2 0.277590 0.757771 2 0.263734 0.729951 2
0.0 0.285016 0.768973 0.062039 0.131489 0.304943 0.815557 2 0.277590 0.757771 2 0.263734 0.729951 2
0.0 0.317567 0.723629 0.081954 0.194285 0.348796 0.790144 2 0.308036 0.730527 2 0.285351 0.662528 2
0.0 0.377826 0.810077 0.121159 0.093601 0.334697 0.841639 2 0.371827 0.806972 2 0.423143 0.776084 2
0.0 0.615457 0.949071 0.146009 0.101858 0.560674 0.996061 2 0.622256 0.964411 2 0.674898 0.913475 2