0.0 0.615620 0.043520 0.110940 0.086110 0.569790 0.009260 2 0.625520 0.030560 2 0.666670 0.076850 2
0.0 0.731770 0.239810 0.034380 0.213890 0.721880 0.150000 2 0.741150 0.250000 2 0.731250 0.341670 2
0.0 0.603650 0.171300 0.106770 0.169440 0.650520 0.242590 2 0.599480 0.159260 2 0.551560 0.123150 2
0.0 0.509900 0.087040 0.094270 0.100000 0.470830 0.054630 2 0.527080 0.081480 2 0.465100 0.091670 2
0.0 0.573440 0.282410 0.125520 0.046300 0.515100 0.271300 2 0.575000 0.287040 2 0.631250 0.272220 2
0.0 0.651560 0.397220 0.104170 0.157410 0.697400 0.459260 2 0.619270 0.399070 2 0.602600 0.333330 2
0.0 0.480730 0.232410 0.038540 0.204630 0.494270 0.142590 2 0.473960 0.225000 2 0.465630 0.327780 2
0.0 0.409900 0.123150 0.124480 0.087960 0.355730 0.156480 2 0.426040 0.101850 2 0.360940 0.163890 2
0.0 0.390100 0.136110 0.107290 0.187040 0.339580 0.218520 2 0.436980 0.222220 2 0.429690 0.215740 2
0.0 0.342190 0.256480 0.054170 0.216670 0.365620 0.337960 2 0.336460 0.272220 2 0.360940 0.163890 2
0.0 0.385940 0.245370 0.090100 0.099070 0.344790 0.272220 2 0.384380 0.218520 2 0.429690 0.215740 2
0.0 0.429690 0.240740 0.085420 0.147220 0.464060 0.179630 2 0.436980 0.222220 2 0.392710 0.305560 2
0.0 0.365100 0.425000 0.021870 0.199070 0.365620 0.337960 2 0.368230 0.450000 2 0.369790 0.515740 2
0.0 0.300000 0.502780 0.025520 0.238890 0.303650 0.398150 2 0.300000 0.500000 2 0.293750 0.611110 2
0.0 0.316150 0.619440 0.041670 0.199070 0.306250 0.532410 2 0.316150 0.642590 2 0.331250 0.703700 2
0.0 0.363020 0.682410 0.053650 0.109260 0.380210 0.723150 2 0.350000 0.681480 2 0.341150 0.647220 2
0.0 0.379690 0.572220 0.031770 0.187960 0.390100 0.659260 2 0.373960 0.553700 2 0.393230 0.488890 2
0.0 0.432290 0.626850 0.095830 0.145370 0.390100 0.659260 2 0.448960 0.605560 2 0.475000 0.690740 2
0.0 0.453120 0.600000 0.085420 0.063890 0.419270 0.578700 2 0.448960 0.605560 2 0.488540 0.623150 2
0.0 0.542710 0.669440 0.081250 0.173150 0.575000 0.592590 2 0.533850 0.666670 2 0.508330 0.742590 2