0.0 0.857488 0.081536 0.129407 0.163073 0.831558 0.000594 2 0.863826 0.077693 2 0.888423 0.149371 2
0.0 0.787065 0.309853 0.100054 0.239356 0.781098 0.412180 2 0.803752 0.292138 2 0.789124 0.203056 2
0.0 0.829603 0.501205 0.124749 0.160771 0.860807 0.570672 2 0.825042 0.488126 2 0.802672 0.437468 2
0.0 0.702599 0.386411 0.071062 0.187971 0.725883 0.311356 2 0.706179 0.403125 2 0.676231 0.462773 2
0.0 0.664783 0.204506 0.135259 0.079910 0.608454 0.193071 2 0.674327 0.210401 2 0.717500 0.224589 2
0.0 0.651188 0.009736 0.116249 0.019472 0.604196 -0.016898 2 0.658752 -0.016990 2 0.702420 -0.002693 2
0.0 0.501919 0.090417 0.119960 0.180834 0.447483 0.156641 2 0.511283 0.069931 2 0.547475 0.024721 2
0.0 0.557400 0.077520 0.137427 0.155040 0.496677 0.128297 2 0.511283 0.069931 2 0.547475 0.024721 2
0.0 0.508016 0.225914 0.069867 0.164791 0.532817 0.167994 2 0.504813 0.235539 2 0.480053 0.287926 2
0.0 0.461790 0.267047 0.073581 0.184282 0.456254 0.348003 2 0.454362 0.255200 2 0.468241 0.270395 2
0.0 0.465598 0.338807 0.076808 0.166322 0.440279 0.383674 2 0.471251 0.328918 2 0.468241 0.270395 2
0.0 0.409374 0.380525 0.069219 0.218970 0.428621 0.295247 2 0.409984 0.396584 2 0.220842 -0.171430 0
0.0 0.462679 0.424945 0.100347 0.119739 0.440279 0.383674 2 0.471795 0.440078 2 0.486651 0.479747 2
0.0 0.583407 0.651269 0.112777 0.118237 0.629356 0.627864 2 0.586797 0.668868 2 0.537988 0.683299 2
0.0 0.617612 0.119444 0.105849 0.127745 0.655482 0.087736 2 0.635870 0.152466 2 0.571852 0.157938 2
0.0 0.636790 0.141401 0.086967 0.187235 0.655482 0.087736 2 0.635870 0.152466 2 0.604503 0.221133 2