0.0 0.529699 0.034967 0.132178 0.069935 0.472661 -0.019102 2 0.536093 0.006462 2 0.586246 0.033816 2
0.0 0.661480 0.120780 0.131138 0.164328 0.617638 0.053650 2 0.656040 0.104394 2 0.712837 0.193177 2
0.0 0.597500 0.271940 0.070353 0.211659 0.586711 0.185810 2 0.598431 0.280714 2 0.614317 0.367053 2
0.0 0.657724 0.570333 0.054729 0.264728 0.637960 0.672582 2 0.662908 0.569672 2 0.673778 0.464508 2
0.0 0.612113 0.602354 0.061504 0.199444 0.634904 0.537241 2 0.609817 0.595809 2 0.588783 0.660207 2
0.0 0.760187 0.744529 0.051857 0.237706 0.745254 0.830451 2 0.770456 0.731298 2 0.764902 0.644273 2
0.0 0.507643 0.785627 0.106783 0.099307 0.549297 0.812086 2 0.494461 0.779466 2 0.465012 0.757083 2
0.0 0.347440 0.487808 0.070673 0.233182 0.352818 0.576672 2 0.342506 0.485247 2 0.338351 0.395367 2
0.0 0.353938 0.373928 0.098318 0.133282 0.388212 0.432501 2 0.344170 0.367834 2 0.338351 0.395367 2
0.0 0.318555 0.373602 0.071245 0.180116 0.299903 0.305755 2 0.344170 0.367834 2 0.338351 0.395367 2
0.0 0.291652 0.269510 0.040182 0.228872 0.302064 0.175970 2 0.287797 0.287408 2 0.286884 0.370008 2
0.0 0.422203 0.043277 0.111832 0.086555 0.374211 0.022942 2 0.431610 0.006374 2 0.423988 0.054608 2
0.0 0.495441 0.125960 0.058142 0.154903 0.495651 0.077433 2 0.511604 0.156581 2 0.473932 0.169453 2
0.0 0.369242 0.076862 0.120496 0.153724 0.318687 0.070334 2 0.374763 0.101816 2 0.423988 0.054608 2
0.0 0.280101 0.153024 0.065136 0.211279 0.302064 0.175970 2 0.283005 0.119515 2 0.306140 0.083360 2
0.0 0.416821 0.195978 0.121667 0.127134 0.464527 0.244709 2 0.414863 0.172459 2 0.362362 0.191699 2
0.0 0.461933 0.228718 0.137302 0.115953 0.464527 0.244709 2 0.462114 0.219915 2 0.520160 0.261503 2