0 0.77604 0.64167 0.03125 0.22870 0.77552 0.74167 2 0.78385 0.64167 2 0.77135 0.54444 2 
0 0.69896 0.67037 0.06146 0.09722 0.68073 0.63519 2 0.70833 0.68056 2 0.72448 0.70741 2 
0 0.60677 0.65093 0.05208 0.20741 0.62708 0.56481 2 0.61250 0.66389 2 0.59167 0.73519 2 
0 0.63490 0.79815 0.07812 0.06296 0.66927 0.78611 2 0.64323 0.80556 2 0.60260 0.82778 2 
0 0.66979 0.82037 0.02500 0.21481 0.66823 0.91944 2 0.67135 0.84722 2 0.67760 0.73148 2 
0 0.47969 0.67685 0.04271 0.13796 0.49427 0.62222 2 0.48438 0.70093 2 0.46406 0.73426 2 
0 0.50104 0.47870 0.07604 0.15556 0.53646 0.42037 2 0.50365 0.49167 2 0.47240 0.55000 2 
0 0.45573 0.53889 0.04948 0.23148 0.44115 0.64259 2 0.45625 0.55000 2 0.47240 0.55000 2 
0 0.51458 0.23056 0.06615 0.20556 0.54323 0.14444 2 0.52135 0.24722 2 0.49531 0.32315 2 
0 0.61771 0.09815 0.10104 0.12685 0.57552 0.05000 2 0.63281 0.07500 2 0.66458 0.15278 2 
0 0.56250 0.01667 0.13177 0.03148 0.50521 0.00926 2 0.56927 0.00833 2 0.62031 0.02037 2 
0 0.51094 0.12037 0.12240 0.05278 0.54323 0.14444 2 0.51510 0.11389 2 0.56406 0.11111 2 
0 0.43854 0.04444 0.11146 0.07870 0.38594 0.07222 2 0.44062 0.03981 2 0.48906 0.01296 2 
0 0.37552 0.13704 0.10260 0.07778 0.38438 0.16481 2 0.37604 0.13981 2 0.41927 0.11019 2 
0 0.37083 0.19537 0.11823 0.03981 0.31615 0.19907 2 0.37500 0.19444 2 0.42396 0.20093 2 
0 0.35625 0.24167 0.06146 0.18333 0.36302 0.30556 2 0.36979 0.32222 2 0.33385 0.32315 2 
0 0.39062 0.17500 0.07552 0.19259 0.38438 0.16481 2 0.37500 0.19444 2 0.40000 0.26204 2 
0 0.43125 0.20370 0.08906 0.10741 0.39271 0.24444 2 0.40260 0.16204 2 0.42396 0.20093 2 
0 0.36615 0.34537 0.07500 0.17778 0.36302 0.30556 2 0.35208 0.41111 2 0.40000 0.26204 2 
0 0.35573 0.38333 0.02969 0.19537 0.36302 0.30556 2 0.35208 0.41111 2 0.35000 0.47222 2 
0 0.32344 0.41667 0.02865 0.21111 0.33385 0.41481 2 0.32188 0.42315 2 0.33229 0.49537 2 
0 0.29375 0.49259 0.03021 0.21944 0.30000 0.58796 2 0.28073 0.45648 2 0.29010 0.39815 2 
0 0.33906 0.60926 0.04115 0.20185 0.33125 0.52685 2 0.33385 0.65185 2 0.35573 0.69815 2 
