0.0 0.126784 0.651046 0.063447 0.254550 0.139240 0.759644 2 0.117500 0.652676 2 0.119542 0.544611 2
0.0 0.217068 0.667027 0.081181 0.117702 0.232735 0.625317 2 0.207288 0.680032 2 0.192436 0.712377 2
0.0 0.318401 0.627746 0.084253 0.235531 0.284401 0.538305 2 0.313060 0.643042 2 0.345316 0.716377 2
0.0 0.304954 0.793185 0.095691 0.083775 0.264294 0.786973 2 0.296001 0.802966 2 0.344467 0.819093 2
0.0 0.268442 0.824194 0.054696 0.238232 0.281952 0.931578 2 0.269510 0.853755 2 0.248164 0.729281 2
0.0 0.464604 0.630855 0.065121 0.158255 0.440945 0.574486 2 0.461808 0.658024 2 0.488795 0.690219 2
0.0 0.416075 0.419852 0.104802 0.183939 0.368509 0.363570 2 0.414246 0.434544 2 0.456623 0.491738 2
0.0 0.474504 0.476295 0.084304 0.261161 0.503238 0.586142 2 0.474796 0.488555 2 0.456623 0.491738 2
0.0 0.370153 0.153014 0.099856 0.236295 0.326768 0.065216 2 0.364099 0.172534 2 0.402790 0.249870 2
0.0 0.237731 0.054184 0.129383 0.108368 0.278754 -0.030992 2 0.217380 0.007450 2 0.191250 0.098188 2
0.0 0.360622 0.036671 0.144258 0.073342 0.352833 -0.089095 2 0.280634 -0.077481 2 0.224690 -0.054347 2
0.0 0.515065 0.038193 0.125070 0.076387 0.326768 0.065216 2 0.354643 0.026493 2 0.299207 0.033121 2
0.0 0.527556 0.086467 0.137962 0.066536 0.494827 -0.044218 2 0.429291 -0.068643 2 0.371463 -0.088259 2
0.0 0.549688 0.133880 0.091830 0.211226 0.508033 0.056037 2 0.514326 0.027241 2 0.462018 0.003590 2
0.0 0.502768 0.090135 0.108796 0.180270 0.589046 0.079801 2 0.522252 0.086370 2 0.467962 0.103067 2
0.0 0.460598 0.107421 0.113498 0.134209 0.549475 0.204697 2 0.543917 0.224125 2 0.584473 0.218053 2
0.0 0.551372 0.248460 0.106379 0.207867 0.508033 0.056037 2 0.522252 0.086370 2 0.502481 0.164717 2
0.0 0.567791 0.287635 0.057569 0.218042 0.508507 0.144165 2 0.487188 0.056619 2 0.467962 0.103067 2
0.0 0.608249 0.317482 0.058346 0.234933 0.549475 0.204697 2 0.574838 0.317179 2 0.502481 0.164717 2
0.0 0.651046 0.394088 0.061131 0.244287 0.549475 0.204697 2 0.574838 0.317179 2 0.584736 0.383141 2
0.0 0.614489 0.529733 0.071266 0.227339 0.595809 0.317605 2 0.610309 0.324304 2 0.607527 0.404794 2