0.0 0.560327 0.061972 0.140748 0.064987 0.622961 0.053403 2 0.561655 0.056371 2 0.540059 0.042572 2
0.0 0.494755 0.013760 0.147325 0.027520 0.432373 -0.000944 2 0.506916 -0.009500 2 0.561713 -0.001020 2
0.0 0.477771 0.033799 0.144924 0.053612 0.414552 0.055108 2 0.494466 0.020622 2 0.540059 0.042572 2
0.0 0.364588 0.058123 0.125822 0.111508 0.385468 0.105655 2 0.373631 0.049194 2 0.411568 0.017081 2
0.0 0.431289 0.138545 0.128296 0.085608 0.389168 0.167307 2 0.431845 0.144849 2 0.479694 0.101032 2
0.0 0.633360 0.477113 0.062222 0.226222 0.609681 0.385108 2 0.642624 0.492762 2 0.657303 0.585441 2
0.0 0.616329 0.564989 0.142728 0.039942 0.557630 0.578655 2 0.607247 0.564755 2 0.677196 0.555652 2
0.0 0.800464 0.595244 0.060591 0.212596 0.813008 0.681687 2 0.809869 0.583552 2 0.788534 0.515072 2
0.0 0.311805 0.162447 0.115849 0.120623 0.267560 0.207784 2 0.340250 0.190262 2 0.363183 0.162961 2
0.0 0.311181 0.219891 0.127385 0.131426 0.296381 0.262919 2 0.340250 0.190262 2 0.338711 0.228643 2
0.0 0.350246 0.180400 0.107512 0.179370 0.389168 0.167307 2 0.340250 0.190262 2 0.338711 0.228643 2
0.0 0.295287 0.351388 0.050252 0.217182 0.296381 0.262919 2 0.287913 0.351031 2 0.290412 0.441012 2
0.0 0.298601 0.560652 0.064543 0.198502 0.319350 0.635514 2 0.289247 0.556799 2 0.278745 0.481099 2
0.0 0.322039 0.329259 0.070998 0.230503 0.296381 0.262919 2 0.346603 0.372863 2 0.326509 0.399943 2
0.0 0.366157 0.375919 0.097858 0.077828 0.400621 0.349510 2 0.346603 0.372863 2 0.326509 0.399943 2
0.0 0.530965 0.355758 0.095340 0.196407 0.558247 0.274354 2 0.531734 0.364780 2 0.509447 0.443947 2
0.0 0.491870 0.576528 0.043090 0.183338 0.482995 0.506143 2 0.496676 0.578860 2 0.507320 0.656370 2
0.0 0.450212 0.699108 0.063486 0.206524 0.466712 0.777963 2 0.437517 0.674571 2 0.440545 0.618769 2
0.0 0.707420 0.781957 0.046357 0.196188 0.706582 0.864891 2 0.713356 0.784201 2 0.702013 0.697636 2
0.0 0.722896 0.666883 0.046335 0.117002 0.728107 0.623632 2 0.731032 0.689909 2 0.723319 0.722387 2