0.0 0.526820 0.021590 0.132513 0.043179 0.468356 -0.024247 2 0.525270 -0.008701 2 0.545862 -0.018025 2
0.0 0.604639 0.013494 0.135952 0.026989 0.647617 -0.039300 2 0.578596 -0.063135 2 0.527317 -0.065931 2
0.0 0.709023 0.050207 0.120439 0.100415 0.662141 0.020242 2 0.589073 -0.030548 2 0.545862 -0.018025 2
0.0 0.644038 0.100046 0.121766 0.109240 0.687343 0.076608 2 0.700420 0.022747 2 0.666309 -0.017058 2
0.0 0.443692 0.396108 0.065900 0.231139 0.681644 0.137315 2 0.642771 0.106162 2 0.599869 0.052653 2
0.0 0.456316 0.487215 0.133414 0.068191 0.468565 0.309187 2 0.433983 0.409752 2 0.416936 0.499139 2
0.0 0.283939 0.479575 0.063888 0.217657 0.509894 0.512837 2 0.464252 0.488792 2 0.399524 0.465356 2
0.0 0.754299 0.148407 0.111558 0.140427 0.268587 0.563128 2 0.275099 0.465932 2 0.297451 0.402039 2
0.0 0.752776 0.205806 0.122622 0.153246 0.793274 0.202637 2 0.726304 0.170244 2 0.705973 0.138317 2
0.0 0.717887 0.158413 0.106029 0.195360 0.764447 0.251689 2 0.726304 0.170244 2 0.726330 0.208825 2
0.0 0.762746 0.340171 0.054501 0.219932 0.681644 0.137315 2 0.726304 0.170244 2 0.726330 0.208825 2
0.0 0.752002 0.548124 0.067018 0.204884 0.764447 0.251689 2 0.769098 0.341274 2 0.763480 0.430471 2
0.0 0.738673 0.312616 0.074172 0.237093 0.729443 0.618447 2 0.760325 0.546149 2 0.772865 0.472833 2
0.0 0.695929 0.350078 0.093342 0.095409 0.764447 0.251689 2 0.713710 0.350991 2 0.731409 0.382114 2
0.0 0.543375 0.296141 0.095409 0.209264 0.664321 0.316617 2 0.713710 0.350991 2 0.731409 0.382114 2
0.0 0.571656 0.524273 0.046626 0.185798 0.520460 0.209325 2 0.541810 0.304923 2 0.559641 0.388427 2
0.0 0.605916 0.655037 0.066339 0.212402 0.581969 0.455867 2 0.566581 0.525556 2 0.553843 0.600647 2
0.0 0.363647 0.684829 0.050122 0.198872 0.587163 0.730211 2 0.618103 0.633125 2 0.617330 0.576870 2
0.0 0.353464 0.566923 0.047167 0.122487 0.360870 0.767630 2 0.357523 0.685792 2 0.371243 0.601817 2