0.0 0.597883 0.180523 0.106708 0.097864 0.636708 0.214236 2 0.589002 0.163657 2 0.555445 0.154808 2
0.0 0.490130 0.078057 0.119137 0.069447 0.441704 0.065380 2 0.492729 0.072016 2 0.542403 0.085114 2
0.0 0.506039 0.354112 0.075920 0.202023 0.504515 0.404462 2 0.508150 0.361580 2 0.479358 0.431935 2
0.0 0.516689 0.477739 0.089174 0.213664 0.504515 0.404462 2 0.527208 0.498147 2 0.533953 0.556437 2
0.0 0.536592 0.698326 0.077640 0.074807 0.510110 0.684617 2 0.550920 0.708048 2 0.565647 0.725569 2
0.0 0.626319 0.773624 0.065657 0.249123 0.609200 0.862745 2 0.629983 0.776640 2 0.632830 0.676051 2
0.0 0.441655 0.410209 0.114820 0.119014 0.482616 0.455209 2 0.444887 0.406281 2 0.404978 0.359705 2
0.0 0.393061 0.579607 0.044578 0.165691 0.409659 0.512949 2 0.384977 0.597057 2 0.380317 0.640647 2
0.0 0.373922 0.673942 0.098292 0.062141 0.337245 0.670215 2 0.378056 0.670253 2 0.418528 0.676053 2
0.0 0.509992 0.920888 0.053102 0.158224 0.492840 1.019146 2 0.511905 0.952067 2 0.522974 0.862423 2
0.0 0.260779 0.733756 0.086536 0.123330 0.282951 0.773802 2 0.254881 0.725475 2 0.235742 0.686322 2
0.0 0.269779 0.495450 0.076485 0.218474 0.239709 0.574337 2 0.267182 0.473422 2 0.275473 0.393768 2
0.0 0.363251 0.423641 0.061552 0.222682 0.359321 0.511367 2 0.365328 0.421356 2 0.364558 0.333462 2
0.0 0.376005 0.124942 0.106846 0.142269 0.331078 0.163858 2 0.383368 0.174721 2 0.423037 0.082873 2
0.0 0.390895 0.151283 0.115624 0.152730 0.439083 0.130955 2 0.425355 0.213079 2 0.441194 0.109097 2
0.0 0.390113 0.180300 0.109402 0.163764 0.354521 0.242145 2 0.425355 0.213079 2 0.346059 0.226265 2
0.0 0.402728 0.219679 0.114930 0.113616 0.354521 0.242145 2 0.425355 0.213079 2 0.454106 0.203118 2
0.0 0.286031 0.248354 0.072938 0.186753 0.256943 0.316777 2 0.302711 0.217761 2 0.318250 0.176060 2
0.0 0.280503 0.301460 0.089781 0.242800 0.242714 0.395843 2 0.302711 0.217761 2 0.319940 0.210612 2
0.0 0.304855 0.309828 0.073839 0.208720 0.336007 0.228487 2 0.302711 0.217761 2 0.275473 0.393768 2
0.0 0.319815 0.355666 0.096724 0.196643 0.282360 0.420914 2 0.298524 0.317996 2 0.299577 0.420582 2