0.0 0.429631 0.128190 0.113061 0.180228 0.467222 0.194359 2 0.417399 0.144287 2 0.387429 0.054162 2
0.0 0.496149 0.140272 0.060159 0.239427 0.486866 0.043005 2 0.492103 0.170252 2 0.500407 0.243567 2
0.0 0.516132 0.266596 0.122928 0.191144 0.561333 0.225471 2 0.495709 0.276356 2 0.459970 0.311504 2
0.0 0.442292 0.472065 0.076234 0.249584 0.411976 0.554775 2 0.440802 0.432793 2 0.472934 0.390900 2
0.0 0.497614 0.599796 0.083222 0.071396 0.529666 0.619594 2 0.493685 0.604977 2 0.467427 0.581049 2
0.0 0.299196 0.576946 0.065917 0.268303 0.289770 0.688035 2 0.289267 0.573383 2 0.309296 0.477248 2
0.0 0.428511 0.817847 0.095166 0.135477 0.396905 0.782367 2 0.425103 0.853456 2 0.459878 0.870873 2
0.0 0.380980 0.832355 0.041758 0.216067 0.379304 0.918289 2 0.372861 0.793831 2 0.384118 0.746237 2
0.0 0.502275 0.804584 0.054554 0.176700 0.511850 0.751121 2 0.493063 0.820722 2 0.498746 0.872547 2
0.0 0.584004 0.686317 0.040706 0.207449 0.578889 0.610051 2 0.586448 0.717644 2 0.585350 0.764747 2
0.0 0.584073 0.486552 0.060745 0.204718 0.570358 0.410290 2 0.582987 0.517634 2 0.592402 0.566537 2
0.0 0.627403 0.627054 0.040166 0.264778 0.621218 0.727502 2 0.625507 0.601684 2 0.623684 0.514596 2
0.0 0.653987 0.707262 0.109247 0.086330 0.689076 0.727119 2 0.657180 0.711881 2 0.607226 0.679034 2
0.0 0.716983 0.634860 0.057159 0.194125 0.699696 0.689001 2 0.727293 0.616243 2 0.736577 0.583022 2
0.0 0.733729 0.680037 0.056749 0.267936 0.718093 0.770443 2 0.745857 0.641589 2 0.751802 0.574710 2
0.0 0.617318 0.067560 0.068732 0.135119 0.609850 0.111975 2 0.635940 0.008406 2 0.605784 -0.040747 2
0.0 0.626867 0.077175 0.116252 0.148552 0.580228 0.016592 2 0.645578 0.076835 2 0.668981 0.052160 2
0.0 0.703433 0.136228 0.096251 0.188291 0.701774 0.153064 2 0.669073 0.188270 2 0.668981 0.052160 2
0.0 0.717345 0.254867 0.061638 0.239984 0.709059 0.272439 2 0.721074 0.312593 2 0.728372 0.355299 2
0.0 0.778617 0.422639 0.050065 0.239733 0.780749 0.519733 2 0.781940 0.410022 2 0.775395 0.333042 2
0.0 0.762108 0.419666 0.049036 0.289688 0.755152 0.524128 2 0.766557 0.390200 2 0.775395 0.333042 2
0.0 0.725230 0.433858 0.065220 0.257777 0.735903 0.532009 2 0.723990 0.444366 2 0.728372 0.355299 2
0.0 0.756038 0.312622 0.038310 0.193188 0.758016 0.389143 2 0.745876 0.274414 2 0.762821 0.301320 2
0.0 0.679923 0.200822 0.110015 0.192441 0.709059 0.272439 2 0.669073 0.188270 2 0.666143 0.133166 2