0 0.64740 0.09630 0.10417 0.06759 0.69063 0.11852 2 0.63438 0.07222 2 0.59896 0.08981 2 
0 0.73177 0.43148 0.08125 0.18889 0.76406 0.50833 2 0.74271 0.42593 2 0.70312 0.35741 2 
0 0.55833 0.69259 0.11979 0.05185 0.50990 0.70556 2 0.56979 0.69074 2 0.61042 0.68056 2 
0 0.66510 0.83889 0.03542 0.19167 0.66823 0.90926 2 0.67604 0.83796 2 0.66615 0.75926 2 
0 0.58802 0.24352 0.08698 0.18981 0.55417 0.32315 2 0.59583 0.23241 2 0.62708 0.17593 2 
0 0.49531 0.15185 0.08125 0.12500 0.52969 0.10463 2 0.49062 0.16111 2 0.45937 0.16111 2 
0 0.42604 0.12037 0.09531 0.10556 0.46927 0.07963 2 0.41615 0.12593 2 0.38646 0.16574 2 
0 0.40260 0.14630 0.12344 0.08426 0.34687 0.13796 2 0.41615 0.12593 2 0.37240 0.16481 2 
0 0.33906 0.23148 0.07656 0.16296 0.30469 0.29815 2 0.35938 0.27130 2 0.37240 0.16481 2 
0 0.35521 0.28148 0.07760 0.20093 0.32448 0.36759 2 0.35938 0.27130 2 0.33750 0.37593 2 
0 0.46094 0.25556 0.11406 0.10741 0.41615 0.29815 2 0.46823 0.22870 2 0.51458 0.21481 2 
0 0.50469 0.35093 0.02708 0.17870 0.51458 0.28333 2 0.50208 0.35278 2 0.49479 0.43796 2 
0 0.41458 0.42778 0.12552 0.10741 0.46250 0.39537 2 0.40885 0.44815 2 0.35990 0.46574 2 
0 0.32656 0.46296 0.03646 0.20556 0.31615 0.55278 2 0.33125 0.44815 2 0.33750 0.37593 2 
0 0.31198 0.54167 0.03854 0.23704 0.32448 0.65370 2 0.32344 0.61389 2 0.30156 0.44259 2 
0 0.31302 0.59167 0.08490 0.14537 0.27917 0.53333 2 0.32344 0.61389 2 0.34427 0.65556 2 
0 0.37240 0.52778 0.06563 0.10185 0.34583 0.50093 2 0.36823 0.54537 2 0.39219 0.56759 2 
0 0.40833 0.62315 0.12240 0.12037 0.44167 0.59352 2 0.41198 0.67870 2 0.46146 0.67778 2 
0 0.40990 0.64259 0.08021 0.13704 0.44167 0.59352 2 0.41198 0.67870 2 0.37917 0.69537 2 
0 0.35938 0.74167 0.07344 0.15278 0.38906 0.79815 2 0.35260 0.73889 2 0.32969 0.68056 2 
