0.0 0.418103 0.108416 0.092761 0.146146 0.374814 0.156324 2 0.426591 0.098807 2 0.455974 0.063433 2
0.0 0.540937 0.115173 0.097097 0.079275 0.503813 0.085562 2 0.557048 0.112182 2 0.576889 0.149459 2
0.0 0.624878 0.128888 0.105292 0.113063 0.589922 0.084976 2 0.624954 0.148628 2 0.656341 0.180253 2
0.0 0.569609 0.287509 0.040063 0.164856 0.570225 0.218640 2 0.565381 0.280825 2 0.560274 0.357744 2
0.0 0.531506 0.266718 0.130290 0.142012 0.570225 0.218640 2 0.533109 0.281872 2 0.577346 0.326211 2
0.0 0.580230 0.411475 0.116331 0.099145 0.620325 0.448323 2 0.582142 0.394655 2 0.536898 0.367343 2
0.0 0.607541 0.544899 0.047439 0.183649 0.616920 0.473043 2 0.605114 0.527106 2 0.589762 0.623942 2
0.0 0.651560 0.318042 0.110610 0.146212 0.682958 0.378435 2 0.648077 0.300840 2 0.615122 0.257366 2
0.0 0.724606 0.218424 0.115571 0.164469 0.759203 0.285269 2 0.718509 0.194065 2 0.723863 0.253591 2
0.0 0.742633 0.334167 0.082344 0.185163 0.758655 0.411687 2 0.720455 0.353897 2 0.723863 0.253591 2
0.0 0.724617 0.373717 0.079363 0.179819 0.737942 0.448987 2 0.720455 0.353897 2 0.704422 0.296933 2
0.0 0.738844 0.509159 0.077519 0.112350 0.716426 0.472141 2 0.755908 0.506381 2 0.758062 0.555337 2
0.0 0.680888 0.560369 0.069937 0.207359 0.657551 0.615177 2 0.690065 0.561598 2 0.653403 0.650407 2
0.0 0.698814 0.601329 0.095501 0.097633 0.657551 0.615177 2 0.698890 0.621069 2 0.715861 0.628132 2
0.0 0.677633 0.680427 0.096250 0.175772 0.638212 0.737411 2 0.680462 0.685170 2 0.715861 0.628132 2
0.0 0.368065 0.730788 0.045693 0.184819 0.358268 0.805029 2 0.362139 0.734411 2 0.376577 0.657915 2
0.0 0.566061 0.670431 0.107154 0.069029 0.604842 0.684803 2 0.561466 0.671058 2 0.520352 0.642206 2