0.0 0.486688 0.165810 0.109983 0.069526 0.532695 0.146680 2 0.477938 0.171108 2 0.445037 0.187987 2
0.0 0.536168 0.229974 0.130474 0.120998 0.585548 0.187164 2 0.529252 0.225524 2 0.483312 0.280173 2
0.0 0.603858 0.299290 0.078998 0.158425 0.584834 0.359544 2 0.616781 0.322525 2 0.630555 0.238774 2
0.0 0.397976 0.283710 0.034825 0.160607 0.392933 0.227933 2 0.404281 0.299987 2 0.409420 0.349706 2
0.0 0.388547 0.167951 0.107656 0.125612 0.429723 0.124475 2 0.385026 0.182229 2 0.348699 0.221948 2
0.0 0.229044 0.341955 0.096382 0.200978 0.196891 0.424735 2 0.232711 0.335922 2 0.241277 0.418802 2
0.0 0.211310 0.483457 0.061706 0.184822 0.198253 0.562702 2 0.232473 0.514982 2 0.225676 0.400315 2
0.0 0.295806 0.454749 0.073654 0.193304 0.279491 0.538140 2 0.288384 0.429204 2 0.315502 0.367847 2
0.0 0.230968 0.508646 0.058878 0.213720 0.243839 0.475049 2 0.232473 0.514982 2 0.241729 0.572251 2
0.0 0.252050 0.539445 0.040064 0.171654 0.243839 0.475049 2 0.257687 0.546529 2 0.241729 0.572251 2
0.0 0.237850 0.645347 0.041656 0.186792 0.238560 0.724835 2 0.244140 0.640416 2 0.241729 0.572251 2
0.0 0.286231 0.617286 0.103811 0.133752 0.254578 0.671961 2 0.301125 0.653648 2 0.283583 0.580467 2
0.0 0.338289 0.541727 0.044581 0.193206 0.330093 0.470548 2 0.344085 0.614103 2 0.359392 0.628415 2
0.0 0.349980 0.604375 0.084625 0.140848 0.379421 0.546621 2 0.344085 0.614103 2 0.331517 0.665344 2
0.0 0.296017 0.660855 0.041004 0.198128 0.307235 0.744723 2 0.301125 0.653648 2 0.283583 0.580467 2
0.0 0.411216 0.725225 0.112521 0.131646 0.394983 0.690668 2 0.407317 0.769285 2 0.457910 0.757686 2
0.0 0.402779 0.749213 0.048713 0.168719 0.394983 0.690668 2 0.407317 0.769285 2 0.423676 0.812199 2
0.0 0.590805 0.820636 0.069909 0.162084 0.615676 0.875070 2 0.577089 0.834714 2 0.571298 0.769018 2