0 0.75885 0.30093 0.07552 0.17500 0.73177 0.36204 2 0.78177 0.32963 2 0.79323 0.22593 2 
0 0.49531 0.02037 0.10365 0.03981 0.45312 0.02130 2 0.51094 0.01574 2 0.54115 0.00648 2 
0 0.51875 0.06481 0.09271 0.06852 0.48438 0.04537 2 0.52604 0.05741 2 0.55885 0.08889 2 
0 0.51719 0.25926 0.11198 0.11667 0.52604 0.26667 2 0.52448 0.23056 2 0.55885 0.20833 2 
0 0.56823 0.29815 0.10990 0.10185 0.52604 0.26667 2 0.58594 0.31111 2 0.62031 0.33796 2 
0 0.61250 0.50556 0.04271 0.25370 0.62969 0.39815 2 0.61042 0.53056 2 0.59948 0.62315 2 
0 0.78229 0.59907 0.02500 0.18704 0.78906 0.67685 2 0.77969 0.58611 2 0.79167 0.51574 2 
0 0.73750 0.78796 0.09427 0.14537 0.77812 0.73519 2 0.73646 0.81296 2 0.69844 0.84444 2 
0 0.65573 0.82778 0.06563 0.14630 0.68177 0.77407 2 0.66458 0.85463 2 0.62708 0.89259 2 
0 0.37708 0.50556 0.10521 0.06852 0.42188 0.50833 2 0.35990 0.52222 2 0.32969 0.48889 2 
0 0.31771 0.61111 0.02604 0.22315 0.31354 0.70833 2 0.32135 0.59815 2 0.31198 0.50833 2 
0 0.35365 0.69259 0.05573 0.16574 0.33958 0.62500 2 0.36510 0.71944 2 0.37812 0.76204 2 
0 0.31354 0.57037 0.04375 0.19815 0.29688 0.65926 2 0.32135 0.59815 2 0.32969 0.48889 2 
0 0.32656 0.44537 0.02448 0.20278 0.33125 0.36111 2 0.32865 0.43796 2 0.32396 0.45463 2 
0 0.36667 0.37500 0.08542 0.20185 0.33125 0.36111 2 0.32865 0.43796 2 0.39323 0.46389 2 
0 0.29115 0.37500 0.04115 0.23148 0.27865 0.47407 2 0.29010 0.35741 2 0.30781 0.27222 2 
0 0.39792 0.20833 0.12604 0.12130 0.43698 0.19630 2 0.36562 0.19815 2 0.33802 0.24907 2 
0 0.39531 0.19167 0.05990 0.14074 0.41927 0.13333 2 0.38073 0.21296 2 0.36927 0.25000 2 
0 0.42083 0.29259 0.04844 0.21944 0.43698 0.19630 2 0.41719 0.31852 2 0.40365 0.38796 2 
