0.0 0.241150 0.300930 0.075520 0.175000 0.267709 0.362040 2 0.217709 0.329630 2 0.206249 0.225930 2
0.0 0.504690 0.020370 0.103650 0.039810 0.546359 0.021300 2 0.488539 0.015740 2 0.458329 0.006480 2
0.0 0.481250 0.064810 0.092710 0.068520 0.515099 0.045370 2 0.473439 0.057410 2 0.440629 0.088890 2
0.0 0.482810 0.259260 0.111980 0.116670 0.473439 0.266670 2 0.474999 0.230560 2 0.440629 0.208330 2
0.0 0.431770 0.298150 0.109900 0.101850 0.473439 0.266670 2 0.413539 0.311110 2 0.379169 0.337960 2
0.0 0.387500 0.505560 0.042710 0.253700 0.369789 0.398150 2 0.389059 0.530560 2 0.399999 0.623150 2
0.0 0.217710 0.599070 0.025000 0.187040 0.210419 0.676850 2 0.219789 0.586110 2 0.207809 0.515740 2
0.0 0.262500 0.787960 0.094270 0.145370 0.221359 0.735190 2 0.263019 0.812960 2 0.301039 0.844440 2
0.0 0.344270 0.827780 0.065630 0.146300 0.317709 0.774070 2 0.334899 0.854630 2 0.372399 0.892590 2
0.0 0.622920 0.505560 0.105210 0.068520 0.577599 0.508330 2 0.639579 0.522220 2 0.669789 0.488890 2
0.0 0.682290 0.611110 0.026040 0.223150 0.685939 0.708330 2 0.678129 0.598150 2 0.687499 0.508330 2
0.0 0.646350 0.692590 0.055730 0.165740 0.659899 0.625000 2 0.634379 0.719440 2 0.621359 0.762040 2
0.0 0.686460 0.570370 0.043750 0.198150 0.702599 0.659260 2 0.678129 0.598150 2 0.669789 0.488890 2
0.0 0.673440 0.445370 0.024480 0.202780 0.668229 0.361110 2 0.670829 0.437960 2 0.675519 0.454630 2
0.0 0.633330 0.375000 0.085420 0.201850 0.668229 0.361110 2 0.670829 0.437960 2 0.606249 0.463890 2
0.0 0.708850 0.375000 0.041150 0.231480 0.720829 0.474070 2 0.709379 0.357410 2 0.691669 0.272220 2
0.0 0.602080 0.208330 0.126040 0.121300 0.562499 0.196300 2 0.633859 0.198150 2 0.661459 0.249070 2
0.0 0.604690 0.191670 0.059900 0.140740 0.580209 0.133330 2 0.618749 0.212960 2 0.630209 0.250000 2
0.0 0.579170 0.292590 0.048440 0.219440 0.562499 0.196300 2 0.582289 0.318520 2 0.595829 0.387960 2