0.0 0.405379 0.021870 0.124185 0.043739 0.354348 -0.010799 2 0.385933 0.012483 2 0.461305 -0.014800 2
0.0 0.376078 0.039077 0.100928 0.078154 0.412927 0.043782 2 0.385933 0.012483 2 0.413381 0.004615 2
0.0 0.376974 0.083059 0.085057 0.148193 0.383470 0.097356 2 0.373099 0.070876 2 0.341748 0.118337 2
0.0 0.367560 0.169642 0.046960 0.196512 0.383470 0.097356 2 0.364446 0.261501 2 0.347426 0.238637 2
0.0 0.298110 0.107166 0.071088 0.214333 0.322527 0.019477 2 0.276985 0.118533 2 0.281342 0.186443 2
0.0 0.286060 0.267824 0.086214 0.119426 0.317746 0.311797 2 0.288363 0.234840 2 0.249722 0.282089 2
0.0 0.370551 0.247739 0.090414 0.162848 0.387659 0.268929 2 0.364446 0.261501 2 0.406475 0.220070 2
0.0 0.401949 0.171679 0.056158 0.245257 0.387659 0.268929 2 0.414010 0.149739 2 0.406475 0.220070 2
0.0 0.461288 0.239978 0.109344 0.113594 0.423084 0.202524 2 0.474730 0.230205 2 0.500009 0.281385 2
0.0 0.403352 0.335896 0.102591 0.198582 0.445677 0.284838 2 0.401178 0.354793 2 0.360934 0.392452 2
0.0 0.216940 0.329782 0.041274 0.236005 0.206344 0.429398 2 0.226384 0.298747 2 0.220257 0.222977 2
0.0 0.230238 0.435223 0.055711 0.224203 0.242143 0.431996 2 0.232287 0.489786 2 0.248462 0.353127 2
0.0 0.239909 0.498088 0.040162 0.238900 0.242143 0.431996 2 0.232287 0.489786 2 0.252259 0.399354 2
0.0 0.254644 0.502156 0.060837 0.167795 0.242143 0.431996 2 0.260126 0.533938 2 0.269229 0.575117 2
0.0 0.282976 0.698535 0.091518 0.144078 0.309388 0.752938 2 0.260426 0.677135 2 0.249167 0.644053 2
0.0 0.549341 0.556672 0.063389 0.160459 0.535369 0.492186 2 0.551375 0.571872 2 0.564119 0.621654 2
0.0 0.650531 0.613873 0.045519 0.200954 0.651476 0.703762 2 0.654131 0.610919 2 0.648013 0.535153 2
0.0 0.612697 0.775903 0.095996 0.180098 0.651992 0.731695 2 0.611389 0.796042 2 0.573426 0.818517 2
0.0 0.621295 0.371528 0.127960 0.150218 0.574375 0.310938 2 0.620906 0.403652 2 0.669500 0.432805 2
0.0 0.630122 0.291869 0.060667 0.155201 0.643639 0.354563 2 0.624432 0.278067 2 0.614442 0.230277 2
0.0 0.552166 0.174139 0.064709 0.249494 0.545447 0.065142 2 0.559997 0.189866 2 0.561185 0.283337 2