0 0.65573 0.10463 0.10469 0.09537 0.70156 0.08148 2 0.63698 0.08611 2 0.60833 0.14074 2 
0 0.48229 0.05833 0.12969 0.10000 0.42448 0.09444 2 0.50417 0.03056 2 0.46510 0.10556 2 
0 0.53698 0.08889 0.09219 0.05741 0.57656 0.06759 2 0.53646 0.10093 2 0.49688 0.10833 2 
0 0.60990 0.24722 0.10521 0.19907 0.56406 0.16667 2 0.62708 0.26204 2 0.65469 0.33333 2 
0 0.74219 0.34259 0.07917 0.11204 0.77500 0.38796 2 0.73542 0.34907 2 0.70781 0.29815 2 
0 0.46719 0.21296 0.03906 0.23889 0.45625 0.31759 2 0.48177 0.17963 2 0.46510 0.10556 2 
0 0.50417 0.25556 0.11406 0.05093 0.44792 0.25741 2 0.52344 0.24444 2 0.55625 0.26944 2 
0 0.53490 0.28611 0.07292 0.13241 0.50417 0.22963 2 0.55208 0.30093 2 0.56927 0.34444 2 
0 0.76510 0.58426 0.02760 0.20185 0.76823 0.66667 2 0.76042 0.56944 2 0.76250 0.51019 2 
0 0.76458 0.72685 0.06042 0.18426 0.78490 0.64907 2 0.77396 0.74630 2 0.73802 0.80556 2 
0 0.53542 0.66296 0.05417 0.20185 0.51927 0.57685 2 0.55469 0.67593 2 0.55312 0.75000 2 
0 0.36094 0.12963 0.10365 0.16296 0.31979 0.19815 2 0.40208 0.15278 2 0.37344 0.17685 2 
0 0.33750 0.23333 0.07292 0.15370 0.30885 0.30093 2 0.34583 0.22778 2 0.37344 0.17685 2 
0 0.40208 0.17778 0.09583 0.11852 0.35885 0.22593 2 0.40208 0.15278 2 0.44323 0.12778 2 
0 0.39375 0.44907 0.13542 0.06204 0.45417 0.46481 2 0.37917 0.44537 2 0.33281 0.43796 2 
0 0.31302 0.51019 0.02187 0.16574 0.30885 0.58426 2 0.31458 0.47870 2 0.31979 0.44537 2 
0 0.28802 0.55093 0.02396 0.23704 0.28906 0.66111 2 0.29271 0.52500 2 0.29115 0.44907 2 
0 0.33073 0.61296 0.05990 0.22037 0.30885 0.71019 2 0.35052 0.59074 2 0.34740 0.52037 2 
0 0.41719 0.63704 0.04792 0.22963 0.43385 0.72222 2 0.40781 0.61944 2 0.40260 0.53241 2 
0 0.42917 0.76389 0.09740 0.18148 0.46719 0.84444 2 0.42604 0.77778 2 0.38438 0.69352 2 
