0.0 0.828092 0.165456 0.068412 0.216967 0.803556 0.085896 2 0.835232 0.150090 2 0.855167 0.247036 2
0.0 0.836638 0.127767 0.062045 0.211457 0.827348 0.216615 2 0.835232 0.150090 2 0.818287 0.045723 2
0.0 0.748872 0.341521 0.142574 0.213041 0.690259 0.296351 2 0.749981 0.339987 2 0.814821 0.382620 2
0.0 0.628838 0.046187 0.097062 0.092374 0.589085 -0.029877 2 0.643541 -0.005944 2 0.606556 0.009874 2
0.0 0.533006 0.040532 0.153662 0.081065 0.467853 0.018591 2 0.550995 -0.004272 2 0.606556 0.009874 2
0.0 0.378551 0.245472 0.103559 0.253726 0.348638 0.353985 2 0.408056 0.247124 2 0.420677 0.255585 2
0.0 0.334751 0.408408 0.045040 0.254041 0.347889 0.396870 2 0.334322 0.418909 2 0.334513 0.303540 2
0.0 0.382918 0.323702 0.099447 0.179992 0.388925 0.381508 2 0.408056 0.247124 2 0.420677 0.255585 2
0.0 0.410932 0.284456 0.082698 0.226625 0.431173 0.303330 2 0.408056 0.247124 2 0.420677 0.255585 2
0.0 0.462172 0.248388 0.094517 0.136542 0.464925 0.254509 2 0.469473 0.217375 2 0.420677 0.255585 2
0.0 0.520867 0.230116 0.134141 0.088197 0.464925 0.254509 2 0.524778 0.227473 2 0.581535 0.205813 2
0.0 0.512362 0.459962 0.115426 0.190338 0.462816 0.421555 2 0.504078 0.473614 2 0.559543 0.504425 2
0.0 0.461518 0.620520 0.067274 0.242185 0.447382 0.723770 2 0.463300 0.611459 2 0.478817 0.520073 2
0.0 0.392091 0.642051 0.081239 0.281344 0.374127 0.766564 2 0.393451 0.635222 2 0.409738 0.519644 2
0.0 0.400091 0.805055 0.082054 0.173039 0.434233 0.852644 2 0.385455 0.827473 2 0.362451 0.763963 2
0.0 0.676441 0.789098 0.052315 0.204602 0.667450 0.709538 2 0.689146 0.816168 2 0.672141 0.874908 2
0.0 0.747437 0.774210 0.097028 0.219513 0.721368 0.870810 2 0.774509 0.773727 2 0.780847 0.682903 2
0.0 0.862047 0.566349 0.064760 0.228338 0.881634 0.647803 2 0.873424 0.545127 2 -0.006279 0.173864 0