0.0 0.716665 0.060445 0.102565 0.120889 0.673616 -0.006724 2 0.724836 0.046141 2 0.763020 0.088889 2
0.0 0.710481 0.232465 0.137718 0.116278 0.653435 0.222312 2 0.723364 0.248146 2 0.770831 0.246143 2
0.0 0.524087 0.231059 0.155839 0.117195 0.457819 0.232058 2 0.534967 0.225870 2 0.595960 0.241305 2
0.0 0.403689 0.031095 0.146729 0.062190 0.423520 -0.011560 2 0.487532 -0.038084 2 0.531537 -0.039066 2
0.0 0.437446 0.175673 0.135403 0.082439 0.343275 0.052472 2 0.405485 -0.008980 2 0.451799 -0.053574 2
0.0 0.381867 0.334070 0.058030 0.221552 0.382278 0.192968 2 0.444291 0.171696 2 0.496644 0.146770 2
0.0 0.315324 0.263376 0.104464 0.133253 0.389013 0.343065 2 0.383475 0.322320 2 0.404690 0.426118 2
0.0 0.261836 0.314763 0.058706 0.239674 0.277891 0.316438 2 0.312018 0.248413 2 0.357371 0.206918 2
0.0 0.325195 0.252968 0.068489 0.209438 0.254691 0.424132 2 0.260468 0.285234 2 0.271797 0.201606 2
0.0 0.344340 0.404035 0.122212 0.161829 0.310913 0.343933 2 0.312018 0.248413 2 0.342858 0.158047 2
0.0 0.304744 0.529683 0.115341 0.218013 0.389013 0.343065 2 0.332254 0.441162 2 0.346264 0.439781 2
0.0 0.360604 0.641817 0.043379 0.180459 0.268202 0.621675 2 0.332254 0.441162 2 0.355534 0.566738 2
0.0 0.475214 0.530229 0.070065 0.224247 0.370529 0.717177 2 0.355802 0.639444 2 0.355534 0.566738 2
0.0 0.550178 0.526566 0.101951 0.145935 0.492689 0.432572 2 0.486623 0.550088 2 0.463345 0.630745 2
0.0 0.509177 0.614366 0.136895 0.153663 0.515689 0.493841 2 0.557887 0.543799 2 0.591382 0.560883 2
0.0 0.807748 0.537572 0.066016 0.231101 0.450283 0.594503 2 0.513887 0.622222 2 0.566105 0.646801 2