0 0.67031 0.12130 0.08958 0.08056 0.63542 0.09074 2 0.67969 0.11296 2 0.71094 0.14722 2 
0 0.57604 0.21389 0.05312 0.20741 0.58021 0.23704 2 0.57135 0.20648 2 0.55833 0.30370 2 
0 0.62969 0.28889 0.10677 0.14352 0.58021 0.23704 2 0.63542 0.33241 2 0.67552 0.34907 2 
0 0.51406 0.23796 0.10208 0.11019 0.55885 0.20093 2 0.52292 0.25926 2 0.51094 0.21019 2 
0 0.45833 0.21296 0.11719 0.03796 0.41042 0.21574 2 0.45729 0.21111 2 0.51094 0.21019 2 
0 0.41042 0.06667 0.11302 0.12685 0.36302 0.12037 2 0.41094 0.07963 2 0.45990 0.01296 2 
0 0.40573 0.10556 0.09479 0.09259 0.36302 0.12037 2 0.41094 0.07963 2 0.44792 0.06944 2 
0 0.35208 0.27963 0.08646 0.11574 0.35729 0.29630 2 0.35990 0.32315 2 0.37500 0.22593 2 
0 0.39635 0.28148 0.09740 0.04907 0.35729 0.29630 2 0.35313 0.26944 2 0.43906 0.29815 2 
0 0.35729 0.31019 0.04375 0.18611 0.36406 0.39630 2 0.35990 0.32315 2 0.37500 0.22593 2 
0 0.40156 0.32593 0.10781 0.07037 0.35885 0.34722 2 0.35990 0.32315 2 0.45312 0.30648 2 
0 0.41458 0.42778 0.12865 0.10741 0.36406 0.39630 2 0.42969 0.41852 2 0.47240 0.46852 2 
0 0.29271 0.45741 0.03229 0.24537 0.30104 0.57407 2 0.29271 0.43241 2 0.28437 0.35000 2 
0 0.33177 0.53611 0.12812 0.05741 0.27240 0.52222 2 0.33385 0.54630 2 0.39010 0.53241 2 
0 0.39740 0.60000 0.10833 0.10278 0.35417 0.57407 2 0.39323 0.61296 2 0.44115 0.64167 2 
0 0.39115 0.74167 0.08229 0.08704 0.42604 0.76111 2 0.37917 0.74444 2 0.35885 0.71574 2 
0 0.56771 0.78519 0.09844 0.14630 0.61042 0.72037 2 0.57083 0.80741 2 0.53125 0.84907 2 
0 0.66354 0.79630 0.05365 0.13426 0.64531 0.73981 2 0.67760 0.79352 2 0.65885 0.85185 2 
0 0.73854 0.74815 0.09948 0.11204 0.69844 0.76852 2 0.73958 0.79074 2 0.78333 0.70370 2 
