0.0 0.659119 0.010086 0.113007 0.020172 0.703954 -0.008749 2 0.643816 -0.018249 2 0.609553 -0.041254 2
0.0 0.621346 0.027884 0.099150 0.055768 0.581509 -0.000017 2 0.629483 0.024129 2 0.665491 0.036415 2
0.0 0.734159 0.121079 0.050109 0.242158 0.734156 0.230874 2 0.746394 0.097449 2 0.720668 0.009151 2
0.0 0.683423 0.373364 0.030825 0.246094 0.686572 0.268202 2 0.048470 -0.058504 0 0.676227 0.481032 2
0.0 0.665999 0.286582 0.030581 0.236537 0.672976 0.185395 2 0.048470 -0.058504 0 0.657902 0.391141 2
0.0 0.674639 0.755742 0.084753 0.108900 0.644013 0.743133 2 0.696268 0.753184 2 0.709612 0.788297 2
0.0 0.506287 0.832433 0.132320 0.068818 0.444951 0.849580 2 0.509722 0.831183 2 0.563319 0.808269 2
0.0 0.363251 0.744015 0.072304 0.179065 0.390037 0.808956 2 0.351695 0.753374 2 0.335102 0.691991 2
0.0 0.358679 0.557708 0.048753 0.198596 0.370855 0.637481 2 0.377061 0.547959 2 0.344465 0.479232 2
0.0 0.383192 0.559144 0.035589 0.182814 0.390467 0.638201 2 0.377061 0.547959 2 0.372544 0.494202 2
0.0 0.465110 0.657223 0.065715 0.228437 0.490940 0.586496 2 0.472919 0.657769 2 0.488208 0.751060 2
0.0 0.501172 0.667376 0.040150 0.207522 0.490940 0.586496 2 0.510984 0.685805 2 0.488208 0.751060 2
0.0 0.384664 0.097749 0.075176 0.195177 0.427483 -0.003875 2 0.495331 -0.065977 2 0.530327 -0.071657 2
0.0 0.431494 0.128343 0.091964 0.103058 0.396202 0.163778 2 0.399132 0.049042 2 0.405278 0.173736 2
0.0 0.371845 0.234400 0.075672 0.157041 0.396202 0.163778 2 0.439000 0.102397 2 0.405278 0.173736 2
0.0 0.335327 0.280478 0.076646 0.214374 0.340631 0.302413 2 0.380399 0.225352 2 0.405278 0.173736 2
0.0 0.324106 0.335358 0.076725 0.236643 0.302971 0.374032 2 0.335729 0.360025 2 0.370119 0.185783 2
0.0 0.352269 0.424547 0.116739 0.112247 0.289951 0.441764 2 0.346039 0.417619 2 0.357341 0.224878 2
0.0 0.377307 0.347472 0.041759 0.212940 0.364644 0.438556 2 0.346039 0.417619 2 0.405807 0.383660 2