0.0 0.633850 0.086110 0.073960 0.171300 0.603650 0.011110 2 0.644790 0.055560 2 0.667190 0.159260 2
0.0 0.706250 0.119440 0.105210 0.075930 0.752080 0.147220 2 0.696880 0.118520 2 0.667190 0.094440 2
0.0 0.681770 0.277780 0.043750 0.216670 0.664060 0.191670 2 0.690630 0.271300 2 0.686460 0.335190 2
0.0 0.640620 0.296300 0.111980 0.116670 0.591670 0.256480 2 0.657290 0.329630 2 0.686460 0.335190 2
0.0 0.479690 0.590740 0.089060 0.121300 0.444790 0.547220 2 0.486980 0.602780 2 0.517710 0.642590 2
0.0 0.433850 0.586110 0.084380 0.161110 0.444790 0.547220 2 0.429690 0.580560 2 0.469270 0.663890 2
0.0 0.382810 0.451850 0.069790 0.106480 0.410940 0.490740 2 0.360940 0.456480 2 0.353130 0.422220 2
0.0 0.420830 0.074070 0.118750 0.098150 0.369270 0.112960 2 0.430210 0.059260 2 0.472400 0.035190 2
0.0 0.353130 0.225000 0.050000 0.179630 0.362500 0.235190 2 0.340630 0.299070 2 0.375000 0.235190 2
0.0 0.389060 0.190740 0.065100 0.108330 0.362500 0.235190 2 0.384380 0.188890 2 0.375000 0.235190 2
0.0 0.342710 0.289810 0.069790 0.143520 0.313540 0.351850 2 0.340630 0.299070 2 0.347920 0.344440 2
0.0 0.298440 0.336110 0.055210 0.202780 0.277600 0.420370 2 0.317190 0.395370 2 0.309380 0.374070 2
0.0 0.297920 0.472220 0.052080 0.217590 0.295310 0.502780 2 0.283330 0.445370 2 0.309380 0.374070 2
0.0 0.319270 0.424070 0.061460 0.188890 0.295310 0.502780 2 0.336460 0.434260 2 0.347920 0.344440 2
0.0 0.334900 0.419440 0.082810 0.097220 0.368230 0.384260 2 0.360940 0.456480 2 0.353130 0.422220 2
0.0 0.381770 0.606480 0.041150 0.143520 0.395310 0.673150 2 0.376040 0.602780 2 0.368230 0.556480 2
0.0 0.379170 0.694440 0.071350 0.159260 0.406770 0.759260 2 0.375000 0.700000 2 0.351560 0.634260 2
0.0 0.591150 0.729630 0.150520 0.058330 0.522920 0.719440 2 0.595310 0.739810 2 0.660420 0.746300 2
0.0 0.429170 0.816670 0.116670 0.055560 0.376040 0.810190 2 0.428650 0.824070 2 0.480210 0.832410 2