0.0 0.331800 0.052696 0.081115 0.105393 0.360624 -0.053918 2 0.319147 -0.017036 2 0.298636 0.081295 2
0.0 0.257636 0.040891 0.111015 0.081782 0.210345 0.055267 2 0.266804 0.036236 2 0.296946 0.017493 2
0.0 0.287134 0.195569 0.050989 0.220574 0.302725 0.113718 2 0.277264 0.187661 2 0.283251 0.251244 2
0.0 0.330263 0.220671 0.119093 0.133539 0.379436 0.189600 2 0.313337 0.250643 2 0.283251 0.251244 2
0.0 0.504720 0.537362 0.095461 0.134268 0.539236 0.500303 2 0.496961 0.547945 2 0.466151 0.581998 2
0.0 0.552106 0.540460 0.091648 0.172672 0.539236 0.500303 2 0.555755 0.535641 2 0.516908 0.611053 2
0.0 0.601502 0.416832 0.075104 0.116463 0.572845 0.450363 2 0.623770 0.424991 2 0.630971 0.392573 2
0.0 0.552252 0.048428 0.125627 0.096855 0.606182 0.085474 2 0.541626 0.022441 2 0.497275 -0.008297 2
0.0 0.626348 0.198501 0.056501 0.185159 0.616385 0.206916 2 0.640715 0.273445 2 0.603430 0.204828 2
0.0 0.588218 0.158779 0.070291 0.117501 0.616385 0.206916 2 0.592502 0.157689 2 0.603430 0.204828 2
0.0 0.638836 0.264034 0.076069 0.152921 0.670166 0.329920 2 0.640715 0.273445 2 0.634343 0.316885 2
0.0 0.685923 0.317000 0.062504 0.208816 0.709199 0.403366 2 0.667518 0.372147 2 0.675057 0.352486 2
0.0 0.690010 0.451059 0.059646 0.222870 0.692993 0.481524 2 0.703912 0.427016 2 0.675057 0.352486 2
0.0 0.666629 0.400100 0.068619 0.196188 0.692993 0.481524 2 0.648561 0.407208 2 0.634343 0.316885 2
0.0 0.650310 0.392932 0.088356 0.109523 0.614332 0.352688 2 0.623770 0.424991 2 0.630971 0.392573 2
0.0 0.606611 0.569208 0.046388 0.148138 0.593798 0.632519 2 0.611935 0.566472 2 0.618822 0.522203 2
0.0 0.611599 0.656221 0.078096 0.168675 0.584166 0.715363 2 0.615547 0.662339 2 0.638126 0.601546 2
0.0 0.392828 0.655457 0.157514 0.082551 0.462755 0.656771 2 0.388264 0.664732 2 0.320955 0.660247 2
0.0 0.562967 0.768181 0.122361 0.074171 0.617342 0.770625 2 0.563180 0.775501 2 0.509963 0.775099 2