0.0 0.564162 0.070236 0.104949 0.123869 0.435376 -0.027269 2 0.500199 -0.035375 2 0.549560 -0.028374 2
0.0 0.704749 0.140741 0.080849 0.200609 0.523961 0.043529 2 0.578534 0.067880 2 0.613248 0.102406 2
0.0 0.475604 0.079261 0.075622 0.056487 0.737067 0.212645 2 0.705975 0.110123 2 0.670711 0.065634 2
0.0 0.333828 0.095565 0.104407 0.145443 0.447415 0.097848 2 0.480175 0.071461 2 0.502067 0.057490 2
0.0 0.346261 0.112212 0.114750 0.142052 0.295246 0.159245 2 0.343603 0.105127 2 0.369373 0.034866 2
0.0 0.402158 0.285000 0.118208 0.108249 0.306168 0.175373 2 0.343603 0.105127 2 0.388292 0.048425 2
0.0 0.436672 0.312844 0.075549 0.180985 0.448748 0.246283 2 0.390067 0.322800 2 0.355078 0.304305 2
0.0 0.419438 0.474532 0.045243 0.139906 0.455939 0.231292 2 0.422483 0.335135 2 0.417799 0.378996 2
0.0 0.316022 0.298547 0.081156 0.127568 0.405640 0.421111 2 0.428822 0.485004 2 0.435810 0.528868 2
0.0 0.320235 0.385861 0.040873 0.169495 0.290775 0.350103 2 0.312538 0.264744 2 0.312261 0.313543 2
0.0 0.328365 0.389143 0.113868 0.088832 0.329684 0.457662 2 0.317720 0.375379 2 0.312261 0.313543 2
0.0 0.369028 0.574465 0.110121 0.209336 0.279395 0.390371 2 0.317720 0.375379 2 0.367984 0.353618 2
0.0 0.424581 0.580129 0.108682 0.083696 0.339963 0.636091 2 0.368441 0.577859 2 0.416602 0.648132 2
0.0 0.321796 0.555254 0.053332 0.204311 0.471141 0.592671 2 0.417820 0.575609 2 0.379990 0.572001 2
0.0 0.527849 0.661199 0.088954 0.122023 0.339963 0.636091 2 0.312233 0.547136 2 0.306490 0.468547 2
0.0 0.585901 0.630190 0.046903 0.191680 0.558491 0.614153 2 0.527688 0.668694 2 0.502260 0.709471 2