0.0 0.605430 0.246828 0.148522 0.181553 0.666455 0.198549 2 0.560587 0.267860 2 0.534991 0.304820 2
0.0 0.555530 0.172133 0.146840 0.146990 0.618170 0.138657 2 0.539142 0.177721 2 0.491098 0.207575 2
0.0 0.611381 0.269907 0.105575 0.151811 0.593266 0.206218 2 0.602983 0.261449 2 0.650269 0.251429 2
0.0 0.557945 0.267211 0.139894 0.099052 0.511721 0.229454 2 0.560587 0.267860 2 0.608174 0.306757 2
0.0 0.672957 0.277013 0.082654 0.071496 0.696397 0.298771 2 0.668176 0.270229 2 0.650269 0.251429 2
0.0 0.776963 0.253674 0.127287 0.144330 0.804888 0.314177 2 0.753177 0.235033 2 0.766349 0.278304 2
0.0 0.789730 0.329673 0.110988 0.136067 0.805874 0.386481 2 0.784757 0.328454 2 0.766349 0.278304 2
0.0 0.765476 0.454244 0.137321 0.194455 0.730114 0.416748 2 0.721343 0.477051 2 0.703171 0.521436 2
0.0 0.785156 0.499111 0.106216 0.215988 0.794608 0.550274 2 0.785796 0.508073 2 0.739138 0.587109 2
0.0 0.758736 0.615939 0.093667 0.178768 0.794608 0.550274 2 0.743079 0.616104 2 0.721621 0.686102 2
0.0 0.719776 0.488677 0.054370 0.168414 0.730114 0.416748 2 0.721343 0.477051 2 0.703479 0.565555 2
0.0 0.741727 0.462030 0.040706 0.109577 0.750397 0.420919 2 0.736745 0.472821 2 0.733279 0.496790 2
0.0 0.673341 0.676661 0.094819 0.096530 0.634279 0.702311 2 0.686125 0.675794 2 0.695664 0.722177 2
0.0 0.641165 0.767258 0.138021 0.176134 0.586850 0.815594 2 0.646851 0.786270 2 0.695664 0.722177 2
0.0 0.496401 0.513147 0.083342 0.171964 0.525567 0.449045 2 0.488893 0.512915 2 0.460727 0.579668 2
0.0 0.397961 0.434553 0.118246 0.147090 0.344755 0.475949 2 0.391383 0.413725 2 0.439605 0.385515 2
0.0 0.309753 0.561847 0.138140 0.138456 0.268454 0.506075 2 0.318550 0.565606 2 0.346010 0.621194 2