0 0.52969 0.16944 0.10677 0.18889 0.48438 0.09630 2 0.56510 0.20648 2 0.58021 0.25648 2 
0 0.59115 0.09722 0.11354 0.14444 0.54115 0.04074 2 0.60417 0.10833 2 0.64115 0.15648 2 
0 0.51927 0.19444 0.07031 0.16389 0.54896 0.12593 2 0.52812 0.18704 2 0.48750 0.16204 2 
0 0.56823 0.20648 0.11823 0.08426 0.61771 0.17593 2 0.56510 0.20648 2 0.51354 0.23796 2 
0 0.46198 0.18519 0.06667 0.06667 0.43542 0.20370 2 0.46719 0.17870 2 0.48750 0.16204 2 
0 0.37292 0.12870 0.09427 0.14722 0.33385 0.19074 2 0.39792 0.11389 2 0.37656 0.16019 2 
0 0.34479 0.21296 0.07969 0.14167 0.31719 0.27407 2 0.34896 0.21296 2 0.37656 0.16019 2 
0 0.33958 0.36389 0.09219 0.20926 0.37917 0.33056 2 0.37396 0.40278 2 0.38073 0.45926 2 
0 0.31198 0.41019 0.05521 0.24722 0.29167 0.46667 2 0.30885 0.42037 2 0.33385 0.52500 2 
0 0.31042 0.55278 0.05156 0.20278 0.29167 0.46667 2 0.32396 0.55741 2 0.32812 0.64444 2 
0 0.37344 0.41667 0.01406 0.20185 0.37917 0.33056 2 0.37396 0.40278 2 0.37083 0.51019 2 
0 0.35938 0.37963 0.01458 0.12963 0.35990 0.32963 2 0.36094 0.39352 2 0.35885 0.42222 2 
0 0.37448 0.64722 0.07292 0.09537 0.40365 0.68796 2 0.36250 0.64259 2 0.34375 0.69352 2 
0 0.38385 0.76111 0.09740 0.18519 0.42188 0.83241 2 0.37396 0.78148 2 0.34375 0.69352 2 
0 0.57031 0.50833 0.04271 0.19722 0.55729 0.42593 2 0.57656 0.51019 2 0.58750 0.59537 2 
0 0.67656 0.44537 0.08438 0.15370 0.71510 0.50833 2 0.68646 0.42315 2 0.64896 0.37685 2 
0 0.72865 0.61759 0.10677 0.13611 0.77760 0.56481 2 0.71927 0.61944 2 0.68229 0.67593 2 
