0.0 0.318608 0.174500 0.120928 0.144926 0.266625 0.169624 2 0.321783 0.164209 2 0.368219 0.171666 2
0.0 0.479948 0.112149 0.118032 0.121578 0.529569 0.124499 2 0.466853 0.112183 2 0.518924 0.146690 2
0.0 0.430546 0.127610 0.124372 0.112329 0.476773 0.160730 2 0.409411 0.116251 2 0.372413 0.086844 2
0.0 0.407691 0.184351 0.118570 0.149604 0.364564 0.134399 2 0.426525 0.187079 2 0.455653 0.248861 2
0.0 0.523538 0.317209 0.087938 0.104687 0.556898 0.355079 2 0.510297 0.311460 2 0.485886 0.280930 2
0.0 0.450969 0.439517 0.137918 0.161017 0.508047 0.440135 2 0.435380 0.425742 2 0.388879 0.426783 2
0.0 0.117024 0.333636 0.046615 0.250892 0.120284 0.230389 2 0.112543 0.337799 2 0.110419 0.441880 2
0.0 0.443320 0.752904 0.138843 0.158963 0.503385 0.760971 2 0.446938 0.767532 2 0.379461 0.747663 2
0.0 0.534726 0.824847 0.113481 0.111965 0.486987 0.795900 2 0.543473 0.834917 2 0.581793 0.839493 2
0.0 0.660871 0.663919 0.071168 0.252385 0.684976 0.583412 2 0.641385 0.677258 2 0.635399 0.754393 2
0.0 0.663347 0.555300 0.053364 0.267861 0.673787 0.451544 2 0.655375 0.558357 2 0.654041 0.675233 2
0.0 0.631872 0.485492 0.091784 0.280134 0.664721 0.407294 2 0.655375 0.558357 2 0.615007 0.472860 2
0.0 0.580319 0.467422 0.092273 0.118504 0.541127 0.466289 2 0.591093 0.443576 2 0.615007 0.472860 2
0.0 0.578856 0.225525 0.144158 0.192396 0.631793 0.302470 2 0.569084 0.205691 2 0.582066 0.253205 2
0.0 0.620372 0.311699 0.099986 0.162021 0.654107 0.383005 2 0.600941 0.301346 2 0.582066 0.253205 2
0.0 0.599005 0.364573 0.083390 0.192919 0.572492 0.284565 2 0.602347 0.375247 2 0.620669 0.445833 2