0.0 0.694922 0.006091 0.149606 0.012181 0.601453 -0.078396 2 0.679759 -0.072178 2 0.723249 -0.063532 2
0.0 0.769421 0.022129 0.137758 0.044259 0.631408 -0.010898 2 0.718710 -0.016969 2 0.762288 -0.013190 2
0.0 0.835685 0.131112 0.069519 0.184970 0.824371 0.025465 2 0.772832 0.013555 2 0.707845 0.030306 2
0.0 0.929503 0.181821 0.110903 0.231015 0.828185 0.207790 2 0.848090 0.114141 2 0.834739 0.061944 2
0.0 0.692103 0.797226 0.139290 0.105068 0.909283 0.083595 2 0.944114 0.186363 2 0.949635 0.280113 2
0.0 0.424469 0.508342 0.117977 0.162926 0.635454 0.823126 2 0.691326 0.794303 2 0.750741 0.755898 2
0.0 0.414781 0.277070 0.064035 0.235785 0.391362 0.438800 2 0.422913 0.511236 2 0.454379 0.575883 2
0.0 0.436575 0.240964 0.062268 0.268469 0.415747 0.176810 2 0.415132 0.261528 2 0.411554 0.385100 2
0.0 0.489380 0.213969 0.116906 0.209120 0.447539 0.129437 2 0.436181 0.247810 2 0.431410 0.363526 2
0.0 0.508006 0.056863 0.127887 0.113726 0.478037 0.298271 2 0.507888 0.189449 2 0.520014 0.309778 2
0.0 0.528578 0.061907 0.098008 0.123814 0.452214 0.094568 2 0.546528 0.010866 2 0.567505 -0.035984 2
0.0 0.554774 0.074162 0.102113 0.148324 0.490696 0.106896 2 0.546528 0.010866 2 0.130211 -0.117698 0
0.0 0.590439 0.105217 0.069895 0.125264 0.599543 0.003353 2 0.580454 0.082423 2 0.575545 -0.007398 2
0.0 0.532435 0.259609 0.128138 0.121940 0.618897 0.052867 2 0.580454 0.082423 2 0.594019 0.166769 2
0.0 0.623798 0.214751 0.098262 0.140906 0.478037 0.298271 2 0.534724 0.254869 2 0.520014 0.309778 2
0.0 0.529558 0.356909 0.043017 0.191564 0.648824 0.272334 2 0.607594 0.200459 2 0.589681 0.220168 2
0.0 0.531509 0.612210 0.087263 0.079765 0.514592 0.430348 2 0.527269 0.356847 2 0.543283 0.279584 2