0.0 0.289060 0.120370 0.110940 0.150930 0.335419 0.054630 2 0.317189 0.137040 2 0.239059 0.188890 2
0.0 0.337500 0.160190 0.052080 0.154630 0.347399 0.229630 2 0.317189 0.137040 2 0.356249 0.091670 2
0.0 0.320830 0.262960 0.085420 0.089810 0.358329 0.284260 2 0.299479 0.281480 2 0.281769 0.237960 2
0.0 0.351040 0.486110 0.096350 0.126850 0.308849 0.535190 2 0.363019 0.481480 2 0.390099 0.442590 2
0.0 0.529170 0.692590 0.052080 0.112040 0.546359 0.650000 2 0.514579 0.712960 2 0.505209 0.741670 2
0.0 0.525000 0.652780 0.085420 0.113890 0.546359 0.650000 2 0.520309 0.662040 2 0.558859 0.705560 2
0.0 0.585420 0.577780 0.029690 0.198150 0.580209 0.662040 2 0.584899 0.562040 2 0.590629 0.491670 2
0.0 0.652600 0.514810 0.033330 0.228700 0.655729 0.612960 2 0.658849 0.484260 2 0.663019 0.410190 2
0.0 0.609900 0.301850 0.093750 0.163890 0.572399 0.252780 2 0.606249 0.332410 2 0.582289 0.372220 2
0.0 0.641150 0.151850 0.097400 0.162040 0.621879 0.213890 2 0.617709 0.133330 2 0.601039 0.176850 2
0.0 0.528130 0.027780 0.116670 0.043520 0.579169 0.037040 2 0.513539 0.021300 2 0.479169 0.015740 2
0.0 0.484380 0.078700 0.130210 0.052780 0.541149 0.078700 2 0.469789 0.081480 2 0.421879 0.060190 2
0.0 0.473440 0.120370 0.091670 0.063890 0.434379 0.106480 2 0.487499 0.111110 2 0.510419 0.142590 2
0.0 0.605210 0.325930 0.058850 0.167590 0.999479 0.000000 0 0.606249 0.332410 2 0.626039 0.395370 2
0.0 0.677080 0.318520 0.018750 0.209260 0.684379 0.215740 2 0.679689 0.341670 2 0.673959 0.414810 2
0.0 0.652080 0.275930 0.047920 0.249070 0.640629 0.247220 2 0.660419 0.317590 2 0.669789 0.388890 2
0.0 0.605730 0.147220 0.054170 0.141670 0.621879 0.213890 2 0.617709 0.133330 2 0.601039 0.176850 2
0.0 0.707810 0.450930 0.027600 0.227780 0.716149 0.350000 2 0.707809 0.472220 2 0.697399 0.557410 2
0.0 0.682810 0.464810 0.034900 0.162040 0.691669 0.530560 2 0.673959 0.459260 2 0.673959 0.414810 2
0.0 0.571350 0.137040 0.079170 0.085190 0.541149 0.101850 2 0.568229 0.132410 2 0.601039 0.176850 2