0.0 0.736371 0.155671 0.128582 0.140978 0.681911 0.099405 2 0.708215 0.172074 2 0.793878 0.214153 2
0.0 0.689725 0.193913 0.067888 0.141069 0.685211 0.256491 2 0.708215 0.172074 2 0.663642 0.133653 2
0.0 0.716241 0.284868 0.096632 0.084949 0.678787 0.305922 2 0.739553 0.300221 2 0.754005 0.260351 2
0.0 0.704967 0.485992 0.111291 0.118656 0.752630 0.527524 2 0.691642 0.482473 2 0.660072 0.449189 2
0.0 0.538831 0.680298 0.064062 0.102998 0.516694 0.643131 2 0.555300 0.697674 2 0.567594 0.722826 2
0.0 0.539578 0.644484 0.098795 0.106474 0.516694 0.643131 2 0.544784 0.652470 2 0.508726 0.693479 2
0.0 0.470197 0.580743 0.048584 0.178748 0.482680 0.655743 2 0.468834 0.566610 2 0.456571 0.504020 2
0.0 0.394888 0.528126 0.055102 0.206256 0.399972 0.615998 2 0.385175 0.501124 2 0.374197 0.435141 2
0.0 0.420027 0.335428 0.111923 0.151624 0.454011 0.289481 2 0.426069 0.362511 2 0.454487 0.396788 2
0.0 0.374152 0.203051 0.115541 0.150170 0.399216 0.257421 2 0.396303 0.185181 2 0.417496 0.223172 2
0.0 0.480185 0.085969 0.124873 0.045278 0.427610 0.097001 2 0.494242 0.079345 2 0.529377 0.072497 2
0.0 0.530119 0.129096 0.139743 0.054295 0.470772 0.132163 2 0.545008 0.130749 2 0.592768 0.109099 2
0.0 0.545205 0.165747 0.100783 0.062121 0.583967 0.151161 2 0.529308 0.158203 2 0.508373 0.187595 2
0.0 0.427053 0.356697 0.076071 0.153024 -0.011494 0.086860 0 0.426069 0.362511 2 0.411207 0.419872 2
0.0 0.351873 0.354001 0.038239 0.188081 0.334583 0.262490 2 0.350758 0.374802 2 0.363270 0.439869 2
0.0 0.373966 0.314563 0.072059 0.225262 0.382771 0.288239 2 0.368574 0.352224 2 0.365265 0.416471 2
0.0 0.410459 0.196977 0.068891 0.129599 0.399216 0.257421 2 0.396303 0.185181 2 0.417496 0.223172 2
0.0 0.331907 0.474041 0.049079 0.205120 0.313705 0.384241 2 0.333332 0.493037 2 0.351778 0.568619 2
0.0 0.359074 0.485082 0.050741 0.146754 0.355307 0.544305 2 0.367263 0.479602 2 0.363270 0.439869 2
0.0 0.445190 0.185998 0.089737 0.080477 0.472852 0.152857 2 0.447521 0.181654 2 0.417496 0.223172 2