0.0 0.317142 0.123738 0.127512 0.119858 0.358575 0.074673 2 0.304377 0.121563 2 0.275881 0.176306 2
0.0 0.364201 0.173534 0.100431 0.076441 0.328837 0.199079 2 0.378192 0.148825 2 0.399181 0.147949 2
0.0 0.378685 0.288951 0.124550 0.079209 0.431760 0.315268 2 0.364959 0.286817 2 0.319493 0.262835 2
0.0 0.348527 0.326799 0.100769 0.075571 0.381401 0.303095 2 0.350571 0.349000 2 0.309967 0.353374 2
0.0 0.302667 0.551842 0.054116 0.172296 0.286783 0.482856 2 0.300900 0.574192 2 0.322677 0.625053 2
0.0 0.341323 0.646617 0.045090 0.138445 0.348428 0.701619 2 0.334409 0.645085 2 0.337366 0.595881 2
0.0 0.550622 0.634304 0.062391 0.127711 0.532643 0.592192 2 0.548985 0.657555 2 0.570950 0.687868 2
0.0 0.622416 0.601860 0.086001 0.093452 0.644431 0.566995 2 0.627172 0.616806 2 0.601102 0.643774 2
0.0 0.687878 0.742813 0.111989 0.206436 0.676472 0.814666 2 0.692211 0.736359 2 0.711155 0.663277 2
0.0 0.689384 0.513386 0.055206 0.173227 0.707552 0.590240 2 0.687792 0.508962 2 0.915207 0.023774 0
0.0 0.703178 0.475324 0.053392 0.201344 0.715356 0.556892 2 0.704118 0.484183 2 0.714548 0.486427 2
0.0 0.696970 0.391687 0.051579 0.229462 0.681392 0.290572 2 0.704118 0.484183 2 0.714548 0.486427 2
0.0 0.632028 0.229295 0.089506 0.208133 0.666494 0.315291 2 0.624687 0.193872 2 0.626979 0.320507 2
0.0 0.528061 0.084590 0.118898 0.082493 0.581015 0.116261 2 0.512360 0.072716 2 0.481382 0.099003 2
0.0 0.470660 0.126255 0.126428 0.048448 0.525079 0.130202 2 0.447401 0.124518 2 0.415718 0.121378 2
0.0 0.485010 0.175633 0.055466 0.162666 0.507257 0.241609 2 0.475986 0.163490 2 0.481382 0.099003 2
0.0 0.594262 0.286198 0.126807 0.090750 0.548589 0.279152 2 0.654095 0.315809 2 0.544134 0.324862 2
0.0 0.643124 0.288622 0.078646 0.177726 0.666494 0.315291 2 0.654095 0.315809 2 0.674572 0.361355 2
0.0 0.591690 0.229186 0.086303 0.202718 0.555210 0.145012 2 0.569081 0.259559 2 0.626979 0.320507 2
0.0 0.592533 0.337144 0.097616 0.137992 0.548589 0.279152 2 0.596896 0.355682 2 0.630314 0.398018 2