0.0 0.713698 0.145104 0.128862 0.101605 0.655527 0.102213 2 0.732790 0.143250 2 0.771315 0.184435 2
0.0 0.811783 0.319722 0.074945 0.160316 0.782290 0.282003 2 0.818698 0.337260 2 0.844954 0.386402 2
0.0 0.751719 0.255760 0.067476 0.077632 0.782290 0.282003 2 0.745102 0.266312 2 0.727405 0.232086 2
0.0 0.464054 0.158359 0.123373 0.115658 0.494497 0.171411 2 0.471811 0.207557 2 0.514692 0.107144 2
0.0 0.549481 0.172110 0.128852 0.037420 0.494497 0.171411 2 0.542273 0.179150 2 0.606836 0.180662 2
0.0 0.501552 0.210099 0.108378 0.133179 0.494497 0.171411 2 0.471811 0.207557 2 0.458351 0.271797 2
0.0 0.441719 0.298267 0.066637 0.109280 0.465104 0.336845 2 0.457532 0.306977 2 0.436970 0.329914 2
0.0 0.447270 0.291209 0.139747 0.062959 0.385948 0.272072 2 0.457532 0.306977 2 0.392498 0.314252 2
0.0 0.357281 0.397071 0.050038 0.199792 0.367712 0.493733 2 0.358103 0.422543 2 0.338476 0.487690 2
0.0 0.378719 0.408424 0.037845 0.217324 0.367712 0.493733 2 0.382999 0.382884 2 0.392498 0.314252 2
0.0 0.421245 0.394188 0.042321 0.152282 0.407241 0.457533 2 0.416697 0.385387 2 0.436970 0.329914 2
0.0 0.498608 0.383343 0.091199 0.095309 0.465104 0.336845 2 0.481469 0.347334 2 0.461913 0.420392 2
0.0 0.522415 0.347203 0.083695 0.134852 0.539602 0.383164 2 0.543064 0.331269 2 0.509201 0.310295 2
0.0 0.624669 0.359123 0.122195 0.046188 0.571997 0.366336 2 0.652667 0.349324 2 0.681283 0.347449 2
0.0 0.710005 0.361439 0.103457 0.148117 0.666863 0.303543 2 0.718672 0.386881 2 0.681283 0.347449 2
0.0 0.576878 0.602008 0.031304 0.175981 0.567815 0.526394 2 0.584409 0.625697 2 0.586014 0.680203 2
0.0 0.420714 0.586769 0.053433 0.139133 0.403395 0.530532 2 0.415801 0.599955 2 0.444260 0.644691 2
0.0 0.386455 0.584259 0.023245 0.153083 0.391462 0.640494 2 0.388573 0.567521 2 0.379711 0.517430 2
0.0 0.368601 0.596644 0.046536 0.183949 0.383966 0.680970 2 0.388573 0.567521 2 0.379711 0.517430 2