0.0 0.718999 0.244711 0.106594 0.092914 0.767270 0.281931 2 0.704557 0.243010 2 0.676801 0.211216 2
0.0 0.565268 0.067015 0.145371 0.058482 0.503345 0.089542 2 0.574891 0.053657 2 0.515390 0.049679 2
0.0 0.442466 0.053431 0.158894 0.053932 0.380491 0.045713 2 0.440890 0.064802 2 0.515390 0.049679 2
0.0 0.323194 0.139085 0.111792 0.083549 0.277127 0.167089 2 0.328172 0.174012 2 0.372976 0.172497 2
0.0 0.322362 0.203384 0.152202 0.086882 0.344284 0.222975 2 0.289720 0.224603 2 0.372976 0.172497 2
0.0 0.304360 0.259395 0.093501 0.134298 0.344284 0.222975 2 0.289720 0.224603 2 0.271815 0.311817 2
0.0 0.390254 0.320712 0.145759 0.065094 0.455832 0.338802 2 0.409844 0.329927 2 0.455704 0.317054 2
0.0 0.414617 0.304332 0.042732 0.238442 0.413691 0.199401 2 0.409844 0.329927 2 0.413170 0.415923 2
0.0 0.555662 0.256226 0.124484 0.143182 0.504603 0.199204 2 0.563303 0.258025 2 0.610035 0.318896 2
0.0 0.583395 0.248310 0.072792 0.221835 0.563118 0.343127 2 0.563303 0.258025 2 0.603560 0.149739 2
0.0 0.459697 0.415330 0.034392 0.184533 0.455832 0.338802 2 0.462417 0.431375 2 0.473665 0.495522 2
0.0 0.426232 0.492336 0.058141 0.187656 0.413228 0.573817 2 0.423306 0.490490 2 0.444681 0.413637 2
0.0 0.344106 0.553882 0.072852 0.164248 0.375450 0.626299 2 0.344882 0.566173 2 0.313027 0.484314 2
0.0 0.336620 0.553977 0.048224 0.253622 0.342703 0.666412 2 0.344882 0.566173 2 0.338429 0.436716 2
0.0 0.293438 0.475099 0.065117 0.179251 0.279174 0.554707 2 0.286761 0.448723 2 0.312385 0.404900 2
0.0 0.288623 0.657643 0.078902 0.237960 0.322901 0.760267 2 0.279117 0.661547 2 0.257380 0.555932 2
0.0 0.568791 0.783638 0.029598 0.141985 0.569028 0.727858 2 0.571067 0.792121 2 0.564292 0.843262 2
0.0 0.717495 0.836596 0.049692 0.102587 0.704875 0.875523 2 0.717162 0.829990 2 0.728854 0.793910 2