0 0.57917 0.07593 0.12812 0.04630 0.63698 0.07870 2 0.56042 0.06204 2 0.56406 0.08426 2 
0 0.77656 0.30093 0.02396 0.19630 0.77396 0.21111 2 0.78177 0.30093 2 0.77656 0.39074 2 
0 0.57500 0.18056 0.04427 0.21667 0.59323 0.27963 2 0.56042 0.15926 2 0.56406 0.08426 2 
0 0.41510 0.08426 0.12969 0.09259 0.35469 0.12037 2 0.43385 0.07685 2 0.39010 0.12315 2 
0 0.48958 0.17500 0.11510 0.05556 0.43802 0.19444 2 0.49531 0.16481 2 0.54219 0.15741 2 
0 0.40625 0.16574 0.07396 0.13426 0.43958 0.10833 2 0.40365 0.16481 2 0.39010 0.12315 2 
0 0.35104 0.16852 0.08958 0.11204 0.35156 0.21574 2 0.36562 0.15463 2 0.34323 0.20556 2 
0 0.66719 0.50185 0.03698 0.22222 0.65729 0.40741 2 0.67135 0.50278 2 0.68073 0.59630 2 
0 0.48698 0.59537 0.09010 0.03889 0.45000 0.59630 2 0.48854 0.59074 2 0.52344 0.60278 2 
0 0.47500 0.28333 0.02500 0.18519 0.48333 0.20278 2 0.47083 0.28333 2 0.47604 0.36389 2 
0 0.31458 0.24907 0.07083 0.11204 0.28594 0.29352 2 0.31719 0.25000 2 0.33906 0.24259 2 
0 0.30573 0.31204 0.06979 0.21111 0.27604 0.40370 2 0.33125 0.31296 2 0.33385 0.39630 2 
0 0.33958 0.30463 0.02708 0.20463 0.35156 0.21574 2 0.33125 0.31296 2 0.33385 0.39630 2 
0 0.41198 0.60370 0.02187 0.20741 0.41771 0.69074 2 0.41042 0.59352 2 0.40885 0.51111 2 
0 0.47083 0.51852 0.10469 0.15463 0.42708 0.58611 2 0.47135 0.51019 2 0.51615 0.45463 2 
0 0.52552 0.63056 0.08802 0.10000 0.56406 0.59074 2 0.52604 0.62963 2 0.49115 0.66944 2 
0 0.39062 0.63981 0.03958 0.16667 0.40521 0.71296 2 0.39323 0.64722 2 0.37500 0.57407 2 
0 0.31979 0.65926 0.06458 0.18148 0.29427 0.58333 2 0.33229 0.69074 2 0.32396 0.61574 2 
0 0.34479 0.66481 0.05208 0.12963 0.36094 0.70833 2 0.33229 0.69074 2 0.32396 0.61574 2 
0 0.38073 0.82315 0.06563 0.13981 0.40417 0.87870 2 0.37240 0.80278 2 0.35729 0.77407 2 
