0.0 0.287652 0.016737 0.115949 0.033473
0.0 0.421685 0.022684 0.105007 0.045368
0.0 0.751627 0.500406 0.069222 0.196098
0.0 0.212121 0.350839 0.094833 0.208562
0.0 0.265398 0.361995 0.123945 0.216887
0.0 0.305259 0.175909 0.115949 0.157656
0.0 0.424131 0.048841 0.105007 0.054517
0.0 0.688136 0.418156 0.052897 0.252224
0.0 0.687853 0.629291 0.107813 0.199779
0.0 0.699193 0.682340 0.097662 0.230355
0.0 0.733909 0.402987 0.049486 0.216231
0.0 0.381218 0.246665 0.140959 0.190047
0.0 0.464308 0.145835 0.132775 0.114706
