0.0 0.224477 0.045742 0.070179 0.091484
0.0 0.316772 0.130281 0.109290 0.151501
0.0 0.521117 0.010096 0.103597 0.020192
0.0 0.373194 0.079885 0.104975 0.159770
0.0 0.315138 0.089982 0.106990 0.179965
0.0 0.313618 0.516931 0.070179 0.176920
0.0 0.407545 0.798378 0.092355 0.125888
0.0 0.349571 0.319367 0.109289 0.151501
0.0 0.569158 0.247102 0.103597 0.100102
0.0 0.643996 0.245599 0.083956 0.126254
0.0 0.382296 0.751216 0.066429 0.134395
0.0 0.422732 0.332100 0.104975 0.226524
0.0 0.680202 0.417780 0.067941 0.210482
0.0 0.361001 0.354342 0.106990 0.180060
