0.0 0.196674 0.068020 0.117590 0.136041
0.0 0.177470 0.025470 0.121220 0.050941
0.0 0.267421 0.056888 0.106905 0.113776
0.0 0.267525 0.071489 0.098242 0.100013
0.0 0.330629 0.006616 0.094428 0.013233
0.0 0.597510 0.502378 0.096594 0.192158
0.0 0.238341 0.203873 0.117590 0.168435
0.0 0.266167 0.285948 0.121220 0.177321
0.0 0.281242 0.103849 0.106905 0.120719
0.0 0.504972 0.613261 0.100327 0.185057
0.0 0.273301 0.092565 0.098242 0.100013
0.0 0.415487 0.042530 0.071531 0.084341
0.0 0.375184 0.091873 0.094428 0.167893
0.0 0.731381 0.947406 0.096594 0.105188
0.0 0.625229 0.979782 0.100327 0.040435
