0.0 0.228731 0.058693 0.140742 0.117386
0.0 0.231460 0.158436 0.095112 0.114317
0.0 0.414372 0.121741 0.140166 0.137393
0.0 0.517201 0.027384 0.103106 0.054769
0.0 0.515492 0.004582 0.073798 0.009164
0.0 0.483502 0.018143 0.077412 0.036286
0.0 0.600281 0.629148 0.102014 0.165850
0.0 0.296052 0.449486 0.140742 0.144680
0.0 0.629328 0.330587 0.085495 0.201761
0.0 0.639658 0.487359 0.064598 0.187294
0.0 0.263632 0.351715 0.095112 0.114317
0.0 0.428321 0.205544 0.140166 0.137393
0.0 0.526977 0.853729 0.102482 0.186191
0.0 0.553441 0.212542 0.103106 0.119892
0.0 0.580626 0.292633 0.073798 0.215668
0.0 0.544776 0.298881 0.077412 0.211030
