0.0 0.632373 0.028825 0.065997 0.057649
0.0 0.371558 0.100839 0.107229 0.057680
0.0 0.291624 0.001726 0.086293 0.003452
0.0 0.378021 0.001439 0.040305 0.002878
0.0 0.591520 0.003755 0.074642 0.007511
0.0 0.628270 0.300085 0.065997 0.157221
0.0 0.370836 0.157355 0.107229 0.057680
0.0 0.286278 0.334966 0.086293 0.173732
0.0 0.614117 0.566143 0.038370 0.188272
0.0 0.625145 0.471560 0.052409 0.190408
0.0 0.600591 0.380644 0.103514 0.095972
0.0 0.372786 0.334140 0.040305 0.156968
0.0 0.608891 0.664101 0.072235 0.097063
0.0 0.586876 0.319618 0.074642 0.102652
0.0 0.245967 0.708740 0.067099 0.133730
