0.0 0.826537 0.154763 0.102665 0.198653
0.0 0.530935 0.066807 0.121301 0.133614
0.0 0.867259 0.050977 0.096612 0.101954
0.0 0.819289 0.070749 0.126370 0.141499
0.0 0.789874 0.100702 0.098819 0.154690
0.0 0.748534 0.456936 0.102665 0.198653
0.0 0.517203 0.117497 0.121301 0.138622
0.0 0.389618 0.219568 0.126911 0.230098
0.0 0.672858 0.698847 0.081976 0.205685
0.0 0.705913 0.617592 0.096612 0.218792
0.0 0.701617 0.511677 0.126370 0.171335
0.0 0.478569 0.287219 0.076723 0.178071
0.0 0.644980 0.787903 0.095108 0.147580
0.0 0.701572 0.442772 0.098819 0.154690
0.0 0.262344 0.543258 0.098370 0.177652
0.0 0.134374 0.975087 0.098370 0.049827
