0.0 0.067459 0.064133 0.091705 0.128267
0.0 0.114195 0.027592 0.086852 0.055184
0.0 0.169405 0.101636 0.098013 0.133416
0.0 0.336063 0.108277 0.122239 0.142235
0.0 0.262466 0.152969 0.085051 0.112608
0.0 0.238004 0.151213 0.123273 0.146837
0.0 0.189116 0.565708 0.091705 0.208241
0.0 0.252665 0.782970 0.080098 0.216764
0.0 0.252394 0.563474 0.086852 0.213822
0.0 0.232990 0.384689 0.098013 0.133417
0.0 0.351227 0.175781 0.122239 0.142235
0.0 0.280560 0.233512 0.085051 0.112608
0.0 0.263508 0.264742 0.123273 0.146837
0.0 0.290224 0.723840 0.103008 0.157594
