0.0 0.818754 0.019021 0.073277 0.038042
0.0 0.751878 0.054121 0.105130 0.108242
0.0 0.635124 0.066328 0.118608 0.132655
0.0 0.594810 0.049752 0.111373 0.099504
0.0 0.779070 0.024978 0.077929 0.049957
0.0 0.576753 0.856894 0.101653 0.209021
0.0 0.222066 0.125508 0.080746 0.213940
0.0 0.694644 0.471844 0.073277 0.220961
0.0 0.161383 0.535465 0.120168 0.233390
0.0 0.675720 0.335781 0.105130 0.212905
0.0 0.646816 0.622211 0.075201 0.200984
0.0 0.611054 0.156192 0.118608 0.164041
0.0 0.568672 0.130930 0.111373 0.166407
0.0 0.668687 0.418090 0.077929 0.231895
0.0 0.057423 0.943179 0.114845 0.113642
