0.0 0.272891 0.144508 0.101428 0.181555
0.0 0.195216 0.036402 0.075045 0.072804
0.0 0.227821 0.067126 0.051192 0.134253
0.0 0.438326 0.052516 0.110564 0.105033
0.0 0.373806 0.534648 0.101428 0.181555
0.0 0.391100 0.742905 0.075045 0.174382
0.0 0.432389 0.836116 0.065896 0.130648
0.0 0.840124 0.486408 0.070955 0.175305
0.0 0.779025 0.270549 0.064968 0.173076
0.0 0.377707 0.646138 0.051192 0.135155
0.0 0.528573 0.383142 0.110564 0.141572
0.0 0.757475 0.771043 0.109999 0.142176
0.0 0.969658 0.959696 0.060683 0.080607
0.0 0.799450 0.931116 0.109999 0.137768
