0.0 0.638978 0.164802 0.101967 0.148072
0.0 0.657348 0.058530 0.105708 0.093240
0.0 0.740304 0.042674 0.054080 0.085347
0.0 0.721563 0.039882 0.055945 0.079765
0.0 0.516152 0.163620 0.114339 0.110502
0.0 0.378117 0.053548 0.090360 0.107096
0.0 0.617377 0.332361 0.101967 0.148072
0.0 0.607881 0.442248 0.105708 0.093240
0.0 0.664374 0.573296 0.054080 0.202098
0.0 0.653113 0.538169 0.055945 0.145127
0.0 0.506521 0.238332 0.114339 0.110502
0.0 0.290493 0.380501 0.084909 0.084078
0.0 0.248398 0.539710 0.050983 0.196713
0.0 0.271320 0.748313 0.069515 0.147907
0.0 0.348755 0.254599 0.090360 0.160524
0.0 0.981780 0.706212 0.036439 0.202098
0.0 0.990685 0.683309 0.018631 0.145127
