0.0 0.264891 0.210117 0.141803 0.181121
0.0 0.489853 0.000056 0.107975 0.000111
0.0 0.339578 0.144786 0.090474 0.154199
0.0 0.480093 0.013144 0.117459 0.026288
0.0 0.362913 0.102529 0.120542 0.132560
0.0 0.288929 0.305814 0.141803 0.181121
0.0 0.572989 0.221413 0.107975 0.219361
0.0 0.664160 0.329835 0.073448 0.205200
0.0 0.366146 0.250557 0.090474 0.154199
0.0 0.665311 0.429030 0.064693 0.176361
0.0 0.693625 0.528236 0.075091 0.169637
0.0 0.684056 0.718789 0.090174 0.162025
0.0 0.554915 0.215913 0.117459 0.216520
0.0 0.399421 0.247874 0.120542 0.132560
0.0 0.832245 0.997648 0.075091 0.004704
0.0 0.746047 0.942287 0.090174 0.115426
