0.0 0.711127 0.031799 0.125147 0.063597
0.0 0.521263 0.004167 0.121879 0.008334
0.0 0.228938 0.263731 0.053565 0.192788
0.0 0.580650 0.775632 0.063579 0.179429
0.0 0.458088 0.032464 0.129914 0.064927
0.0 0.741702 0.468391 0.065132 0.205171
0.0 0.690501 0.146443 0.125147 0.135313
0.0 0.296185 0.245527 0.065228 0.202263
0.0 0.508372 0.051199 0.121879 0.102398
0.0 0.279539 0.523141 0.064149 0.161980
0.0 0.619945 0.758606 0.129748 0.132882
0.0 0.544339 0.975431 0.063579 0.049138
0.0 0.211645 0.968776 0.064149 0.062448
