0.0 0.154963 0.045543 0.103255 0.091087
0.0 0.459897 0.035908 0.139406 0.071816
0.0 0.155276 0.025123 0.107632 0.050246
0.0 0.821761 0.441139 0.089352 0.251258
0.0 0.275259 0.464120 0.103255 0.226602
0.0 0.609531 0.126841 0.124025 0.253681
0.0 0.509824 0.127546 0.137940 0.185689
0.0 0.471718 0.059803 0.139406 0.119606
0.0 0.759306 0.813140 0.067111 0.183984
0.0 0.389339 0.793725 0.099100 0.174223
0.0 0.796253 0.784257 0.105762 0.215712
0.0 0.298750 0.501668 0.107632 0.257234
0.0 0.319401 0.600705 0.102381 0.266735
0.0 0.875060 0.997500 0.105762 0.005000
