0.0 0.646610 0.119448 0.097158 0.238897
0.0 0.338091 0.006617 0.122382 0.013233
0.0 0.691198 0.318809 0.053051 0.227444
0.0 0.335980 0.453881 0.088115 0.194996
0.0 0.294837 0.539108 0.059011 0.258392
0.0 0.697934 0.490990 0.056365 0.189288
0.0 0.603876 0.115478 0.083460 0.230957
0.0 0.304496 0.140000 0.101200 0.224677
0.0 0.310573 0.088142 0.073714 0.176285
0.0 0.561283 0.859343 0.084641 0.093919
0.0 0.288407 0.407994 0.043144 0.200831
0.0 0.978471 0.054633 0.043058 0.109266
0.0 0.992203 0.203328 0.015595 0.227444
0.0 0.575012 0.966261 0.084641 0.067477
