0.0 0.734620 0.059638 0.124161 0.119276
0.0 0.616314 0.052342 0.140089 0.104685
0.0 0.794633 0.014901 0.066053 0.029801
0.0 0.576320 0.021913 0.145113 0.043826
0.0 0.697353 0.225612 0.124161 0.175473
0.0 0.391654 0.055460 0.140674 0.110921
0.0 0.219846 0.195207 0.090642 0.235227
0.0 0.699626 0.457917 0.087617 0.182079
0.0 0.607609 0.088108 0.140089 0.123816
0.0 0.695674 0.584030 0.068263 0.188480
0.0 0.747160 0.498628 0.060538 0.178160
0.0 0.222691 0.290648 0.059322 0.181802
0.0 0.202234 0.283769 0.058230 0.171127
0.0 0.686963 0.542761 0.091134 0.180459
0.0 0.720234 0.347448 0.066053 0.139582
0.0 0.552246 0.099190 0.145113 0.140007
0.0 0.703551 0.369748 0.109653 0.149773
0.0 0.052550 0.974398 0.090642 0.051204
0.0 0.087630 0.951542 0.059322 0.096916
0.0 0.069078 0.945813 0.058230 0.108374
