0.0 0.260611 0.100776 0.124761 0.201551
0.0 0.461176 0.093739 0.146138 0.127787
0.0 0.439078 0.068368 0.154533 0.132906
0.0 0.316596 0.376987 0.124761 0.229418
0.0 0.307187 0.689698 0.072170 0.215347
0.0 0.730186 0.183036 0.119127 0.189982
0.0 0.472548 0.152674 0.146138 0.127787
0.0 0.417839 0.840098 0.125886 0.214771
0.0 0.463863 0.196818 0.154533 0.132906
0.0 0.341174 0.697261 0.062495 0.175446
0.0 0.855482 0.498471 0.055220 0.171010
0.0 0.684513 0.353186 0.066037 0.214273
0.0 0.958995 0.974716 0.055220 0.050569
