0.0 0.681397 0.057202 0.107210 0.114405
0.0 0.682470 0.035679 0.113528 0.071358
0.0 0.512768 0.063922 0.123553 0.084268
0.0 0.357126 0.001711 0.085923 0.003422
0.0 0.590679 0.071438 0.091642 0.057130
0.0 0.674344 0.030962 0.110367 0.061924
0.0 0.664550 0.302696 0.107210 0.127658
0.0 0.301274 0.270659 0.086526 0.113468
0.0 0.680114 0.590027 0.043410 0.184446
0.0 0.660508 0.477087 0.114314 0.160135
0.0 0.661474 0.333521 0.113528 0.104060
0.0 0.502373 0.219484 0.123553 0.084268
0.0 0.660915 0.455801 0.108393 0.115820
0.0 0.335720 0.267831 0.085923 0.111830
0.0 0.579106 0.244628 0.091642 0.057130
0.0 0.650583 0.352203 0.110367 0.130591
