0.0 0.215069 0.078429 0.138043 0.156858
0.0 0.405874 0.038308 0.136994 0.076615
0.0 0.325027 0.032123 0.122745 0.064245
0.0 0.307608 0.063878 0.112964 0.127757
0.0 0.248808 0.054100 0.137838 0.108199
0.0 0.263908 0.265616 0.138043 0.187515
0.0 0.420383 0.068388 0.136994 0.136776
0.0 0.371415 0.177657 0.122744 0.157873
0.0 0.280210 0.798877 0.097630 0.218956
0.0 0.771334 0.370878 0.068871 0.193578
0.0 0.329474 0.149438 0.112964 0.137970
0.0 0.368895 0.827579 0.103499 0.215130
0.0 0.595603 0.205896 0.143502 0.221414
0.0 0.717544 0.632559 0.081133 0.218139
0.0 0.309499 0.259957 0.137838 0.199808
0.0 0.358587 0.470308 0.089160 0.266444
0.0 0.819719 0.973580 0.081133 0.052839
