0.0 0.598530 0.063915 0.140796 0.127831
0.0 0.677411 0.000673 0.080987 0.001345
0.0 0.483626 0.120793 0.113756 0.094359
0.0 0.457108 0.065407 0.104159 0.130815
0.0 0.531926 0.083896 0.128612 0.124806
0.0 0.706188 0.624964 0.100283 0.233512
0.0 0.612364 0.173950 0.140796 0.137706
0.0 0.713512 0.232247 0.080987 0.138255
0.0 0.714995 0.308269 0.072510 0.202661
0.0 0.756928 0.317851 0.073275 0.157865
0.0 0.493291 0.201115 0.113756 0.094359
0.0 0.289902 0.873038 0.084368 0.198905
0.0 0.369743 0.858733 0.076632 0.199720
0.0 0.483450 0.277327 0.104159 0.144813
0.0 0.545855 0.199655 0.128612 0.124806
0.0 0.745768 0.502856 0.068589 0.179378
